	SG1-2014-09-1	SG1-2014-09-2	SG1-2014-09-3	SG1-2014-09-4	SG1-2014-09-5	SG1-2015-06-1	SG1-2015-06-2	SG1-2015-06-3	SG1-2015-06-4	SG1-2015-06-5	SG1-2016-02-1	SG1-2016-02-2	SG1-2016-02-3	SG1-2016-02-4	SG1-2016-02-5	SG1-2017-02-1	SG1-2017-02-2	SG1-2017-02-3	SG1-2017-02-4	SG1-2017-02-5
<<<<<<< HEAD
Amino acid metabolism;Alanine,	1.32999664759	1.06652057126	1.40007336453	1.46617973358	1.21885181592	0.861268345362	2.11653231983	1.84620200387	1.57089127164	1.71583377038	2.04174015187	1.84781871777	2.10159677368	1.63363866066	1.97601361344	1.13142902847	1.11322729371	1.14230558553	1.26923265399	1.36536337564
Amino acid metabolism;Arginine	1.72171807627	1.39651402232	1.78736656308	1.90593886828	1.61701221331	1.36257589712	2.64822513583	2.32603677747	1.98912343671	2.21491533429	2.7063012093	2.46703707303	2.74164794485	2.27764779175	2.67164810186	1.74210082585	1.66441409731	1.72389687886	2.07314736765	1.89938424044
Amino acid metabolism;Cysteine	1.21196250934	1.07205089889	1.35096244372	1.44283778061	1.12912978639	0.798695330368	2.1174755626	1.92277709908	1.59684651567	1.74996610724	2.35815419449	2.20321791541	2.48752959949	1.87558257626	2.30899022828	1.24992684775	1.14343065565	1.30051737074	1.49589398001	1.43251158273
Amino acid metabolism;Glycine,	1.31002313874	1.19312462838	1.4920640375	1.5806145749	1.21017665276	0.861724517793	2.15468717139	2.0121044663	1.70112882017	1.88182358659	2.55097307689	2.4115449181	2.5762494903	2.03508082653	2.41397212346	1.42661395767	1.42953631606	1.36945209218	1.68083341298	1.60650189655
Amino acid metabolism;Histidine	0.79142810032	0.605322467373	0.80366770057	0.881452527522	0.685620565401	0.614775669072	1.21091761133	1.06729851353	0.947503607924	1.01915803802	1.3298660874	1.37667318098	1.3584936286	1.12953288707	1.32011657844	0.904574867553	0.901377558628	0.905390319939	0.989094660238	0.89091359648
Amino acid metabolism;Lysine	1.61511988228	1.45718795864	1.76523257489	1.83182101913	1.55750259655	1.1781181795	2.24208021687	2.19630385516	1.83525370944	1.95161817491	2.96513220659	2.75161230378	2.96086963768	2.33516965217	2.72907453487	1.57324267783	1.57862453222	1.6236779765	1.84938463725	1.83844328073
Amino acid metabolism;Phenylalanine	0.603762648409	0.558586506855	0.659581603834	0.644429833092	0.569307721277	0.414036612966	0.669869718899	0.674861088995	0.620776185704	0.622077929615	0.851397463232	0.815999087206	0.877247723987	0.696066338923	0.82528353226	0.533247615312	0.5235023485	0.545082732126	0.64699356436	0.5745115651
Amino acid metabolism;Phenylalanine,	1.05825870744	0.939119632776	1.24686440247	1.35356540548	0.961437980274	0.654479869917	1.97558422263	1.7317576688	1.41987559526	1.61003788725	2.20701376146	2.00714708382	2.21531323434	1.70182952808	2.11053803942	1.06875611922	1.06595171861	1.08627641972	1.31051360354	1.20984782974
Amino acid metabolism;Tryptophan	0.82116435732	0.720221771661	0.835087461074	0.861399019955	0.764845193941	0.713681159094	1.02145796927	1.02229818486	0.911108378197	0.935044540803	1.38540314216	1.30500968653	1.34330048707	1.06470229718	1.29339792235	0.865985499366	0.88824641025	0.8453339027	0.948373628234	0.887935196176
Amino acid metabolism;Tyrosine	0.449944376551	0.387450206895	0.465477688203	0.467121808749	0.422846737891	0.383033375491	0.532374119329	0.469794152611	0.450295807289	0.458925936186	0.519889970027	0.51944744758	0.530004459438	0.482796966617	0.49821042902	0.393399819385	0.373943594811	0.350190412963	0.404448691263	0.376601735941
Amino acid metabolism;Valine,	2.23456370325	2.01896868256	2.32567046589	2.44566810748	2.14660689723	1.83269041339	2.89198541221	2.85457733976	2.43578764221	2.63843084867	4.08902885988	3.65135427511	3.95531978844	3.09203217521	3.62955375491	2.11911501891	2.35970437976	2.20580658813	2.45383366439	2.50150914624
Biosynthesis of other secondary metabolites;Acarbose	0.289090427439	0.281004583948	0.363951090666	0.333102118297	0.294268113001	0.183560586312	0.359968220039	0.376815904941	0.334435609847	0.341866222777	0.479766750074	0.414238038609	0.471551513744	0.362751036511	0.45601875709	0.250400169961	0.246276313936	0.309344274735	0.328378751437	0.343604464767
Biosynthesis of other secondary metabolites;Carbapenem	0.119829756484	0.102376406444	0.143015175956	0.174263029539	0.126778058761	0.0635754917591	0.269564281248	0.229295552792	0.179604532079	0.202845803296	0.298469293311	0.254225460135	0.315269423507	0.226787032539	0.30366701701	0.149986403274	0.141690978705	0.130905408798	0.161278149332	0.182777416182
Biosynthesis of other secondary metabolites;Glucosinolate	0.0489030060012	0.0335503826484	0.0563873376234	0.06277290616	0.0345439887346	0.0280880697239	0.0888276198273	0.0763309695348	0.0580490659867	0.0758810830693	0.0781487039641	0.0824193873184	0.0842305552578	0.0705107824956	0.0775937153159	0.0539613325144	0.0533108806574	0.0474874107067	0.0560173095606	0.057315268119
Biosynthesis of other secondary metabolites;Isoquinoline	0.0607257625583	0.0521430068959	0.0616370823041	0.06241541521	0.0545685519772	0.0588017828992	0.089144931278	0.0753098237341	0.0644670437618	0.0742305362217	0.0613179084198	0.0633700408554	0.0629826763234	0.0736206919591	0.0578008554814	0.0603561048311	0.0443712187317	0.0617831157925	0.0696202078292	0.0421914029054
Biosynthesis of other secondary metabolites;Monobactam	0.453862329799	0.428560104947	0.53569187509	0.543054670307	0.446117494692	0.345006663965	0.656525132666	0.673609126095	0.555777509996	0.604174768098	0.951404496225	0.828196530993	0.872967383881	0.68947725655	0.803480245413	0.423320173626	0.397355359482	0.447296207492	0.516081966779	0.521825668898
Biosynthesis of other secondary metabolites;Neomycin,	0.0755809942963	0.0360310176178	0.0705515454359	0.0880079701819	0.0557468437908	0.0384506315777	0.198563492331	0.142131056694	0.116783687441	0.149529508771	0.0947246357205	0.0889934860816	0.0999085492345	0.0628018103096	0.119162850327	0.0543745671319	0.0654060221503	0.0331479561723	0.0684810104054	0.0470531404326
Biosynthesis of other secondary metabolites;Novobiocin	0.155369688423	0.123677490928	0.151026520737	0.175786252825	0.130774277159	0.0941685704906	0.237554803133	0.216753959323	0.176239671866	0.19862488156	0.2631904356	0.270742735577	0.242366538884	0.244350668189	0.224053251808	0.161990076176	0.132807328048	0.166462933893	0.188292877659	0.135471728555
Biosynthesis of other secondary metabolites;Phenazine	0.150542877378	0.17335916759	0.177625023887	0.198683182515	0.153987841202	0.144933925835	0.262108524714	0.238060040532	0.193317918443	0.217587870082	0.341294286643	0.288426852421	0.322495995138	0.243829921657	0.311092362636	0.143920119846	0.146125977908	0.139139439257	0.196975149136	0.183289802241
Biosynthesis of other secondary metabolites;Phenylpropanoid	0.208397782687	0.149911966551	0.175113777025	0.193703107599	0.172931461707	0.134810191641	0.288790994647	0.234309208019	0.233777042549	0.229287470176	0.329689206438	0.227016616904	0.252573062989	0.158872908798	0.270367988078	0.149486386815	0.133423888757	0.131311706513	0.176251550843	0.143541282907
Biosynthesis of other secondary metabolites;Prodigiosin	0.394840658115	0.342716996773	0.450906955119	0.455353954593	0.364024259736	0.21689335894	0.544102612634	0.545939574516	0.433600755616	0.477929466651	0.730245116283	0.685234645139	0.785436458042	0.646060399595	0.759329008478	0.459303559953	0.392963747995	0.496662302955	0.573490854752	0.528916893653
Biosynthesis of other secondary metabolites;Streptomycin	0.538204266333	0.460997155522	0.592567550537	0.596685809655	0.504312684589	0.320902133729	0.930592759431	0.824559394643	0.716116636204	0.777383355087	0.802843548491	0.77111393885	0.835408150513	0.641237708012	0.814666188894	0.48724605124	0.475490091755	0.476858920608	0.596667731486	0.532011942489
Biosynthesis of other secondary metabolites;Tropane,	0.133320265678	0.11066470301	0.144614317084	0.165578695349	0.118019691476	0.0915296516738	0.219092257417	0.189407741196	0.154271434607	0.176957894186	0.250389258469	0.247976451561	0.223147280296	0.222261096498	0.21018779824	0.149248122648	0.125012497859	0.142810759104	0.169107997571	0.121805306821
Carbohydrate metabolism;Amino	1.48972938466	1.36617358432	1.86627486568	1.93223264426	1.42347218666	0.916998752708	2.84446363136	2.54999647245	2.07767750114	2.306223794	2.89809583112	2.6883904177	2.95729080884	2.34960505658	2.93680576249	1.61889103477	1.58836523304	1.64118043054	1.99376279853	1.91649526088
Carbohydrate metabolism;Ascorbate	0.491918497143	0.385227930402	0.481151190901	0.506652466474	0.464056753573	0.450579787469	0.602641893736	0.571156770599	0.522968584352	0.54637084112	0.696778978358	0.645805467173	0.686724252449	0.590076328519	0.665934410714	0.462551193218	0.552333239983	0.458825155733	0.502407246584	0.544715673814
Carbohydrate metabolism;Butanoate	1.28517946229	1.32305691802	1.67582579442	1.75795421934	1.32960064303	0.942533109221	1.78968673398	1.90959496574	1.53360403526	1.61881909082	2.56395418887	2.37205887072	2.54797882655	2.01931697092	2.37625858706	1.36890084688	1.30511060545	1.41918498888	1.5324078193	1.6061845175
Carbohydrate metabolism;C5-Branched	0.467601150025	0.410575346349	0.545990262072	0.600787226671	0.44247615208	0.339067209514	0.774388032139	0.754855088015	0.592951168405	0.667222125921	0.982425517925	0.957547232907	1.01466193469	0.798803305181	0.950416881563	0.530132403386	0.599344389997	0.531395020938	0.569343205528	0.616925786352
Carbohydrate metabolism;Citrate	1.59713719177	1.67963008669	2.17611172073	2.24889096715	1.63634187647	1.05496817367	2.38855727229	2.57602824476	2.02645684117	2.15071484274	3.75942732846	3.33867879444	3.6563998097	2.87545820086	3.33463331931	1.75034990009	1.75850615685	1.88544044336	2.14953303566	2.26902573081
Carbohydrate metabolism;Fructose	0.687987543983	0.691119378161	0.851641688324	0.886252094411	0.702560825032	0.477280181956	1.20259479769	1.12560866475	0.911849702009	1.03125808457	1.48776556727	1.39992540268	1.56597903367	1.15244432777	1.4559326776	0.730059922828	0.729625286354	0.815411960424	0.907382944627	0.941016603653
Carbohydrate metabolism;Galactose	0.675662276518	0.579001178723	0.627643951576	0.647007790117	0.606632391536	0.405841477311	0.985572406165	0.91152585679	0.788822875055	0.858162886155	0.988509998197	0.924832792489	0.989145094598	0.761936253966	0.966398319948	0.641967970779	0.65029058059	0.607251052572	0.815516359448	0.686253625719
Carbohydrate metabolism;Glycolysis	2.15715383158	1.98961030735	2.63186302848	2.65659816753	2.08399208024	1.62361657488	3.06658793171	2.92339769967	2.52388541319	2.77653938691	3.72185309297	3.43810786127	3.78529219367	2.92713778372	3.47585170358	2.1485931686	2.21693827964	2.20562089462	2.45208097956	2.58950369571
Carbohydrate metabolism;Glyoxylate	1.40163588159	1.16993167108	1.42818452938	1.48690423551	1.24882837932	0.912572972622	2.11825634651	1.95576198217	1.65554459898	1.77566999343	2.52939812755	2.25920294353	2.40898717686	1.96068312773	2.188951195	1.39417573977	1.37098608244	1.30582614221	1.65452699066	1.49583311199
Carbohydrate metabolism;Inositol	0.237170748235	0.26599216634	0.231799670034	0.238107993018	0.244138257076	0.174640050192	0.3877187479	0.362182090655	0.300847910493	0.3272693921	0.286183420103	0.340104015578	0.353924519035	0.254470207712	0.297982594202	0.215477309607	0.207726545482	0.205396400199	0.221478645858	0.189512477725
Carbohydrate metabolism;Pentose	1.63652692738	1.65500435116	1.86699797408	1.94745745932	1.61830328762	1.10607832814	2.66883340263	2.55584036763	2.09869269158	2.27599006067	3.6393221554	3.11712382499	3.67554222069	2.66521529966	3.17184700587	1.63827904061	1.56594308144	1.71244968469	2.07319586295	2.15689913261
Carbohydrate metabolism;Propanoate	1.58849481906	1.50965824733	1.82266059277	1.78226773636	1.52310058756	1.17580895696	2.07862442036	2.08358444474	1.77532459314	1.8894889604	2.69174768924	2.32958888296	2.61683567231	2.04043334752	2.36001370712	1.34917574253	1.42435008625	1.45638381945	1.60951744435	1.73475191139
Carbohydrate metabolism;Pyruvate	2.40442632189	2.26059810959	2.95143803758	3.00102921059	2.36163599639	1.79596765273	3.3543028708	3.31289609637	2.80945603851	3.05946282823	4.51247541473	3.98517259947	4.43507793387	3.44562909684	4.09223026167	2.4228495155	2.48640516529	2.54808169798	2.80874894421	2.96878925027
Carbohydrate metabolism;Starch	1.39831032513	1.39107062823	1.63203512053	1.68786464425	1.41967030064	0.897278321856	2.26652255953	2.14699995987	1.83399387955	1.98865514847	2.97347472896	2.46669125439	2.9152896157	2.10501758631	2.72487317936	1.43191801483	1.39865043953	1.42777733659	1.81832490529	1.80943671119
Cell growth and death;Cell	0.621830038095	0.594696053688	0.775405996504	0.810262920202	0.596150911926	0.370847119202	1.1098029766	1.07464190465	0.865599807351	0.95423566749	1.46353933471	1.40313230843	1.62221031265	1.1387456328	1.37250701437	0.729978298467	0.708446395165	0.807653862639	0.931964585241	0.909901706611
Cell growth and death;Ferroptosis	0.244529047416	0.292615923949	0.335027238265	0.335174734832	0.259811595877	0.203734954558	0.274538848546	0.297410166534	0.29070925848	0.301884943515	0.40908152618	0.381549908375	0.383892192811	0.316231113113	0.365039332932	0.252686581183	0.29597814102	0.260150593767	0.324869052002	0.29240937871
Cell growth and death;Necroptosis	0.103584301532	0.0490925576936	0.0906702895896	0.106779676647	0.0654847917266	0.0372317317703	0.201666575377	0.161967928167	0.133693344496	0.142525177039	0.148982407816	0.14856665268	0.14409659438	0.139800594099	0.136979286135	0.0931046918398	0.0797042616669	0.066622098965	0.0945509193718	0.0889585159186
Cell motility;Bacterial	0.176720165601	0.185717068582	0.243831136202	0.25902529051	0.185425594502	0.115443661675	0.246597663056	0.249983393919	0.219719027443	0.238635125045	0.280956970368	0.328722349051	0.320031030373	0.21686070063	0.284384825871	0.212795468884	0.203305861666	0.248012108538	0.187795079128	0.19467143352
Cell motility;Flagellar	0.0908508371388	0.0803207902544	0.122136013387	0.140289479265	0.075223580092	0.0351045655978	0.110303984296	0.133851651923	0.143587620038	0.138758293054	0.202022978015	0.215093507172	0.196937039702	0.148137539877	0.172047946519	0.0817014857478	0.13703050577	0.0749318019815	0.0854885233116	0.109165014722
Cellular community - prokaryotes;Biofilm	0.896620295386	0.658915286421	1.01819590291	1.13032530199	0.760572776297	0.498391559611	1.79889522211	1.53018862236	1.28061511016	1.41136182663	1.42796681952	1.41493866636	1.58264408371	1.39472386384	1.58196050033	0.922013889429	0.849665297292	0.869050347798	1.11969470594	0.93967604666
Cellular community - prokaryotes;Quorum	5.10874111925	5.21077326989	5.94485788421	5.79627390547	5.20767271595	4.57351259436	5.31050834248	5.41118718495	5.22458748682	5.25304832374	5.52975837993	5.56065761458	5.31746274647	5.46881002801	5.28077268762	5.3975833376	4.95187876216	5.67960969597	5.96408611027	5.76499608733
Energy metabolism;Carbon	2.78712913654	2.65102338828	3.35281928917	3.46908149204	2.68113706296	1.96060562149	4.53303242665	4.2906858001	3.52625854164	3.87326995803	5.70552339604	4.97746212999	5.66501676321	4.19572132681	5.16798803186	2.74291053281	2.70447636994	2.85804541063	3.34321908335	3.34956318514
Energy metabolism;Methane	1.25910016107	1.15514342085	1.52911440235	1.56365717072	1.19744316008	0.892505053242	2.00401156077	1.80680837222	1.59272386518	1.7322732793	2.40453402708	2.13826109198	2.45358536628	1.785351899	2.17692569128	1.24905568142	1.21377574042	1.3348454413	1.53625720917	1.55123468079
Energy metabolism;Nitrogen	0.164057282619	0.108147630538	0.15593519982	0.175722164303	0.130663270297	0.121428294647	0.295329034447	0.23832907539	0.203778430913	0.219290325423	0.286221078009	0.250811067754	0.256858926603	0.24934083048	0.239818224088	0.179510500694	0.128997950659	0.149240295842	0.214274574759	0.15880208356
Energy metabolism;Oxidative	1.5905590176	1.42886820328	1.8768046932	2.04283818993	1.49263264432	0.984664711704	3.13257205362	2.7639464649	2.20416728337	2.42517074643	3.38637098608	2.88701304894	3.33158014139	2.54695794547	3.14054879416	1.61269553708	1.54020997322	1.56775931299	2.02334353098	1.84205233623
Energy metabolism;Photosynthesis	1.1385258208	0.592047179466	1.21023424253	1.4668011126	0.809467402119	0.599968813769	3.59421898524	2.41049325752	1.99234793485	2.35465027963	2.31398261125	1.62174580562	2.15198210384	1.44510974187	2.18354054876	1.19594618222	1.17433188066	0.780135069359	1.54381639717	1.07280159481
Energy metabolism;Sulfur	0.540311631283	0.457102720567	0.547286920076	0.593842829842	0.458364890458	0.345144147383	0.915486151802	0.797523287266	0.679435731728	0.745750860482	0.864493686074	0.816075000139	0.942153975175	0.771457572299	0.871796076492	0.488216478843	0.449043474803	0.472322523043	0.592329289211	0.569617021339
Folding, sorting and degradation;Protein	0.857551784478	0.813152019553	1.10415696501	1.17388440268	0.798639179614	0.523250732673	1.62255423067	1.46663783395	1.21635291579	1.34205283081	1.98621210985	1.75442345608	1.95366792599	1.46752489893	1.74330016868	0.964234477128	0.907267783714	1.00405299043	1.26210260274	1.11548909747
Folding, sorting and degradation;RNA	0.959178317459	0.879500606669	1.16062938392	1.22594188227	0.909826399181	0.5239664507	1.73588334667	1.62483773692	1.31378708018	1.46178028026	2.22322775055	2.04780795897	2.2642984817	1.72466387083	2.07504242419	1.04839835576	1.01283190708	1.16447185574	1.29320961814	1.27897905015
Folding, sorting and degradation;Sulfur	0.437505886992	0.355138359062	0.542277262218	0.586861722884	0.39089275683	0.260518228067	0.806816071627	0.726188408123	0.614065650588	0.676735687396	0.931229839934	0.843027236185	0.923830353564	0.717048955846	0.904294065387	0.507627273848	0.443397367608	0.519231118636	0.605280281529	0.550864238476
Global and overview maps;2-Oxocarboxylic	1.52694007736	1.26655941317	1.64800609531	1.75218568179	1.43260372601	1.12987967791	2.36483084706	2.1584907113	1.79405655177	2.02082184035	2.93737325983	2.6703645566	2.88377092917	2.27928420698	2.75440447095	1.52858307028	1.49836255604	1.56487257228	1.82286810222	1.7456795901
Global and overview maps;Biosynthesis	28.2379106621	24.7100881062	32.3158836413	34.2361537164	26.0442591228	18.7415132152	47.90293469	43.3805945763	36.1682229139	39.9100406825	54.6800632423	50.0692010325	55.3259125566	41.8270848362	52.0827075115	28.4940861065	27.5860492077	28.5539818312	34.4840446889	32.815400289
Global and overview maps;Carbon	5.45376353506	5.15021875332	6.34977960068	6.54553299198	5.23913714966	3.86221675794	8.29335356516	7.9622370383	6.65211856953	7.20836257657	10.4683622268	9.26481380622	10.3710373707	7.86423631186	9.37933181376	5.26035734082	5.19230196815	5.45915422517	6.43532418271	6.43780806358
Global and overview maps;Degradation	0.180147890964	0.21808041514	0.197026222397	0.208209256277	0.180772733306	0.225094200332	0.223714851476	0.218288675031	0.217634020801	0.225141501376	0.26210509047	0.246036773939	0.259270925609	0.210546020489	0.246901004122	0.225168449897	0.228458789981	0.187045712842	0.225167324073	0.195307609813
Global and overview maps;Fatty	1.48321500764	1.39429334831	1.70961104373	1.72671595898	1.39465912448	0.983785002996	2.11515312005	2.06939152163	1.72449000382	1.86332192628	2.67260001659	2.40962875664	2.72731230099	2.09514295229	2.52455401463	1.47334628847	1.40829269567	1.58740349958	1.81531294751	1.71332774818
Global and overview maps;Metabolic	26.8945289399	23.4068651611	30.7670336818	32.8822423585	24.7693727628	17.4823696385	47.8812952325	42.4555446246	35.4610375599	39.1172597559	53.0638071055	47.6980784505	53.4802246106	40.2525872411	50.2273928133	27.952174147	26.7624694054	27.3643732326	33.9391163902	31.7373009682
Global and overview maps;Microbial	8.76132229119	7.78627388449	9.79619004297	10.1889093466	8.1989451328	6.20792933889	13.458163749	12.4111996227	10.5625270931	11.4463905621	15.3739576317	14.1040416451	15.6726771562	12.0143431806	14.3607600414	8.44604119341	8.22998922643	8.37016967266	10.0813116324	9.82242126592
Glycan biosynthesis and metabolism;Lipopolysaccharide	0.122084147225	0.0961034939315	0.118987448764	0.136470601696	0.0919925239796	0.0548777966119	0.196862599919	0.2047557127	0.154487496207	0.158480004662	0.280301188025	0.322946225586	0.287810912614	0.365274606498	0.280064474478	0.201421376381	0.139474447208	0.20998180767	0.222073194128	0.240737904207
Glycan biosynthesis and metabolism;N-Glycan	0.104930021479	0.0817896743897	0.128430985661	0.150290662993	0.0880684667771	0.0583299670623	0.26277990225	0.206464186623	0.167281926324	0.191707530678	0.264275305339	0.197509539965	0.243773467238	0.158433196965	0.213933751986	0.117953868259	0.116584998953	0.115224239062	0.131020348935	0.101831445391
Glycan biosynthesis and metabolism;Other	0.0978311790452	0.0760293369255	0.0902331283985	0.0829959240044	0.0920382160819	0.0819759129883	0.120139597984	0.113973704557	0.0890034631866	0.0982433591404	0.162373877295	0.119774623716	0.121803421587	0.0832591747496	0.110633060062	0.0645940439487	0.0671288216079	0.0847440094234	0.0765378116826	0.0970270486657
Glycan biosynthesis and metabolism;Peptidoglycan	0.946446215014	0.830889168071	1.1456132681	1.21344549005	0.864265668799	0.524502885724	1.81757816286	1.68948525579	1.32176692837	1.46967120944	2.23386368309	2.04113571529	2.24726874678	1.64322859972	1.99880418066	1.01237472845	0.999646486062	1.03596572056	1.22325775887	1.28836309127
Lipid metabolism;Biosynthesis	0.453012366684	0.422454527454	0.51619007394	0.515156239509	0.431023640892	0.250265914568	0.608683274845	0.643161653165	0.496313591896	0.546638372159	0.94495413059	0.84191709081	0.974355586341	0.764033763645	0.919277402098	0.519115279187	0.464963691334	0.578968209635	0.653483129171	0.610193990738
Lipid metabolism;Fatty	2.17835160622	2.07354331392	2.47096001807	2.50566750481	2.07635098491	1.66190492363	2.86690071272	2.8452949005	2.46513252285	2.63877055415	3.65801463496	3.38697007459	3.70214429008	2.92962031309	3.46851574143	2.17756143071	2.23493243295	2.28076850491	2.59983427415	2.48715533531
Lipid metabolism;Glycerolipid	0.685169256626	0.550517198021	0.666741208318	0.733737582351	0.618593969897	0.536507185211	1.05651164027	0.950519496473	0.826566671074	0.881950848717	1.09326654027	1.04058677503	1.13646715196	0.90581143846	1.0509786921	0.705538962877	0.768254355376	0.666056787028	0.803861496745	0.761760079338
Lipid metabolism;Glycerophospholipid	0.568781593007	0.462955604034	0.62656074709	0.697518660063	0.490945697219	0.300172824156	0.988065776158	0.916312485003	0.771842585771	0.820181347264	1.14664878185	1.09683875495	1.16012611457	0.900743238633	1.11067357354	0.60195337149	0.572134338841	0.610565513006	0.729212993842	0.662757940971
Lipid metabolism;Sphingolipid	0.0828606826822	0.0634306402856	0.0663279212385	0.0607125378533	0.0787071510228	0.0387023589999	0.0699901133161	0.086355666693	0.0728704292744	0.0810696579063	0.108851258454	0.0844068123164	0.0808355135927	0.0562752721949	0.0705127525511	0.0498634404979	0.060602576135	0.0705515824516	0.0737436564452	0.0767586666645
Lipid metabolism;Steroid	0.0431757824964	0.0333391257903	0.0576069813095	0.0548721648547	0.0375407396777	0.0274752496168	0.0947549577351	0.0852974979408	0.0678551074466	0.0797734214441	0.0374897809441	0.0536990918468	0.0611126208805	0.0499192641681	0.0508434058158	0.033067009616	0.0367360139788	0.040159067416	0.0450810403852	0.0467167752145
Lipid metabolism;Synthesis	0.125226280458	0.107852799114	0.1242560028	0.132620372274	0.113271934741	0.0914822043078	0.178009417241	0.182605626972	0.153584112632	0.159523144044	0.203313642874	0.23082347592	0.20443784802	0.182559810121	0.222890703521	0.138732145232	0.126219819025	0.130870224275	0.144284046871	0.118965132724
Lipid metabolism;alpha-Linolenic	0.115559981345	0.11211879609	0.117420494946	0.117632346783	0.115435386947	0.0771676962777	0.118535191025	0.129065684968	0.101509175757	0.103044763129	0.193610576136	0.190267029824	0.236002466684	0.154297431595	0.196378715056	0.0924428845328	0.0871815600145	0.125147900327	0.111947602398	0.111943131815
Membrane transport;ABC	5.47002415689	5.47303248714	6.56346528743	6.45348522733	5.47159273281	4.55416247015	6.84288626889	6.65815895719	6.19663491782	6.3783011346	7.22106330848	7.09640630947	7.05173931305	6.65775414085	6.99930014013	6.22024619143	5.86002676575	6.20054047291	6.64576271156	6.31097665649
Membrane transport;Bacterial	0.743787715	0.676635770042	0.950777477374	1.0079454204	0.685698738651	0.405976134238	1.36041537033	1.26972619285	1.05163736726	1.13130329303	1.63536399377	1.53842323053	1.72773955218	1.33849078669	1.60552923279	0.782656411065	0.753348357081	0.921370636912	1.026275474	0.974769664777
Membrane transport;Phosphotransferase	0.04510499403	0.0468061689031	0.0598439695894	0.0617253357944	0.0459915529231	0.0233834207757	0.0591809450751	0.0657764303754	0.0511131133344	0.0661166909399	0.0776420423018	0.122441491502	0.0976311615639	0.100266520807	0.106038377843	0.0613407651003	0.0569612505496	0.0698114244288	0.0712272549471	0.0697919681143
Metabolism of cofactors and vitamins;Biotin	0.57291312916	0.502922569784	0.636596663521	0.638785137159	0.537083888955	0.335090846593	0.822190341564	0.819574248682	0.646918685858	0.718244003756	1.10655532084	1.01271960854	1.14696717768	0.954606735099	1.08922762556	0.664517854547	0.558408495595	0.718541483706	0.831921955009	0.734299433766
Metabolism of cofactors and vitamins;Folate	0.772730451747	0.618146521937	0.788525922971	0.854726672794	0.674190328013	0.493370471918	1.30835094681	1.18572267427	1.03462294604	1.11463546378	1.38832974406	1.24571982668	1.38214990948	1.06379284162	1.27614839223	0.837368545892	0.693339784682	0.735432504182	1.00682374659	0.873944684526
Metabolism of cofactors and vitamins;Lipoic	0.132707550997	0.117870822175	0.178751914716	0.198702947015	0.120009298585	0.079049549987	0.32969346977	0.258804368211	0.210427368908	0.234540008106	0.37490131749	0.288177396733	0.32313139575	0.241605944942	0.344828010659	0.17468153774	0.162204567199	0.171021007484	0.201532878052	0.196922181151
Metabolism of cofactors and vitamins;Nicotinate	0.719402288865	0.612097492458	0.779812676066	0.839935650006	0.667803707977	0.460464927688	1.07746449226	0.958228183921	0.808570574366	0.879729180032	1.14305952437	1.12486007475	1.25752332912	0.902614541775	1.14558693951	0.664512853598	0.581714348327	0.659873589743	0.763715785756	0.7979471772
Metabolism of cofactors and vitamins;One	0.533260529979	0.448174486056	0.583320643127	0.621607867431	0.452833133999	0.384134803938	0.915984926078	0.84213564726	0.696156932094	0.784890406695	1.07017244384	0.926238147605	1.08138858485	0.847686744936	0.972798668317	0.570632781638	0.52230783247	0.527982639289	0.69869042194	0.630237634712
Metabolism of cofactors and vitamins;Pantothenate	0.804686769672	0.668056224719	0.842329616805	0.928267090298	0.752658902721	0.60325182873	1.31378870855	1.19454707276	1.00750448091	1.12503992466	1.57356837048	1.4093597638	1.61192127311	1.17877856254	1.40157727721	0.770510671851	0.764020561502	0.800109067366	0.967561450181	0.912401515755
Metabolism of cofactors and vitamins;Porphyrin	1.23437077699	0.802502562509	1.26126983952	1.43796820324	1.0025528887	0.696603354413	2.72628325722	2.07008186616	1.75769887459	1.99339186147	2.02300830301	1.79740406542	2.09602218434	1.54388640898	2.0617894866	1.13933025145	1.11309990749	0.943111957129	1.4110521869	1.11520689208
Metabolism of cofactors and vitamins;Retinol	0.0671094795198	0.0798000074049	0.0850507634737	0.0964497837509	0.0665168592954	0.115498661953	0.0901757379529	0.0690135876031	0.0777494243603	0.084977839988	0.0632853514623	0.0678117879754	0.0858572588626	0.065774888563	0.0634185133788	0.0874733195772	0.0675604993757	0.0657266481165	0.0762499832781	0.0649182153455
Metabolism of cofactors and vitamins;Riboflavin	0.310652790379	0.263386334142	0.420209433401	0.41668187797	0.275574267413	0.173318795991	0.605604043488	0.501584225314	0.446122287919	0.482883912379	0.657666285595	0.54000544424	0.674778308886	0.44284644377	0.598354075561	0.318578024197	0.29385733287	0.298063974984	0.389395043696	0.370793792391
Metabolism of cofactors and vitamins;Thiamine	0.68943448723	0.701449362262	0.904684403702	0.986993307287	0.692376320697	0.423881417742	1.32211138318	1.2072862105	0.994117223352	1.10593233818	1.6920094119	1.43744056184	1.71995909519	1.15817000618	1.59156348285	0.76716102252	0.744825398802	0.790039441566	0.924354435545	0.942551733357
Metabolism of cofactors and vitamins;Ubiquinone	0.498871545579	0.315949361026	0.612187485089	0.683018334866	0.380619080669	0.253987305623	1.21043968299	0.905850016094	0.776934488034	0.866214487888	0.936719556384	0.871303532231	0.92891718657	0.685625029752	0.999348724878	0.581115495579	0.5555945371	0.525511673977	0.678435742614	0.612157156219
Metabolism of cofactors and vitamins;Vitamin	0.273368843724	0.216804803243	0.259949584194	0.284133939392	0.238310178651	0.185308673989	0.445901362449	0.413288661185	0.350108935162	0.398688488133	0.467050882247	0.410330522872	0.489251342418	0.338404796383	0.421152797997	0.250688488689	0.213030294888	0.198546309384	0.307235985261	0.274664422839
Metabolism of other amino acids;Cyanoamino	0.342068260144	0.315414799656	0.363240582111	0.393008517905	0.323469018873	0.284969004112	0.554666361927	0.487430756686	0.437545079712	0.466789092755	0.779569594503	0.580427736918	0.663974661683	0.478829771951	0.608366838569	0.305617550756	0.281624079817	0.288187190251	0.406003751736	0.342565853514
Metabolism of other amino acids;D-Alanine	0.157293839497	0.190464012549	0.208377978381	0.210835361331	0.164989875735	0.101962428853	0.251376685386	0.264410067869	0.212317264207	0.225712756259	0.435938886375	0.410735339674	0.47631587012	0.331650806397	0.411361845257	0.180005076386	0.181622357912	0.21632915505	0.256443200933	0.237406102536
Metabolism of other amino acids;D-Arginine	0.0385597861586	0.0662637448128	0.0491755148025	0.0504824112593	0.0538080842783	0.0334629713685	0.0546527781029	0.0794591204188	0.0505831920838	0.0567001738622	0.149025307189	0.1172961847	0.171722579073	0.0900005052971	0.123145158828	0.0510255177715	0.0513193657379	0.0599615796219	0.0757311881947	0.070223011495
Metabolism of other amino acids;D-Glutamine	0.181894753462	0.163242991576	0.238481644927	0.237622742715	0.176314680357	0.111128191245	0.380720080021	0.333078429935	0.26298454263	0.3009149389	0.413463779457	0.385938555043	0.441425234393	0.319780806835	0.37728376419	0.204298028381	0.197585325421	0.210153326623	0.238739289958	0.26857364455
Metabolism of other amino acids;Glutathione	0.458580015574	0.318271492209	0.507671673059	0.5758503074	0.370904123157	0.355122569212	1.07344480529	0.818492711074	0.679770920228	0.775276027958	0.886304040064	0.735860234993	0.87712709198	0.642366970399	0.83141619877	0.436824247998	0.42118413857	0.382451527559	0.581862207053	0.465396936721
Metabolism of other amino acids;Phosphonate	0.100955187853	0.0730633247757	0.0915091204574	0.103354020075	0.0834544028546	0.0785436539139	0.182618737172	0.134717559798	0.133666186481	0.141838519324	0.123791919659	0.125139500697	0.140137528678	0.138314350994	0.115823369687	0.114151733218	0.0839986499562	0.0658888689176	0.0714325444438	0.165691731735
Metabolism of other amino acids;Selenocompound	0.468852446615	0.433057006149	0.577416868313	0.599785767282	0.431939742903	0.265065683583	0.80518413638	0.784176963169	0.618484350843	0.692076821124	1.11679206872	1.01651832594	1.1081918503	0.776584690235	1.04507994465	0.532801227878	0.475575622908	0.555539633954	0.657584215476	0.611352657319
Metabolism of other amino acids;Taurine	0.169643405635	0.179376147616	0.208853876178	0.207813102375	0.182987302498	0.193204033001	0.221975004117	0.215301910932	0.202530513829	0.208650971197	0.342576135479	0.255212610909	0.297475601177	0.254705117005	0.27623281021	0.147457650831	0.161838034597	0.166097712774	0.20241209458	0.183086126102
Metabolism of other amino acids;beta-Alanine	0.781455875896	0.642934690491	0.738123902106	0.741830949464	0.727646804261	0.737405912385	0.9088263899	0.843484402443	0.805498609496	0.818494840829	0.885043402987	0.814767757884	0.906221755043	0.753371575848	0.811975663328	0.601704734015	0.693126943703	0.610208808592	0.6712389787	0.668409927802
Metabolism of terpenoids and polyketides;Biosynthesis	0.245482127386	0.254768577509	0.300075813299	0.299082879489	0.236272491635	0.155805688393	0.460885973991	0.424306702359	0.356876911459	0.375547182035	0.570223230779	0.526889440681	0.596986405863	0.429388089537	0.546061004739	0.269858727894	0.27141528163	0.293557339599	0.356219393233	0.343565424442
Metabolism of terpenoids and polyketides;Carotenoid	0.194112991114	0.10190676748	0.21890875522	0.24655276325	0.138764687486	0.0983331242444	0.47884076923	0.34207838747	0.293848527861	0.331604205201	0.380107432715	0.318836222348	0.372064456247	0.234874768097	0.355339073113	0.197795325616	0.191123169619	0.153758782109	0.249290122477	0.178325071541
Metabolism of terpenoids and polyketides;Geraniol	0.173415891062	0.170251533552	0.173596304388	0.161549697775	0.165121520303	0.10540702373	0.185849013208	0.217041351899	0.168813108431	0.170421704257	0.319446279431	0.300230473693	0.353868812077	0.233986492935	0.297385828736	0.142560678911	0.137578077692	0.172316222456	0.179888783114	0.161668121568
Metabolism of terpenoids and polyketides;Insect	0.37593269547	0.288436234323	0.34065817978	0.353088926235	0.340158048967	0.355774995849	0.436750363378	0.411427383998	0.374849363652	0.400027223556	0.491440096738	0.475003476356	0.485021011704	0.416704927127	0.472225849235	0.34902289142	0.449296260638	0.333661099459	0.357767989561	0.394182908997
Metabolism of terpenoids and polyketides;Limonene	0.427508132495	0.351428036264	0.402004119045	0.400012831099	0.39581680615	0.386507914521	0.499008264309	0.496830696386	0.430641499514	0.458433352569	0.651278206341	0.588930859464	0.626898357813	0.507975605194	0.587560795205	0.400482430262	0.500223270725	0.395320563955	0.434676979815	0.454024635555
Metabolism of terpenoids and polyketides;Polyketide	0.366998549719	0.325605202299	0.431769909475	0.410776318014	0.355304994198	0.215606435006	0.532064857228	0.510351126565	0.446560107582	0.466638007644	0.568628904177	0.516691171323	0.572140556493	0.449435797374	0.559690735903	0.318480591799	0.306753882817	0.349450007804	0.404021126012	0.405919625538
Metabolism of terpenoids and polyketides;Terpenoid	0.589888639664	0.466103560703	0.648709309073	0.706543426837	0.493691695702	0.311572969137	1.13223222795	0.975549409126	0.804585756015	0.907053720226	1.02735985608	1.0646546255	1.08105117463	0.844354515137	1.1379271805	0.643067602582	0.595795101722	0.564911133287	0.72539808457	0.631953270871
Nucleotide metabolism;Purine	2.74291994222	2.51308704618	3.17110789955	3.42482699082	2.58437410195	1.7541945609	4.99192741697	4.56479087443	3.70648566327	4.10863013952	5.780271799	5.51166233938	5.95074517919	4.58477113135	5.5993634843	2.98938842222	2.86832614426	2.95253836553	3.67778319422	3.36223976136
Nucleotide metabolism;Pyrimidine	2.25377526288	2.2506870207	2.83574549124	2.99875139865	2.26708130981	1.41312908922	4.15079028797	3.99215141824	3.1277882903	3.49025839623	5.49326469774	4.96411174449	5.69017826595	4.18576492849	5.16552209671	2.59247302283	2.53661922299	2.72889347541	3.1992538487	3.1214423288
Replication and repair;Base	0.354241550739	0.331537912255	0.413826210938	0.449596543514	0.335098415062	0.199482938241	0.624798610841	0.611583921147	0.480864517895	0.505810825836	0.832342440095	0.763293906136	0.849242701595	0.61057314847	0.739253466399	0.430442580438	0.379806867359	0.43082304542	0.530762674841	0.467515187284
Replication and repair;DNA	0.780480155583	0.718537732937	0.90086277277	0.960653994823	0.730053861647	0.482721312193	1.32731712114	1.29748306335	1.06681117197	1.16397975701	1.56977343263	1.57097041022	1.63738701529	1.28812221744	1.5602416745	0.888796918133	0.886850762083	0.83236288156	1.038735083	1.01175813517
Replication and repair;Homologous	0.9907190136	0.938247774919	1.18499947895	1.23973067075	0.936440847427	0.573759649407	1.77747665333	1.69401364902	1.37342047106	1.50165319344	2.26455226018	2.17117974702	2.31744912468	1.76438802333	2.1659421211	1.12085342838	1.04579109246	1.11565794675	1.38608497037	1.3836703168
Replication and repair;Mismatch	1.02483790402	1.01808316121	1.33767042146	1.37667329747	1.01616782777	0.695585196348	1.64753166138	1.66940476124	1.36355116082	1.47893447399	2.30435465518	2.15356622463	2.35326880301	1.77649434376	2.21466482015	1.17326925592	1.08716468963	1.22622632792	1.4770603487	1.44748059649
Replication and repair;Nucleotide	0.716032770938	0.640647015847	0.762498769973	0.811156532896	0.666912782556	0.474049443692	0.95389540768	0.987874200384	0.833667660326	0.89857164654	1.40496729665	1.31043418434	1.47626840534	1.09034371544	1.30055872972	0.748000916394	0.700496223118	0.784836290399	0.883965385342	0.917034873537
Signal transduction;AMPK	0.216737450699	0.235229788435	0.301530001625	0.324403014617	0.223610648395	0.143225883449	0.409683177776	0.39178673977	0.304728014248	0.349788002029	0.583573957235	0.539014028809	0.600435819748	0.451166856061	0.56341810538	0.292196731647	0.316992498859	0.306964223441	0.303684103287	0.35269361126
Signal transduction;FoxO	0.0570881920046	0.028101866808	0.0553593390946	0.0623798829944	0.0423646315	0.025489719291	0.125483165172	0.103776056559	0.0805137084566	0.0875426644544	0.0850885521229	0.0808781525039	0.0869459667034	0.0593666664271	0.110664369015	0.0552440699616	0.0489649470585	0.0399939546123	0.0661597087406	0.0492077266878
Signal transduction;HIF-1	0.338506209145	0.305694422325	0.484507286784	0.493196893203	0.339714049748	0.242471768282	0.514274884383	0.490815340154	0.422806435144	0.445413822971	0.650445898377	0.538728657438	0.652243290865	0.458266256629	0.577264753904	0.310968300071	0.332502617491	0.350793045225	0.408155940199	0.449418998953
Signal transduction;MAPK	0.149487357213	0.0944248439768	0.14918927417	0.165389395518	0.113628596641	0.0663731402247	0.313301897624	0.265587248395	0.213464729576	0.237134070622	0.240159159962	0.2355922496	0.254363957777	0.188753727848	0.277303355706	0.143990408775	0.143286056376	0.112039181637	0.179054572221	0.140892074045
Signal transduction;Phosphatidylinositol	0.109140503622	0.107217054273	0.142255287369	0.152352718044	0.104192686318	0.0793574089512	0.250031697726	0.200778776111	0.175066941057	0.184920650103	0.240137618008	0.242093151835	0.234110698564	0.199940891063	0.228177407775	0.154608894384	0.124869755157	0.138019078277	0.17162632351	0.142567434158
Signal transduction;Two-component	1.39672652013	1.3218449348	1.71024808607	1.74061624971	1.3188814731	1.0802848425	2.18271017774	2.15200250417	1.82467780253	1.95677805201	2.72761435181	2.75262896207	2.7320287288	2.36144444776	2.62175808191	1.61144274618	1.50011489338	1.60969522165	1.97945728519	1.73367438247
Transcription;RNA	0.325326850772	0.346495129535	0.400262106772	0.423731944491	0.345959310271	0.20046370438	0.616804447276	0.630067464264	0.462384333527	0.517612703604	0.913940416311	0.817645645862	0.955994917869	0.665234049107	0.796107610724	0.374662675342	0.383112055341	0.414589293105	0.456862768667	0.437070266634
Translation;Aminoacyl-tRNA	1.61418590801	1.53210907697	1.90299939379	2.00107338601	1.52874788614	1.0333957467	2.89076938432	2.73108967607	2.20118598924	2.45810716633	3.51770007733	3.13934915306	3.50448166396	2.70096400533	3.40133787421	1.68487262847	1.64965700391	1.80212353017	2.14242796199	2.04236474951
Translation;RNA	0.0825147802117	0.0780159584267	0.0950317165298	0.106261378244	0.0718923543457	0.0518571986904	0.166066909406	0.134468496626	0.117040130499	0.131906574917	0.155243727982	0.153104711709	0.156720200167	0.113904325162	0.168671365725	0.0904228499103	0.0734430792165	0.0780252177591	0.103473433061	0.0770586446114
Translation;Ribosome	2.71053581828	2.47433480037	3.15295181547	3.38540172979	2.48820827696	1.48041922791	5.2990777268	5.00312403235	3.7850097417	4.33132614954	6.37762420247	5.64839093207	6.53039873464	4.57109835945	5.58289195057	2.76813072832	2.82816082456	2.81390492122	3.51174814939	3.2839327747
Transport and catabolism;Lysosome	0.0552061155059	0.0582258832671	0.0707337184828	0.0576232332818	0.0544423177751	0.0671603270702	0.0792589062778	0.0946368225419	0.0743201638765	0.0778737758626	0.150143593326	0.113290833267	0.113987133518	0.0779262062877	0.101141718242	0.0510105941953	0.0530891057597	0.0747916546033	0.0747050961595	0.0905854644164
Transport and catabolism;Peroxisome	0.477742556804	0.463569625238	0.586494819055	0.594248697752	0.46138555412	0.365481646993	0.721200026469	0.694864665406	0.609500960488	0.653433495251	0.866896029384	0.803203424453	0.887951677781	0.651971357671	0.828861430603	0.47788412133	0.515216924362	0.482139397644	0.586588953408	0.541855468969
Xenobiotics biodegradation and metabolism;Aminobenzoate	0.139467777034	0.0978367046366	0.156061496085	0.162222840201	0.118553877973	0.130210057448	0.238172951388	0.197721991237	0.187637692433	0.195808241744	0.201618524714	0.227131941113	0.236005605855	0.209487511747	0.231095598551	0.214924443158	0.200166559301	0.163585862891	0.245261098549	0.19327934765
Xenobiotics biodegradation and metabolism;Atrazine	0.0780145624641	0.0579272706859	0.071885100095	0.0861524953478	0.0711880679867	0.0771392456166	0.171915212509	0.106442024808	0.102393829115	0.113407796762	0.100316057039	0.0539110553339	0.093584415099	0.0866112705941	0.0890546088884	0.0655493741415	0.0650070119562	0.0388150763279	0.0785047997626	0.0464424370938
Xenobiotics biodegradation and metabolism;Benzoate	0.369632550968	0.340804921296	0.373944951399	0.368653514307	0.341286021477	0.212333656785	0.456082510558	0.503308651672	0.401177609847	0.421041175213	0.646393453756	0.633715445597	0.678968602698	0.505112120234	0.61847158073	0.350002557983	0.329793016289	0.391698004725	0.411070738843	0.369251799683
Xenobiotics biodegradation and metabolism;Caprolactam	0.116024734828	0.134961137581	0.13041087524	0.122786761984	0.119589437115	0.101102713998	0.133139881443	0.176205198198	0.14007709471	0.137233369225	0.289724489911	0.237967323505	0.273701929796	0.185605385584	0.24531452006	0.125961643882	0.114814652591	0.128571717806	0.151459249279	0.134525899187
Xenobiotics biodegradation and metabolism;Chloroalkane	0.566205042555	0.449472201636	0.539167389537	0.574061504982	0.515532125406	0.560440233527	0.797633245609	0.677993196061	0.6238467771	0.680797465448	0.717852111735	0.705687749106	0.732238812336	0.599209511393	0.733684255929	0.523725421236	0.616953784507	0.487772468205	0.540374979438	0.565554764406
Xenobiotics biodegradation and metabolism;Chlorocyclohexane	0.184987891037	0.121471927379	0.178645695017	0.204044897553	0.155513017865	0.125611477305	0.411913130937	0.300500327261	0.25980863401	0.298811678188	0.255477712584	0.258164826019	0.280426848856	0.190504594735	0.304554110338	0.146416824445	0.160480619054	0.129461247304	0.167157419922	0.16553243887
Xenobiotics biodegradation and metabolism;Drug	0.577720307991	0.475480693933	0.633547538542	0.700348711766	0.514145856734	0.49112595067	1.10728413339	0.872475302776	0.780040006413	0.848088511598	0.857153189138	0.792382753843	0.907770452988	0.686514113263	0.932160782687	0.578055739946	0.532279231702	0.50940807598	0.673603892643	0.536644884606
Xenobiotics biodegradation and metabolism;Ethylbenzene	0.10036554711	0.0906521700867	0.0906467472441	0.0927068360398	0.096594824309	0.0697568890272	0.0972422534878	0.102082995644	0.0827489799263	0.0836528264962	0.132493067746	0.130812547609	0.180412767826	0.113794407168	0.128011322075	0.0661204915597	0.0630976525231	0.0904182495798	0.0802720002706	0.0799934366227
Xenobiotics biodegradation and metabolism;Metabolism	0.107890095004	0.0827611939614	0.124291430823	0.150102455982	0.0898334844316	0.136769781265	0.277675080413	0.176329742516	0.167292735746	0.1942537662	0.0974829589544	0.0860447682519	0.115777095477	0.078123704519	0.124454596079	0.120933191019	0.104605678422	0.0788510314959	0.125257980761	0.0790853225706
Xenobiotics biodegradation and metabolism;Naphthalene	0.0507319876646	0.0730251812037	0.0660291223941	0.0707707603307	0.0566845658911	0.10886729842	0.0353313966435	0.0365184166694	0.0508938887239	0.052503892736	0.0306628376537	0.036519098129	0.0340362160111	0.0412577873263	0.0316122522929	0.0683371470248	0.0499810003139	0.0571272454157	0.0612783309917	0.0425953605219
Xenobiotics biodegradation and metabolism;Styrene	0.070978713497	0.0562718082327	0.0690167986327	0.0657092581954	0.0661360310155	0.0775045472011	0.0756564954852	0.0822572695642	0.0809328310781	0.0722648773215	0.09970383821	0.131150507284	0.113029126387	0.12440830886	0.110911369041	0.0964365348444	0.06979589221	0.0935038504494	0.10196679513	0.0787362503491
Xenobiotics biodegradation and metabolism;Toluene	0.045609444754	0.0387354607926	0.0544383300498	0.0587825965905	0.0345512271553	0.02352820113	0.119995761628	0.08421231676	0.0702234193127	0.0843777670782	0.0649676799943	0.0636369116526	0.0741717357818	0.0541253005057	0.0824187120331	0.0526998237507	0.0912575434732	0.0340804218107	0.0448656657688	0.0507654795126
=======
Amino acid metabolism;Alanine,	7.16214102707	7.51058495602	7.36851231504	7.39881769377	7.2469716673	7.01938724982	6.64281735539	6.5907027596	7.01327951719	6.9291774789	6.55826843837	6.83523733604	6.2822258347	6.6517366892	6.72322967095	7.57104140012	7.31643913436	7.53092719858	7.3339299256	7.28281830557
Amino acid metabolism;Arginine	10.5037701531	10.0154364906	9.85533302865	9.82228605647	10.2690516081	11.010698125	9.18166486866	8.98700801465	9.70878456844	9.63113506844	8.96972274534	9.31965563144	8.96837449304	9.30063342438	9.39180146526	10.4991633584	10.3027052022	10.5760820473	10.2839514252	10.0685170403
Amino acid metabolism;Cysteine	7.61651710365	7.76374488678	7.54638020932	7.5888167166	7.56803932548	7.38592272966	7.01856639874	7.05509692068	7.55772286281	7.32328621831	7.33228176137	7.61543900274	7.23612983729	7.13436864078	7.44223921525	7.97484675835	7.63884003228	7.92748446537	7.98977888828	7.47469059001
Amino acid metabolism;Glycine,	9.77657321453	9.76843583364	9.70687782947	9.55715797998	9.60246353095	9.78191390628	8.67802011411	8.65489739943	9.34949362511	9.18251755045	9.18571629409	9.64054462605	8.85716757925	9.17051259138	9.12917018076	10.4674434407	10.281106404	10.1541618762	10.1091675789	9.80252710618
Amino acid metabolism;Histidine	4.56644164363	4.42777806414	4.24370167987	4.28384769563	4.44567638076	4.63169810094	3.95721555731	3.84698100636	4.25606366604	4.07793782747	3.9490521916	4.22778179809	3.90378470235	4.14936786842	4.12206819772	4.59385250508	4.66798692271	4.59477076853	4.43402934242	4.37893367163
Amino acid metabolism;Lysine	8.01173036965	8.01814605638	7.74630123687	7.69468973237	7.94825055346	7.68744306451	6.95002075366	7.08866263426	7.45217088149	7.33774814871	7.54822794067	7.86363548431	7.56653212437	7.54886768014	7.59983409536	7.859301897	7.67860858317	7.82143220977	7.84231401214	7.8791819691
Amino acid metabolism;Phenylalanine	4.29759900288	4.2160907122	4.25148075127	4.13113381468	4.17973012351	4.21277978958	3.31540000637	3.47567561767	3.87890124172	3.6755836439	3.41799864183	3.55149124297	3.28509193405	3.56684761889	3.55392104997	4.1760264617	4.24064116706	4.19392123792	4.16917179748	3.97234880497
Amino acid metabolism;Phenylalanine,	7.08281643054	7.17813305363	7.19643535258	7.22345327829	7.02056552461	6.82523795085	6.44411116226	6.48594995939	6.98324382059	6.84696428322	6.78267672894	6.94448894065	6.49914624139	6.68332500864	6.91621697368	7.52579319396	7.35664528003	7.43401093979	7.40050719936	7.18840974739
Amino acid metabolism;Tryptophan	3.86109795031	3.57378852613	3.59559185836	3.59250182123	3.68951271046	3.81174536762	3.51841828405	3.44889437826	3.6114844409	3.53099608922	3.49987894391	3.46175890799	3.43254363816	3.43512457796	3.54587029652	3.66945176213	3.64248992323	3.58259963914	3.59686633382	3.57075688648
Amino acid metabolism;Tyrosine	3.39617672399	3.43260373662	3.58596820205	3.42718884065	3.44663924329	3.63480224755	2.70920285138	2.71979448122	3.10424378048	3.00953730514	2.68356891597	2.84017077747	2.51375246718	2.93536024528	2.73585286088	3.35515095148	3.41912837664	3.27897826486	3.1872860462	3.24130749159
Amino acid metabolism;Valine,	13.3619877859	12.9356160733	12.2882613039	12.69098999	13.2462122178	13.8685920996	10.7192877454	11.0869244621	12.0218493523	11.6271970229	11.6747001291	11.9234651861	11.3135203667	11.7356438593	11.5099242871	12.4921932147	12.5589730568	12.4573433335	12.5987299182	12.4209842536
Biosynthesis of other secondary metabolites;Acarbose	1.54783785944	1.53754332634	1.70073510308	1.63596797427	1.56322794094	1.51596946877	1.30728157398	1.41433725374	1.484669445	1.4469856061	1.4243768904	1.42960541573	1.2699351108	1.36939695807	1.42778687545	1.63888121437	1.55896556453	1.67172724211	1.6018346322	1.62981549671
Biosynthesis of other secondary metabolites;Carbapenem	0.165063620514	0.169597296051	0.210613346086	0.252699351457	0.175695067268	0.108632652169	0.311866269512	0.303469595078	0.269305136856	0.274574281503	0.40419206138	0.3600948444	0.37585588721	0.355467043593	0.401313510628	0.270119839575	0.246178730773	0.267437836351	0.277854686183	0.269116437783
Biosynthesis of other secondary metabolites;Flavonoid	0.0453428269954	0.0365165787166	0.0478093371478	0.0602178042014	0.0375569385124	0.0267481216042	0.0907210444782	0.0677037392485	0.0654642396198	0.0659206482229	0.0786915013479	0.0728630613746	0.0780073810454	0.057725686424	0.0950768854743	0.042906009884	0.0353132216927	0.0325641626133	0.0507000206302	0.0489589854832
Biosynthesis of other secondary metabolites;Glucosinolate	0.326430153623	0.286625581765	0.239134572929	0.362234743394	0.322438035717	0.33461812463	0.296745974029	0.277395378134	0.275662696224	0.252960996425	0.247654829783	0.244209213489	0.236789442753	0.255563387003	0.249797789534	0.277762759976	0.258298342649	0.251188030128	0.268500770072	0.325333962461
Biosynthesis of other secondary metabolites;Isoquinoline	0.702773434725	0.741463050373	0.718096482023	0.682720552516	0.697679734401	0.707659762801	0.507875591502	0.54123690166	0.637825238058	0.580133110136	0.514574964754	0.553750051765	0.503082877656	0.5946236287	0.516482952971	0.783486563409	0.763678672067	0.761209644625	0.700351181928	0.691797528688
Biosynthesis of other secondary metabolites;Monobactam	2.09438793471	2.11684899516	2.10852547131	2.10202285418	2.11458727838	1.96703000554	2.04408809076	2.07947430129	2.08830917717	2.12347054484	2.259958938	2.32560655578	2.22476392962	2.11857305278	2.18479937517	2.12072339308	2.13378782391	2.15577661256	2.16014688167	2.16280370868
Biosynthesis of other secondary metabolites;Neomycin,	0.378150775415	0.36419502099	0.365763233425	0.382219037413	0.362188501632	0.324002180252	0.496481215864	0.425111401257	0.404183721741	0.43375482709	0.415165980225	0.401104708534	0.433132784107	0.390129246269	0.4503964908	0.375157807143	0.395700194545	0.366640042047	0.393988243028	0.384530459577
Biosynthesis of other secondary metabolites;Novobiocin	1.40236376798	1.48729819185	1.46702475573	1.45309029275	1.4154891434	1.36842165163	1.11586894149	1.19530063	1.32750982912	1.25258292104	1.31888289026	1.32505457302	1.20984464234	1.30435890825	1.26726469881	1.52814754989	1.4747711823	1.50085053681	1.47317166254	1.438099807
Biosynthesis of other secondary metabolites;Penicillin	0.349039523176	0.302301009034	0.30185136898	0.299004379559	0.354120344721	0.345911309168	0.313090927366	0.314648072176	0.349251236862	0.33001482361	0.242405860149	0.282459667313	0.259662862426	0.257564945195	0.29592483714	0.331717172928	0.344265815366	0.319334151102	0.347738642244	0.335115251195
Biosynthesis of other secondary metabolites;Phenazine	1.18699160005	1.23630968475	1.16075357751	1.17390014102	1.16498103979	1.16138387402	0.973842468482	1.0193407664	1.10719154556	1.08328619657	1.10173426676	1.06501811575	0.988626860571	1.05003190035	1.01899645181	1.22366372415	1.11531433479	1.21974697098	1.26414697614	1.19927024789
Biosynthesis of other secondary metabolites;Phenylpropanoid	0.730793780043	0.625198624216	0.602531020561	0.638403732878	0.670288053823	0.672922075872	0.632421807842	0.617020357021	0.650697299304	0.625720797965	0.925482188631	0.696162841316	0.795793424476	0.666468000736	0.777717816976	0.545992225442	0.53183716576	0.551036579881	0.609716317002	0.565865351966
Biosynthesis of other secondary metabolites;Prodigiosin	2.10909794286	1.92967399838	2.07708460961	1.97519246767	2.07449495084	2.35722022173	1.86268937498	1.87239978695	1.89847590233	1.91581451822	1.62143452062	1.77629474036	1.78584503863	1.80245732654	1.79176762647	1.83988358098	1.82010132296	1.9550058435	1.85518246037	1.94740255616
Biosynthesis of other secondary metabolites;Staurosporine	0.0458084598247	0.0553023105819	0.0665846127161	0.0673278017752	0.0587055592506	0.0420690099135	0.0640115443432	0.077216328865	0.0564864153657	0.0642696496373	0.0517445425676	0.077069754938	0.0480141814914	0.0593489629474	0.081184508884	0.069333431644	0.074560012909	0.0617773821619	0.0630463410859	0.0706620036332
Biosynthesis of other secondary metabolites;Stilbenoid,	0.0453428269954	0.0365165787166	0.0478093371478	0.0602178042014	0.0375569385124	0.0267481216042	0.0907210444782	0.0677037392485	0.0654642396198	0.0659206482229	0.0786915013479	0.0728630613746	0.0780073810454	0.057725686424	0.0950768854743	0.042906009884	0.0353132216927	0.0325641626133	0.0507000206302	0.0489589854832
Biosynthesis of other secondary metabolites;Streptomycin	3.40259255377	3.28440894955	3.43666686474	3.3822363606	3.38838261817	3.1491017291	3.12176680038	3.13512368881	3.23585620948	3.20393993837	3.12839792424	3.10618320609	2.96245218515	3.04556016267	3.1373875165	3.34868963813	3.22435580584	3.31160546684	3.25186673306	3.30630705828
Biosynthesis of other secondary metabolites;Tropane,	1.06175121907	1.11930067069	1.11733081446	1.07708864406	1.05535287781	1.0628592283	0.861609715903	0.889393565851	1.00977440537	0.936537992258	0.929574189909	0.99063937713	0.862262654259	0.984851491142	0.94533759337	1.1890287753	1.14468446542	1.1593185674	1.13970756236	1.06864932651
Carbohydrate metabolism;Amino	7.03523395745	7.23717789518	7.64471845385	7.56310821986	7.08209103288	6.34424528344	7.57979841018	7.60789553316	7.37299170678	7.450795689	7.50778136472	7.68523836758	7.54688382569	7.39783159297	7.90002692965	7.29606752524	7.30717330824	7.48288856153	7.44840759378	7.7624892449
Carbohydrate metabolism;Ascorbate	2.38143191481	2.27732026448	2.29577481139	2.28695841817	2.38143673479	2.78372081186	2.08919154843	2.11458618349	2.26130167707	2.25958118911	2.02550905859	2.11339851164	2.106429936	2.21375513824	2.14233819271	2.33483611715	2.40044866949	2.33337170739	2.28194156993	2.3504125523
Carbohydrate metabolism;Butanoate	9.040684808	9.25914344329	9.31214853688	9.18788187678	9.1414398156	8.93596806606	7.33803879605	7.9089405145	8.4467528054	8.18276164179	8.01247497559	8.40942966839	7.83337724835	8.31250618678	8.0850912758	9.31140320421	9.36458207769	9.22680099161	9.00977345118	8.98685635011
Carbohydrate metabolism;C5-Branched	3.36070726134	3.16896558315	3.00968693171	3.403548203	3.37899044647	3.50017615673	3.01997358089	2.92986909097	3.02594074547	2.95378855469	2.89697259016	3.04275360135	2.87036949369	2.90816455232	2.93760960884	3.17359487543	3.10636499412	2.99812674025	3.01627541764	3.23793421802
Carbohydrate metabolism;Citrate	8.12068364568	8.54618462788	8.3941411155	8.28679485541	8.03570214258	7.95936996198	7.13779293809	7.76608733965	7.9441152178	7.62707842855	8.44664264489	8.64729650982	8.0390904183	8.35803396482	8.19624968371	8.92246789012	8.61680236506	8.88465087078	8.83693937301	8.55246566484
Carbohydrate metabolism;Fructose	2.85367334259	2.8083216707	3.07097247007	3.07936403713	2.86703443522	2.92043192042	3.03695628943	2.99096153722	2.98527227959	3.01853666223	3.39852984213	3.56829161844	3.58753577201	3.21519107416	3.53874433639	3.18698418469	3.03017660763	3.42502775328	3.21850341247	3.32880297532
Carbohydrate metabolism;Galactose	4.08002218083	4.22216093995	4.24282469696	4.20708389658	4.21768077299	3.71903238281	4.03334692367	4.14269312473	4.13490974648	4.11032071199	4.48654921549	4.41482885229	4.34883535678	4.20184775831	4.4811499957	4.40345612533	4.46273770737	4.37614798729	4.46706887492	4.44865029277
Carbohydrate metabolism;Glycolysis	12.9120988783	12.8253673579	12.6954808986	12.4683629631	12.5891807414	13.288967232	10.9489108858	11.1196860025	11.8903306482	11.8117831064	11.1676379876	11.729391426	11.0162834694	11.6163977064	11.4104620194	13.1301845785	12.8146972977	12.8521720392	12.5628026108	12.4539798612
Carbohydrate metabolism;Glyoxylate	10.2966934561	9.94217454618	9.67965826817	9.57293174987	10.0646997098	10.5769262232	8.41897514458	8.49777640393	9.36094931401	9.10865337418	8.43674467204	8.88768259666	8.01452445376	8.72041648547	8.41519032945	10.3357770625	9.97943040053	9.94914925515	9.94407819526	9.59287131402
Carbohydrate metabolism;Inositol	1.30939813986	1.36561207319	1.34917675999	1.31290104586	1.34646458246	1.30527056364	1.18196515129	1.19460630423	1.2225805806	1.22051384751	1.1361712778	1.26736398766	1.17549326145	1.21692828799	1.17346046787	1.3537967641	1.30631757066	1.30856266671	1.20770862695	1.18307324099
Carbohydrate metabolism;Pentose	8.46144509394	8.36169268185	8.45651901825	8.44911559202	8.48909598298	8.20308994971	8.05642419453	8.242974625	8.29173396959	8.28516439656	9.3508977422	9.39642800908	9.41651631487	8.96349456994	9.11415131759	9.02580693085	8.64853216465	9.12409803437	8.95144965923	9.0690808781
Carbohydrate metabolism;Propanoate	9.51201731212	9.24472502105	9.01684429132	8.75217067093	9.31007702745	9.68816769065	7.47055365542	7.85491194036	8.45632688396	8.26986373284	7.73951375151	7.84235991564	7.51061110427	7.82257723044	7.6440084743	8.59549310675	8.64181753258	8.58954839759	8.56172614055	8.33660454325
Carbohydrate metabolism;Pyruvate	12.6430319414	12.6610560036	12.3864280897	12.1749819319	12.3725768612	12.638241899	10.71162886	11.046418551	11.7543397786	11.5759974159	11.4187095884	11.7942160307	11.0938215268	11.5112549053	11.51405014	12.7585080506	12.6441028931	12.7229269834	12.5921728065	12.3097239725
Carbohydrate metabolism;Starch	5.03631260766	5.15053180487	5.59927775423	5.59720973852	5.1226995679	4.70957823216	5.45417271751	5.34389791323	5.30450663841	5.3926161755	6.79135505363	6.13945830379	6.57121260237	5.6645689417	6.41174606735	5.16694066347	4.98042405425	5.13409697212	5.51637090313	5.53552654319
Cell growth and death;Apoptosis	0.340430136756	0.33156907323	0.295137566273	0.302161732723	0.325830636608	0.342480806619	0.305639510571	0.289130983488	0.317147162059	0.331452414636	0.203807293841	0.220578366621	0.231217366323	0.26670777236	0.228209778384	0.298748776736	0.293016597101	0.263774703838	0.246139179315	0.292680027868
Cell growth and death;Cell	1.58928748388	1.62656278039	1.68465332361	1.75138833924	1.55934476232	1.38236685277	2.06070965767	2.0409481057	1.86716833891	1.94070483846	2.42443082851	2.39614361613	2.62630118485	2.40194772592	2.27659509894	1.80917092435	1.7221404003	1.94006084877	1.92346067987	1.92613149637
Cell growth and death;Ferroptosis	1.52597878688	1.6109635867	1.7196863238	1.64851338013	1.52160284584	1.46043712342	1.08563886023	1.24890557851	1.41076909926	1.33623676937	1.31911847101	1.31586818472	1.18490501623	1.34199608148	1.30430230561	1.45327631701	1.62438073418	1.43086726534	1.54587764476	1.50459178754
Cell growth and death;Meiosis	0.103861992084	0.163503209321	0.117415997095	0.136589043135	0.135284710561	0.0999486258217	0.204228569132	0.211716491399	0.14902639333	0.177239768295	0.189769182151	0.250291155395	0.235466555683	0.266406435038	0.2349487906	0.132364440734	0.134964833374	0.128359295338	0.146371347163	0.140492867305
Cell growth and death;Necroptosis	0.602058811185	0.562980312935	0.600476142712	0.617282437767	0.544011887532	0.569867322932	0.596638644519	0.587665914175	0.593715325683	0.587602335642	0.584132130087	0.645197365962	0.512296788958	0.665269510993	0.570905957048	0.701501004992	0.682557343948	0.666592284964	0.663502028811	0.652045492899
Cell motility;Bacterial	1.40192363817	1.7069893501	1.34123635971	1.40767584206	1.52881040377	1.24175223586	1.43609261565	1.50819368759	1.45485430862	1.49508729864	1.31958675349	1.47583082759	1.26798696136	1.3291011204	1.56064264008	1.88104644135	1.9057485425	1.70922071378	1.40524833161	1.6214102728
Cell motility;Flagellar	0.113351447587	0.101481023574	0.137660827772	0.158114163056	0.0965659335374	0.045184352103	0.141702102882	0.178271497583	0.17654350465	0.162838318198	0.234047885028	0.278340846201	0.237202101689	0.222815877302	0.199584799692	0.0979183300307	0.160997859172	0.0975703938422	0.109875823498	0.143527002969
Cellular community - eukaryotes;Tight	0.281331848588	0.32300675598	0.259753948682	0.262612326863	0.293175117522	0.336200787576	0.210422566937	0.232937503926	0.27798545903	0.259437095909	0.178416679179	0.19235705551	0.181286069366	0.208354592589	0.184538212303	0.321453091571	0.253935679903	0.299458057088	0.235460486112	0.268747019272
Cellular community - prokaryotes;Biofilm	3.3349354238	2.87204794543	3.36618899263	3.41373644303	3.08957235402	2.68413685308	3.70552036844	3.50537424128	3.44564623853	3.46016640191	3.1415465018	3.21133596459	3.25329505167	3.39601864394	3.41390421034	3.08601719182	2.97910373715	3.21451085713	3.21835203072	3.13447946672
Cellular community - prokaryotes;Quorum	21.903317627	23.0477930562	24.0171781246	23.1423101841	22.6211430334	21.8208739524	18.1734496578	19.3339095014	20.7045896637	19.9270294047	17.0330833927	17.7290895763	16.1919096983	18.6840382535	17.2974594841	22.1228637782	21.9410691349	22.716943712	22.3841657231	22.4358898379
Energy metabolism;Carbon	14.8698043253	14.9914913077	14.5718072376	14.5729847625	14.6918077476	14.9310537037	12.8801376896	13.2407904078	13.8516134524	13.7797400059	13.7767676328	14.0083976154	13.5031260946	13.4336935868	13.6611656093	14.5093671119	14.1739220265	14.3831120017	14.3280094812	13.937464084
Energy metabolism;Methane	10.0065174856	9.67431150996	9.30910595988	9.23860338593	9.69486193962	10.3686227723	8.31683320556	8.2626602637	9.00410624489	8.98047539574	8.29734034089	8.7431793988	8.12975032942	8.52117613278	8.39413626662	9.82921354871	9.57040866442	9.56526728126	9.35624817915	9.09874225598
Energy metabolism;Nitrogen	1.79816610547	1.61270328102	1.69370081096	1.68195362667	1.6918585672	1.79265685695	1.61370907935	1.4609450928	1.60490456366	1.56636529344	1.24053825399	1.43091305918	1.17433274145	1.44353758384	1.3841295495	1.79477410207	1.88028883608	1.64468754346	1.62668108112	1.61090656728
Energy metabolism;Oxidative	8.40928031687	8.63667164003	8.1639179003	8.21284159452	8.5058929643	7.89932317919	8.13800976829	8.08680253688	8.37611275945	8.12371127202	7.77541795724	7.72418671372	7.86429623589	7.80935862198	7.7030437727	7.84923192917	7.96149794483	8.02729905787	7.84787570788	7.80811709837
Energy metabolism;Photosynthesis	1.51510015295	0.797357612837	1.51367152181	1.80755254186	1.07857391055	0.880924228359	4.22109984116	2.93621078891	2.43574494119	2.84386055811	2.85089963932	2.08918090035	2.63263819318	2.06666410339	2.69421034703	1.4976133573	1.53163927605	1.09240241546	1.82568215337	1.40650690826
Energy metabolism;Sulfur	2.10702401544	2.10396918378	2.11347289882	2.12773801022	2.10149775332	1.91426680635	2.14355408159	2.08033764327	2.21013173104	2.11237409976	2.10829029527	2.2360597311	2.13774662876	2.25605478271	2.27230249034	2.30753029081	2.33826875633	2.28130113754	2.35212446948	2.1884278063
Folding, sorting and degradation;Proteasome	1.7541263401	1.86365844849	1.56708398403	1.57052777496	1.78823605983	1.89143137288	1.22605805366	1.26373944617	1.53296968667	1.40564148725	1.08868370383	1.24131474406	1.09171793594	1.39381933808	1.10574093074	1.64493215493	1.66048402904	1.7207657917	1.48353346168	1.52750888862
Folding, sorting and degradation;Protein	6.834048805	7.27481346176	6.74223413039	6.8800377324	6.92464418113	6.53528867969	5.9746499267	6.15406278794	6.5619077124	6.35489344886	6.18720184863	6.38202814008	6.08797211325	6.45358906569	6.16013311543	7.17216843653	6.88380662802	7.16482920314	7.1280340396	6.80875480552
Folding, sorting and degradation;RNA	2.59378220676	2.61423098239	2.59646260919	2.65192236753	2.58001976179	2.21644539766	3.08473866438	3.03815027258	2.83545836471	2.89877785566	3.56913500618	3.53429123628	3.64682808313	3.32995602778	3.4712724156	2.74803675448	2.65507910958	2.92972187397	2.86482839579	2.83001333114
Folding, sorting and degradation;Sulfur	2.72239009529	2.72473350482	2.77713354143	2.80480103156	2.69521564045	2.63825397818	2.36652376018	2.46006895492	2.65534913154	2.59855946514	2.56528032109	2.79772391859	2.536558804	2.66546126141	2.67439616964	3.20192305346	3.02454434027	3.07438485883	3.03486961214	2.78782205132
Global and overview maps;2-Oxocarboxylic	9.96053380213	9.54281495893	9.0850421281	9.40665800256	9.82235618545	10.0400222831	8.34228187272	8.29562138737	8.9052023023	8.72894103685	8.72603769948	9.04172317399	8.48734575062	8.69623600359	8.73513625725	9.45357198503	9.25589390086	9.36505196095	9.48187716411	9.35145577247
Global and overview maps;Biosynthesis	163.398362789	162.141075979	160.974207731	161.329690355	161.613527251	159.304921463	148.638534412	148.512859642	156.951709911	155.174602797	156.543407866	160.098941183	153.376168822	153.557910115	156.967136602	164.619852522	160.835573261	163.656355374	164.491249118	160.076114803
Global and overview maps;Carbon	31.5054481461	31.3078444105	31.1579344005	30.9006074057	30.9867712399	31.6121074356	27.4103564083	28.2944517025	29.7296215957	29.2931843701	29.3915339972	30.2592426054	28.5998015692	29.4322783138	29.0489974658	32.2606401591	31.7837362328	31.9204039631	31.7893076703	30.9975579023
Global and overview maps;Degradation	2.36936919964	2.37274854633	2.46737606959	2.38652260248	2.41199123381	2.79844596755	1.85225464854	1.92062245646	2.10790182928	2.1378934026	1.71578620148	1.95365905899	1.64326481065	1.95986542248	1.82978756248	2.30547957205	2.25776406891	2.35598009403	2.24505311383	2.15803110872
Global and overview maps;Fatty	7.09938048547	6.80647401893	7.14578648848	6.91225481824	6.96864519013	7.0512262472	6.07744325377	6.34236317861	6.62170284455	6.51838279238	6.27856739568	6.32508846438	6.28331733403	6.35550642203	6.28867549634	6.36839116938	6.57279399619	6.62519833224	6.67548801329	6.64100549324
Global and overview maps;Metabolic	150.249358719	150.417811505	150.28558195	151.130234516	149.018938514	147.543362974	142.579757613	141.386686239	147.508563445	146.611856268	148.427761274	149.844743728	145.021692157	144.014440728	148.017810841	153.453296997	150.380338804	152.562749297	152.886202689	149.937179729
Global and overview maps;Microbial	52.4553493708	52.0075773615	51.5126112949	51.0343264559	51.6461542679	53.0132883147	46.2249009182	46.5850150349	49.5968716494	49.042939756	46.9481911821	49.0631555331	46.2542584026	47.8506789132	47.4743054037	53.0838649108	52.5267439277	52.3936340435	52.0767368761	50.9960477706
Glycan biosynthesis and metabolism;Glycosaminoglycan	0.264918058875	0.306288332624	0.291042794217	0.305556766997	0.273939009409	0.197172930317	0.35946857356	0.41524098187	0.349675822935	0.36868341626	0.440673765618	0.416244275519	0.526118764111	0.393663732527	0.386198495559	0.249470636828	0.32110095431	0.292279784054	0.263252787329	0.385027927683
Glycan biosynthesis and metabolism;Glycosphingolipid	0.220901790845	0.313033256923	0.298982058654	0.310964473363	0.272431277707	0.238253825885	0.247000319025	0.312394141497	0.240098781533	0.255858522881	0.51458435874	0.473873964314	0.550537868509	0.440190874197	0.487888423353	0.276316554101	0.28632163389	0.324843186317	0.309349437781	0.413882587476
Glycan biosynthesis and metabolism;Lipopolysaccharide	0.206251468508	0.133543344163	0.216176001444	0.244615785173	0.148000986532	0.0982923463258	0.445960855228	0.398463680543	0.304832080943	0.327259578013	0.41323979119	0.466005857276	0.436442487798	0.51470416256	0.47208882629	0.286009371568	0.239880178413	0.352464133546	0.29835346622	0.335090728763
Glycan biosynthesis and metabolism;N-Glycan	0.99744984875	1.0674745733	1.00932285136	1.00526146238	0.98458700022	0.900078269631	0.989077677536	0.99377032586	1.02759503387	0.981549940698	0.944057890412	0.906278534862	0.92134807175	0.951439739558	0.949373496749	1.04219843416	0.989891411467	1.00395429035	1.01794936695	0.946206355847
Glycan biosynthesis and metabolism;Other	0.506676446372	0.571775585868	0.639385744651	0.585586058425	0.583399209675	0.443522927173	0.508953416409	0.599457432572	0.547362325255	0.55204491796	0.88095960277	0.762309905447	0.904406936863	0.735557718446	0.757635064074	0.519812834348	0.56320415638	0.610657104709	0.648829510282	0.72792636253
Glycan biosynthesis and metabolism;Peptidoglycan	1.34861191277	1.34523505458	1.63656996302	1.73411349879	1.33240508039	0.841826859161	2.32741313922	2.26836210524	1.82350460843	1.9858788166	3.30766953198	2.92236623757	3.27353636953	2.48212613017	2.86800345878	1.52265891312	1.49942544907	1.6880224386	1.82122956027	1.91246138394
Glycan biosynthesis and metabolism;Various	0.514752702341	0.621011339588	0.619849967033	0.616290244028	0.542502080162	0.475957291973	0.43511630521	0.562918540439	0.547126853921	0.500907451649	0.613522894608	0.638256702803	0.620898216103	0.669135538057	0.618914877493	0.700071762025	0.662784236726	0.720197787811	0.692578258977	0.690806525895
Lipid metabolism;Biosynthesis	2.20645409814	2.03194003016	2.18585736769	2.08876450434	2.16407153122	2.40414233598	1.98405199938	2.02048487651	1.99948562032	2.03352463272	1.89189095136	2.01849145811	2.04151193063	1.9975470068	2.02254555032	1.93216622992	1.93166691162	2.07212868154	1.97294207163	2.08485387087
Lipid metabolism;Ether	0.082994916581	0.0919529910122	0.098406508796	0.104670175046	0.0920168125529	0.066428754617	0.0735731684065	0.0833125355233	0.0923371784459	0.0840465301426	0.0780357269676	0.0981914170919	0.0868686699594	0.123078091249	0.0804477524777	0.117493420383	0.162708591021	0.105590207302	0.0941528107667	0.0935315018897
Lipid metabolism;Fatty	11.4124060953	11.0833639722	11.4717044991	11.090753563	11.2230596751	11.7236381132	9.17069623961	9.6636217772	10.4013801739	10.1799040276	9.37471787844	9.67657105602	9.23594995461	9.79590426388	9.53672899144	10.397848905	10.8504789564	10.5460765078	10.6023008824	10.5830407347
Lipid metabolism;Glycerolipid	2.36260648924	2.25507445776	2.30290948108	2.33101763626	2.2949515069	2.54921607277	2.56170647683	2.44174108887	2.42089537856	2.4524731824	2.41146335577	2.4352149497	2.38975689749	2.35352605528	2.43644965055	2.44823189983	2.37339400459	2.30014656054	2.33874362826	2.38336392405
Lipid metabolism;Glycerophospholipid	4.31765523229	4.31322458629	4.40927949862	4.34727110513	4.44260930555	4.12229566663	4.1326718774	4.12319282409	4.28786641146	4.28847274635	4.42867547696	4.37054856605	4.26565702491	4.18952345678	4.13988127295	4.37448097182	4.33891184752	4.24573285967	4.32906185347	4.41226039344
Lipid metabolism;Sphingolipid	1.39755732658	1.4289175643	1.5033590357	1.43270741298	1.51376127784	1.26222149049	1.3724637961	1.48804994662	1.33332959406	1.39554812035	1.59766568574	1.41407143519	1.66557377333	1.47331558748	1.50480323526	1.09859588164	1.20290561234	1.34172923856	1.38833915625	1.44808980838
Lipid metabolism;Steroid	1.15647293597	1.1514355776	1.10581100558	1.08724126851	1.23977838704	1.15340692239	1.11716433869	1.15294725649	1.03686508917	1.09065303997	1.02049159883	1.02635550969	1.144613828	1.0939810696	1.08995786048	0.89160164829	0.874590694479	1.04808218446	1.07873499068	1.07397754633
Lipid metabolism;Synthesis	1.69078652449	1.67399377245	1.64354612856	1.58109646122	1.67483757633	1.52158666282	1.15672867724	1.25175654674	1.45221953035	1.41470267675	1.25153774647	1.35251258633	1.19229804792	1.35005240614	1.32123493057	1.64678181082	1.57981626413	1.64479953676	1.6190681861	1.57965837955
Lipid metabolism;alpha-Linolenic	0.385470157906	0.344373725782	0.291327632295	0.300117778752	0.365463062912	0.441533544232	0.281096475852	0.275387288956	0.299894752835	0.28697317096	0.287999809057	0.313442150453	0.369664187807	0.282798886427	0.315371352053	0.24826919579	0.246069675943	0.264018331258	0.275058296638	0.255963005882
Membrane transport;ABC	23.3837841728	22.7902692245	24.7174310133	24.0211571524	23.2682363663	22.8885944335	21.0862344408	21.3476371304	22.4728703528	21.936660389	20.0106218356	20.4122538722	19.5317841757	21.1266966714	20.2537711295	23.5900444149	23.2545796919	23.8808086627	24.1549236096	23.6655344095
Membrane transport;Bacterial	3.19233860337	3.36765489451	3.30349034956	3.54205669157	3.19664730171	2.8465510568	3.17752006525	3.29279861362	3.30877170384	3.23775356359	3.6490318509	3.6961694905	3.72787261316	3.60573739557	3.75643338048	3.40649333821	3.37622131651	3.70674383421	3.51354348929	3.40983462227
Membrane transport;Phosphotransferase	0.341019587751	0.279474512487	0.328895778998	0.334749639329	0.318617294478	0.360717181069	0.303172375969	0.332684542852	0.347973837903	0.338994510753	0.487359199445	0.437574047401	0.442227692902	0.41336959906	0.414594622434	0.420287212185	0.372940183907	0.422629285999	0.381862167251	0.431500898513
Metabolism of cofactors and vitamins;Biotin	2.88118724209	2.70084042061	2.83345161249	2.75506999183	2.81943869316	2.97589976175	2.71145716239	2.68245002327	2.71593459855	2.74405515295	2.46771270386	2.6032319064	2.58497697694	2.56934118027	2.62601634813	2.59031020886	2.53671859117	2.76285358828	2.60425679171	2.67736297067
Metabolism of cofactors and vitamins;Folate	6.37947174491	5.90515473928	6.17544236243	6.23639178721	6.22194438681	6.01314621209	5.47262812019	5.51787495959	5.92973113504	5.88082244061	5.35270873196	5.24031256612	5.22257469392	5.23663888665	5.24048941559	6.01551906446	5.748154173	5.92951450581	5.72257613137	5.86399685908
Metabolism of cofactors and vitamins;Lipoic	0.65768795961	0.66913345247	0.614164993503	0.64912576043	0.623378634148	0.581920749779	0.659676880051	0.627875272977	0.630319559955	0.625803307845	0.661703954255	0.6560491957	0.625765745303	0.588890108866	0.695429733464	0.682367071359	0.64398798103	0.677421269582	0.711021734941	0.661956265897
Metabolism of cofactors and vitamins;Nicotinate	4.17263901048	4.193507724	3.98578004729	4.06677848417	4.28768655833	4.12598154934	3.85700001203	3.73601635159	3.94212151237	3.9121126257	4.04955131825	4.05563697165	4.01481540444	3.73423342819	3.95200337063	3.84242101073	3.78936579868	4.00392814488	3.92400840545	3.92857189859
Metabolism of cofactors and vitamins;One	3.4523865123	3.44269688779	3.6954648024	3.56825562843	3.41473180565	3.33883223211	2.97662108768	3.09886462632	3.23647130796	3.25150094763	3.30634178812	3.38723427876	3.1608263182	3.36304444843	3.32444754931	3.72971268676	3.68091227506	3.64499638774	3.74537568412	3.62098692338
Metabolism of cofactors and vitamins;Pantothenate	5.28544001037	5.13832706064	4.91071343316	5.02336033185	5.2577511601	5.31752800584	4.62916298569	4.70262132723	4.91013504567	4.90711679874	5.05557387638	5.07047879225	4.95057775853	4.88281978517	5.00496637298	5.04908816906	5.13392770755	5.14669333836	4.99707644874	5.0100874554
Metabolism of cofactors and vitamins;Porphyrin	7.17018947403	7.06483091636	7.03345581885	7.25187274257	6.84936354055	7.47333307075	7.40351347149	6.93716312906	7.47299475706	7.61068480508	6.58051144495	6.95095109015	6.51776188031	6.60973139711	6.85430934259	8.10109631052	7.8996083502	7.35398526834	7.40268876167	7.1519522769
Metabolism of cofactors and vitamins;Retinol	1.35627512579	1.27972054289	1.29428844339	1.24013542684	1.35766382313	1.62277788817	0.940605587901	0.940194710448	1.13170423851	1.13073063072	0.702034780024	0.865416229827	0.684523294292	0.916038189489	0.777477523328	1.20562324397	1.29767839625	1.12837369926	1.06895577123	1.1246080647
Metabolism of cofactors and vitamins;Riboflavin	2.17136862	2.29827059611	2.34250846893	2.33046003088	2.20250645399	2.14285714154	1.9568754826	1.95468652163	2.17602669066	2.10224974278	2.2803010861	2.17459843317	2.19548902309	2.08371995623	2.17806678988	2.19065401162	2.11363863463	2.19067889436	2.292067276	2.20093554368
Metabolism of cofactors and vitamins;Thiamine	2.52818558701	2.62847603496	2.71450908269	2.79559210683	2.57650675808	2.48359784398	2.75828105523	2.73866098893	2.71185973004	2.77679004507	3.33642672353	3.08992080902	3.29122721802	2.8637365691	3.16396236687	2.58016974124	2.57839989756	2.58830923787	2.6812394104	2.7045892486
Metabolism of cofactors and vitamins;Ubiquinone	2.91312561672	2.89919549475	2.9390157133	3.05207616642	2.88898601616	2.76144690632	3.14087036307	2.82723707726	2.99770066586	3.07167820645	2.84577841421	2.86651834631	2.78635378538	2.65750337114	3.03780826524	2.80943741106	2.76052179574	2.77929334529	2.85220943796	2.79819843715
Metabolism of cofactors and vitamins;Vitamin	1.53314789161	1.60847344587	1.58893296732	1.55557890138	1.5599100064	1.50692511506	1.39975759218	1.40685125753	1.55279829839	1.52777600402	1.47958220966	1.57838142223	1.4615986881	1.44074398244	1.47103183494	1.70337839732	1.57798719917	1.67225304665	1.7081918897	1.57871403947
Metabolism of other amino acids;Cyanoamino	1.48900081062	1.38154799704	1.40717307779	1.42555030534	1.5010156691	1.64814303681	1.33549081863	1.32377354386	1.34186631309	1.39370468174	1.86736418198	1.79312515743	1.71601698355	1.51573740204	1.6090449953	1.38706113778	1.37373146451	1.38939733764	1.46500441755	1.42389286756
Metabolism of other amino acids;D-Alanine	0.225912105485	0.250144740716	0.28385136761	0.288755241776	0.220038753729	0.138281998174	0.385438455316	0.391658794759	0.302608682469	0.333668577763	0.646390055303	0.534138453908	0.668178153311	0.465146296595	0.569098901669	0.252487576158	0.258037755185	0.298862712741	0.345186101669	0.345296727097
Metabolism of other amino acids;D-Arginine	0.046353715697	0.069810994615	0.0582093224972	0.0560364851625	0.059645496552	0.0347939351276	0.0692270903526	0.090745796876	0.0661070011709	0.0688135362421	0.152744740011	0.124801126326	0.181944559377	0.096278696953	0.130806262739	0.0540822248693	0.0568295359576	0.0659975237364	0.0809596221063	0.0796936394186
Metabolism of other amino acids;D-Glutamine	0.198337084119	0.170440332675	0.246936087607	0.246410744966	0.188182395569	0.114570591579	0.396125930063	0.35380929547	0.282640152844	0.316525593944	0.443538932148	0.399890893882	0.46761554094	0.352946666173	0.400004362535	0.217818950978	0.208125696062	0.228172831261	0.258414545139	0.281063839099
Metabolism of other amino acids;Glutathione	1.84695762495	1.64870867451	1.80250463932	1.85154487718	1.76004789528	1.78585082946	2.19927294728	1.9077730925	1.87318870246	1.94281636582	2.1301054055	2.07302344196	2.04958398727	1.88658041952	2.025097841	1.80347793636	1.76333853881	1.83139445113	1.85416063288	1.81519032111
Metabolism of other amino acids;Phosphonate	0.561128902739	0.495247400823	0.466141788146	0.491890861723	0.5461491727	0.515838165925	0.525475009785	0.463658920819	0.52828596621	0.522859372807	0.329111386636	0.402677739074	0.392584834125	0.423198072107	0.384965770708	0.518579063388	0.523974079913	0.434232419249	0.422434129585	0.516929611582
Metabolism of other amino acids;Selenocompound	2.5568821368	2.53742051924	2.45767164725	2.51156572862	2.44063037589	2.55913570598	2.68788983449	2.48912862755	2.55580623442	2.6415191428	2.77022513164	2.86787104942	2.75153548049	2.48942035554	2.84401123336	2.62216549104	2.578664795	2.65893474399	2.73712262806	2.4922950401
Metabolism of other amino acids;Taurine	1.50149907382	1.48221817601	1.46707017475	1.43742790588	1.53878581134	1.70361731168	1.14148899237	1.21854024953	1.31876248189	1.28949301035	1.27865791298	1.43274849041	1.22553050829	1.29855177565	1.24107815814	1.45820796079	1.36306273375	1.49410815747	1.43592982538	1.44463780618
Metabolism of other amino acids;beta-Alanine	3.80029458254	3.64480126833	3.56709626033	3.5325252902	3.7707778308	4.06996539267	3.2866453591	3.40307552384	3.63009023314	3.52636519663	3.02842011579	3.10037681026	3.02087182886	3.36274369294	3.07948703035	3.56665950768	3.81103587495	3.61789778214	3.4358808127	3.48650236865
Metabolism of terpenoids and polyketides;Biosynthesis	0.729810734453	0.76305898164	0.815190731332	0.791238260352	0.726974355016	0.617128018995	0.816721908237	0.817005816238	0.772820517478	0.782755805107	0.973503425003	0.960530849719	0.972954383542	0.877231528894	1.00359580338	0.771938172453	0.779570368215	0.826890556737	0.865981199871	0.851580357809
Metabolism of terpenoids and polyketides;Carotenoid	0.851477982625	0.739099128756	0.864189194035	0.876569664387	0.788103095478	0.741253547026	0.956956755222	0.810727939392	0.859396816284	0.879410491978	0.849200576414	0.826079480903	0.85665483553	0.782382310266	0.842250873185	0.894854791934	0.860982959169	0.820119397741	0.855433902183	0.793908089082
Metabolism of terpenoids and polyketides;Geraniol	0.654936359134	0.5880593183	0.535961717704	0.53677999922	0.62409363679	0.616115910317	0.489454107516	0.525011863962	0.529839970074	0.518470745249	0.556331590231	0.582342871138	0.60698799078	0.600575557394	0.572791106881	0.488417858796	0.519105949086	0.531676280556	0.51472874377	0.510390306893
Metabolism of terpenoids and polyketides;Insect	1.03028732054	0.964288997995	0.918740188427	0.930474601914	0.973353177736	1.21075741878	0.921019905305	0.914638875152	0.958589150121	0.941134960406	0.885447344365	0.948041326026	0.917937758002	0.948496444817	0.952156419797	1.02594086481	1.08428166556	0.990209788367	0.927236079624	1.00269354839
Metabolism of terpenoids and polyketides;Limonene	1.2806114031	1.19441700599	1.15744194432	1.15859126128	1.21318587949	1.38479912757	1.11243251689	1.13869449823	1.16549665221	1.14884508885	1.17628121962	1.2097376236	1.18806735553	1.26033963427	1.22004822763	1.25653731839	1.34548996682	1.25471157572	1.16355648517	1.25179382802
Metabolism of terpenoids and polyketides;Polyketide	1.97699488624	1.85494263342	2.02205216824	1.95582200271	1.9603084179	1.80160164189	1.71639289478	1.81907803392	1.86055343489	1.82381401823	1.8575208251	1.80259025961	1.64937984438	1.73930468976	1.83468718839	1.93392234174	1.82140643047	1.97233823212	1.92978435645	1.96995379116
Metabolism of terpenoids and polyketides;Sesquiterpenoid	0.209344281865	0.196206672581	0.164818874652	0.165843623109	0.201764423599	0.221815435509	0.225126171257	0.189680877571	0.200317276096	0.198204432159	0.162295243122	0.137564395568	0.134846366125	0.14061468876	0.165244939832	0.183258648177	0.169071115863	0.179971956614	0.180023750259	0.161780585288
Metabolism of terpenoids and polyketides;Terpenoid	5.12553036462	4.90764941863	4.95183902465	4.91975118571	5.06196363789	4.75744840432	4.31089200266	4.32461487403	4.75651452291	4.6175454536	4.32415329884	4.55182137536	4.30728208118	4.43284098565	4.52570469891	4.89514849648	4.72750307814	4.87349916076	4.76232051385	4.72559566583
Metabolism of terpenoids and polyketides;Zeatin	0.0785451175999	0.0782251327139	0.123803519927	0.105068703348	0.0746787192536	0.0610480777629	0.142390442882	0.155987023897	0.106462226022	0.116597646478	0.236381811535	0.197661444297	0.239803050575	0.201939179401	0.227535701092	0.0928837631969	0.103589442384	0.123405991313	0.118091125957	0.119772220964
Nucleotide metabolism;Purine	18.6307158456	19.7958912892	19.0452959685	19.1088528994	18.8453376312	18.313022495	17.4106048046	17.5872232786	18.3201008282	18.0235180229	19.247454952	19.1149441861	18.2270697985	18.411781194	18.551511056	19.6279379327	19.0073778116	20.089943044	20.0080890183	19.0672917521
Nucleotide metabolism;Pyrimidine	14.6155952895	16.0675424781	15.2425703162	15.3440977049	15.0009264109	14.8482741915	13.7279224298	14.1874467141	14.5452264908	14.4438295364	16.1017683854	15.6662992862	15.0859576465	15.0766674817	15.4070536226	15.7523414242	15.2800395623	16.3050472541	16.1729962314	15.8378088837
Replication and repair;Base	3.41488488826	3.77318960836	3.59880531604	3.59154381593	3.4723325163	3.39100251327	2.82113741861	2.97699159172	3.30631893719	3.2238837972	3.06800789917	3.23411110824	3.01290622022	3.13295301119	3.07796205525	3.65670806704	3.60907879488	3.73985162784	3.49286209695	3.4330107842
Replication and repair;DNA	7.55291423629	8.23373004753	8.03855895974	8.0383016136	7.70611445025	7.4574887382	6.27039769638	6.64163773745	7.38397829798	7.19056553521	7.71799579884	7.09110601912	6.64699791392	7.16717649572	6.93228512599	8.21453707639	7.95304214232	8.33794852513	8.24303986993	8.09188827382
Replication and repair;Fanconi	1.34100187024	1.40703853103	1.21026297413	1.19124105737	1.35474505146	1.52965455812	0.852825783794	0.877461683893	1.15329657601	1.05029797337	0.787691783256	0.947720488683	0.80392350944	0.96046510916	0.886539392251	1.27451997017	1.1944390085	1.26287368414	1.24118455362	1.11067049102
Replication and repair;Homologous	2.24824776325	2.32660445096	2.48071279976	2.59365616274	2.20783001744	1.7853353312	3.01215452533	2.95219005993	2.68781125993	2.77938786923	5.01327887582	3.91734032055	4.23682424608	3.43807655407	3.93389090061	2.45481190927	2.40815168914	2.6644481988	2.98419795254	2.9200306802
Replication and repair;Mismatch	4.85894912352	5.07966795268	5.24390455194	5.24034778307	4.9117307235	4.60152572308	4.58243448787	4.63096194834	4.85453592601	4.89044812171	6.31223087427	5.58740200837	5.48124983686	5.21123977046	5.49339778076	5.29223393459	5.09932227715	5.39317303003	5.57446995419	5.36698024387
Replication and repair;Non-homologous	0.353496295774	0.396317239508	0.439871639084	0.430061859596	0.352593702146	0.346006422722	0.228193651724	0.25199432517	0.344572670989	0.321333579849	0.278683646473	0.257068072826	0.231884517702	0.2776459577	0.235456422493	0.356649671406	0.303331259632	0.362785963316	0.352539416398	0.345272643301
Replication and repair;Nucleotide	5.33925254406	5.55248877549	5.3488263638	5.31946695538	5.3139939944	5.27878773368	4.21261023037	4.3823631397	4.97985496642	4.7935849875	4.51951675652	4.75237625049	4.44580532693	4.72691220507	4.6027259149	5.36255524283	5.16213753837	5.49431927233	5.26128092562	5.20889758769
Signal transduction;AMPK	1.35422276374	1.45399697964	1.51259808544	1.46707636773	1.45287044747	1.29145012931	1.23704356485	1.32738375975	1.36626684018	1.32529836454	1.38737714606	1.47897340827	1.4254655881	1.47941838972	1.4602755986	1.49486661851	1.54023431601	1.46476993513	1.3696944199	1.4680275738
Signal transduction;Apelin	0.259030469617	0.282615685048	0.279095947816	0.263015070515	0.268828093981	0.26129740318	0.15753794829	0.187268472802	0.217419762787	0.207578786759	0.151194375502	0.178301176063	0.148676939232	0.223452004869	0.153836362507	0.247329430187	0.243303948685	0.244220774679	0.216660510345	0.216637025508
Signal transduction;FoxO	0.477137563361	0.436816099221	0.390703786217	0.413763832189	0.456776652951	0.535940523683	0.523499746297	0.466510094709	0.44779342736	0.485515748011	0.476837329096	0.436682195634	0.491528960563	0.430072283987	0.467217066444	0.354845362476	0.366348841263	0.345026608013	0.354569376154	0.347961025553
Signal transduction;HIF-1	2.1456273969	2.19219949678	2.32084539946	2.2582404571	2.05417307478	2.13652991773	1.9900583798	2.07645341821	2.11327922871	2.08218061676	2.03149586099	2.09236490207	1.93302548515	2.10290656898	2.01944389555	2.41501433701	2.37236163414	2.41569087715	2.29575840555	2.33204900978
Signal transduction;MAPK	1.2089011588	1.10933949337	1.02667283704	1.04761173818	1.17558425706	1.26041948142	1.15826696224	1.09452063079	1.09368034633	1.1143414233	0.986198144302	1.03763561248	1.04086413274	1.04696678792	1.03438181786	0.980879024094	0.960922008063	0.959321784659	0.969424699986	0.921562943109
Signal transduction;PI3K-Akt	0.277598722856	0.313887644896	0.296778899715	0.285895442031	0.283257366473	0.273769885826	0.216747257545	0.230354689925	0.257475609766	0.252403421315	0.186515232389	0.207884928671	0.178854814179	0.258885663366	0.188160472279	0.280814382024	0.275012154006	0.266793162201	0.247961157365	0.234973695079
Signal transduction;Phosphatidylinositol	0.669298546176	0.711789279925	0.772984203111	0.784089074582	0.669963868233	0.636320672994	0.742154557216	0.719231171928	0.689279868254	0.706133488718	0.769086247598	0.783016655512	0.750474252875	0.793264145938	0.764679657392	0.76803444708	0.751902232699	0.704259111453	0.69219008913	0.723871625256
Signal transduction;Two-component	7.29371273075	7.27873412891	7.97022953279	7.99509700401	7.20733036325	7.04823518625	7.48778779149	7.59706957266	7.50670764627	7.65810497107	7.83746437469	8.06414259435	7.54214604775	7.6650337834	7.97303462696	7.80481499844	7.73793683636	7.83318437565	7.86227430733	7.84113762331
Signal transduction;cAMP	0.034525391772	0.0298627432501	0.0386568688508	0.0393728717267	0.0282376898026	0.0206599089819	0.0376141385834	0.0409802983345	0.0358659146159	0.0357701832161	0.0746208350073	0.0894159576134	0.0875262166446	0.0864958545622	0.0938783206423	0.0456655608831	0.0418975114332	0.0465716947441	0.0502996706086	0.0497847261491
Signal transduction;mTOR	0.263175307314	0.284454055722	0.281709309301	0.265921871475	0.272268565075	0.265665545228	0.164333462355	0.19268108031	0.220333257895	0.215409832796	0.156061476368	0.184782330262	0.155118677722	0.243659935978	0.159554864284	0.251306446347	0.247905933396	0.25148018739	0.219995509346	0.222241746725
Transcription;Basal	3.53794591585	3.82504167998	3.58695433229	3.60072978323	3.60362307688	3.93801878607	2.57575615353	2.85862308038	3.37684418235	3.21027002977	2.19821094597	2.59302551104	2.16050703038	2.85097115583	2.43510907066	3.81098039891	3.64224016909	3.78631741553	3.50510296504	3.44077425265
Transcription;RNA	3.33382541705	3.77358384866	3.17975021816	3.21273696878	3.42094356796	3.5100172248	2.82071953688	2.90215105286	3.10762742087	3.02183053662	2.77415896766	3.05135458406	2.89854906767	3.04301334401	2.89198803056	3.37145130011	3.29354071919	3.47192523811	3.34112959642	3.19210495658
Transcription;Spliceosome	0.0553556511394	0.0323183873725	0.0556276797969	0.0611872733224	0.0419273045013	0.063078756145	0.0673769119709	0.0808559941965	0.055175594039	0.0738835224889	0.0755146602974	0.108319282685	0.106375307946	0.276152320363	0.0792697179334	0.0583899660197	0.0699233480226	0.0657224554233	0.0524685730971	0.0866534242527
Translation;Aminoacyl-tRNA	9.35593270758	10.4561036653	9.64082247136	9.5586169722	9.4965215689	9.32932831897	8.63864614857	8.89795510593	9.50145467925	9.27896089429	9.21937725663	9.53034669013	9.05710503989	9.37583519101	9.42988147036	10.14182517	9.87154854646	10.3123177257	10.0251538349	9.77062803009
Translation;RNA	4.40786662778	4.92353467434	4.35362783772	4.27982739181	4.48157636254	4.55325625975	3.16031588445	3.31553445322	3.97930671788	3.75596651492	3.12905617721	3.38361138263	3.02766894974	3.66634918664	3.2387963138	4.63506030237	4.38419065502	4.56563992649	4.38427604803	4.18940184061
Translation;Ribosome	18.5069533293	19.8582398644	17.2618835697	17.3722886233	18.5973492961	18.6225837427	16.1687024443	16.2885218582	17.5493413665	17.2911795498	16.3248830248	16.6052987376	16.3124975178	16.3250558149	15.9695138203	17.3733953671	17.1216780531	17.5595516863	17.0871290082	16.4488175408
Translation;mRNA	0.65201251486	0.663788846978	0.572810426706	0.571636290136	0.656605246846	0.658246402711	0.432408827159	0.473125080632	0.554516991222	0.515374939043	0.423733885654	0.511050580359	0.425997394522	0.608292047762	0.451678865725	0.652708635195	0.658535461531	0.629195942725	0.634402452787	0.573552161427
Transport and catabolism;Autophagy	0.551205513238	0.599134808715	0.520431719756	0.507296321743	0.557940812913	0.52629470784	0.415352130704	0.408203122067	0.511495142157	0.504313731082	0.376235414252	0.427159939281	0.415628348094	0.588377085155	0.420459049452	0.58174210269	0.57986183088	0.536799976355	0.470281680513	0.562346459533
Transport and catabolism;Lysosome	0.532487125327	0.554453732959	0.630882072569	0.594627896955	0.561038556944	0.429174946706	0.570651368232	0.620605896818	0.587537739394	0.600761177702	0.737317191216	0.68884388416	0.757573160196	0.700694564434	0.620886280707	0.493886907441	0.536939933415	0.550864006943	0.543487887937	0.651512252565
Transport and catabolism;Peroxisome	2.88883752327	2.89369176204	2.86205710618	2.8325284528	2.85969296147	2.76764314006	2.37118639008	2.49091265048	2.69070864414	2.61191278701	2.61487927305	2.64225084573	2.4994540416	2.56773027348	2.5952791707	2.78872347925	2.9675852823	2.69860541044	2.77512613283	2.65264630272
Transport and catabolism;Phagosome	0.164012054078	0.186238808831	0.137539282887	0.123026304345	0.162019230129	0.189950144488	0.128656500114	0.126879189579	0.137442409325	0.135633809604	0.100920658858	0.104187841832	0.10751561838	0.169278675879	0.108996331567	0.12392393331	0.128544318659	0.126173347482	0.116374961164	0.126543700986
Xenobiotics biodegradation and metabolism;Aminobenzoate	1.68540011987	1.44200647238	1.50197337786	1.49891059752	1.61940748614	1.74198548129	1.72024678078	1.5229289351	1.66652239666	1.65628024061	1.21942022227	1.25770587439	1.27849094275	1.3471590385	1.32050431362	1.36483129062	1.45129560313	1.42581823634	1.40576543392	1.39553236747
Xenobiotics biodegradation and metabolism;Atrazine	0.436782516907	0.435770712588	0.365116680006	0.400403494118	0.460789628319	0.596994996343	0.541000127072	0.423923009133	0.44607617214	0.48421475979	0.363031200622	0.33362426915	0.307708859408	0.36484306468	0.371199773901	0.403476897512	0.414183388759	0.381639236958	0.350460689524	0.330345958341
Xenobiotics biodegradation and metabolism;Benzoate	2.53556874117	2.45246467632	2.40678229962	2.39824803836	2.43609982218	2.45004651358	1.96933864459	2.11535893795	2.253480349	2.22484913671	2.04886615335	2.20161061995	2.0078852077	2.13820076221	2.1156854235	2.42708023125	2.3409695544	2.52647206269	2.37062372326	2.29458520895
Xenobiotics biodegradation and metabolism;Caprolactam	0.584318403308	0.586597326181	0.599105194848	0.598229057904	0.605307159257	0.586866008175	0.537086791932	0.602422408879	0.539535087618	0.5599612137	0.749460084003	0.6889628301	0.74956370855	0.712768049747	0.696745236722	0.552625834935	0.536920102173	0.611008263644	0.609268118593	0.585509853348
Xenobiotics biodegradation and metabolism;Chloroalkane	3.07124697422	2.76040732811	2.79689486492	2.73865130279	2.97032062397	3.6199205523	2.51175808357	2.37915949449	2.68922093078	2.67267654781	2.02484832001	2.27270026334	2.03925873749	2.29265150843	2.2230373894	2.70957585331	2.80339691822	2.56018230775	2.51711149821	2.60464579986
Xenobiotics biodegradation and metabolism;Chlorocyclohexane	0.84950610375	0.694940107919	0.742887620944	0.763964782053	0.787679093965	0.941136516497	0.93519470232	0.7788932005	0.832746548048	0.87970306934	0.657441708593	0.754692221862	0.691925314042	0.642548393515	0.742779655097	0.697569405403	0.70327538145	0.66802386924	0.711705068813	0.613901238261
Xenobiotics biodegradation and metabolism;Drug	5.19038031532	5.20685895954	4.98199845413	4.92678832067	5.14515613928	5.54171015964	4.29478838564	4.33062480349	4.79434927498	4.65280945503	4.04009022122	4.30107594342	4.01985111723	4.40824126753	4.29258483846	5.14720575682	5.16179384711	5.13763442674	4.96891466465	4.85759966631
Xenobiotics biodegradation and metabolism;Ethylbenzene	0.361989984756	0.324158500612	0.268678745662	0.276455850107	0.347095158783	0.438464600991	0.254057589876	0.2473016409	0.276108440976	0.265320040882	0.226220837063	0.241122856774	0.299453574063	0.23577475533	0.235467887963	0.21444212639	0.219862398554	0.227164312029	0.232156123009	0.22155377456
Xenobiotics biodegradation and metabolism;Fluorobenzoate	0.284153442415	0.192001460831	0.236871646252	0.264897348391	0.255004669923	0.289586193098	0.505105400712	0.354029273517	0.311292790185	0.362452716517	0.192507933371	0.22284828923	0.192476864597	0.185467665821	0.2466972703	0.183314178512	0.190238674571	0.181740293631	0.182609422817	0.166465920985
Xenobiotics biodegradation and metabolism;Metabolism	1.37243569926	1.23364578947	1.26426994089	1.21114704584	1.3425340942	1.58744702279	1.10557777889	1.01062068669	1.17420146039	1.18704422973	0.717740139848	0.822816500956	0.700502018549	0.915693641697	0.806877028921	1.14980082034	1.21382242221	1.06090648157	1.0670489656	1.0766722615
Xenobiotics biodegradation and metabolism;Naphthalene	1.3679457126	1.29422261531	1.35432006866	1.27320852371	1.37161120288	1.59948861353	0.869089482941	0.887980275427	1.08720482083	1.08057032412	0.667782402931	0.826822900306	0.615985165416	0.913698396699	0.760915254882	1.18584715714	1.21591013243	1.1539945493	1.08806577002	1.13660217033
Xenobiotics biodegradation and metabolism;Nitrotoluene	0.827757512927	0.795284231084	0.800134467202	0.715136633621	0.793570390915	0.762186005019	0.551267868217	0.583849598411	0.681020526151	0.627052551946	0.538346584529	0.467366722677	0.535477671642	0.589652064274	0.479288925089	0.693423340419	0.599177267302	0.759215769305	0.655562924063	0.695339605973
Xenobiotics biodegradation and metabolism;Polycyclic	0.0487166079712	0.0595344397924	0.0667752709034	0.0614757973657	0.0617737963029	0.0637239828108	0.0698787765827	0.081956893943	0.0746925567734	0.0689158177847	0.0609065074007	0.0957734000363	0.0544640810407	0.0963681743564	0.0771665477143	0.103815833836	0.0948395657156	0.10639304992	0.0874574688674	0.0737737136956
Xenobiotics biodegradation and metabolism;Styrene	0.765282721061	0.643163211261	0.725830033696	0.73467195293	0.7144276119	0.871218249658	1.00315332188	0.830604681374	0.846691994895	0.880518760541	0.652337713677	0.688890857409	0.664084855879	0.61266499533	0.7068201706	0.649212245347	0.642314943458	0.645019031121	0.637460727177	0.618495783271
Xenobiotics biodegradation and metabolism;Toluene	0.0994344923692	0.0855808822917	0.13682372038	0.144698105395	0.0880433002695	0.0732954788252	0.227176114041	0.180523365752	0.15072340474	0.178228489485	0.157047131063	0.210459430696	0.156863686288	0.155811721939	0.200757197114	0.176017080511	0.188598569746	0.159312260819	0.144371730583	0.126670380928
Xenobiotics biodegradation and metabolism;Xylene	0.200653773239	0.23255425353	0.227193032697	0.211742339262	0.199858646508	0.224839101777	0.149997540085	0.172423065663	0.194998340444	0.188693049314	0.172143932326	0.247976377734	0.145062878463	0.220719063202	0.183701706601	0.294082033985	0.270712208665	0.289265759062	0.25409398736	0.205975327864
>>>>>>> c825732bb19ee49dcbaecc89ec1c74a84f3b3bd2
