Category	SG1-2014-09-1	SG1-2014-09-2	SG1-2014-09-3	SG1-2014-09-4	SG1-2014-09-5	SG1-2015-06-1	SG1-2015-06-2	SG1-2015-06-3	SG1-2015-06-4	SG1-2015-06-5	SG1-2016-02-1	SG1-2016-02-2	SG1-2016-02-3	SG1-2016-02-4	SG1-2016-02-5	SG1-2017-02-1	SG1-2017-02-2	SG1-2017-02-3	SG1-2017-02-4	SG1-2017-02-5
Metabolism;Metabolism of other amino acids;beta-Alanine	9792.72636929	9357.84472381	8229.1683331	8284.75169314	9441.53779804	11178.4166717	9092.49618965	8805.67262644	9410.29914699	9235.14460294	6559.62307316	7480.72317004	6955.08041368	7071.9008685	7422.40360287	9003.86786057	9660.3947058	8538.68414797	8317.29401892	8149.68555824
Environmental Information Processing;Signal transduction;Hippo	6.83060699881	5.72607399866	7.63124699546	5.93132099938	8.87339100474	9.65032200406	11.9808710022	9.34513200153	7.056842	9.50546400097	8.84772800156	11.3595390016	16.3818440016	31.1952110022	9.35695699984	7.63723099879	9.70718899879	6.82364299918	6.92785900244	10.4886779926
Environmental Information Processing;Signal transduction;Hippo	10.1893819982	6.94394199838	10.5184029937	9.96539999895	9.21333200492	15.2143740064	16.0970800029	16.7290630027	11.893562	14.2564460015	12.2444090022	19.0637940026	20.9843370021	49.8654240035	14.3314579998	12.0414369981	14.8910719982	10.0401529988	9.60790800338	17.2717859878
Metabolism;Glycan biosynthesis and metabolism;Peptidoglycan	3449.3068074	3422.5834212	3744.21384877	4019.11970658	3309.25769176	2271.71965996	6360.97824616	5800.56479795	4687.971433	5144.62324852	7074.32966825	6943.37026496	7499.02035673	5128.28010636	6806.23131388	3791.7025324	3758.93166153	3929.80893153	4365.02343353	4418.17006088
Environmental Information Processing;Signal transduction;cAMP	88.0658699847	75.8265709822	88.2829009475	91.1525429905	70.0205630374	55.6098090234	102.552380019	104.610974017	91.892653	92.4862820094	159.322162028	211.952746029	200.13661502	177.946121013	222.392016996	113.484772982	104.754122987	108.167982987	120.283863042	114.860976919
Environmental Information Processing;Signal transduction;cGMP-PKG	38.0863879934	21.8539739948	32.9688239804	35.7953189963	27.6544160148	45.191712019	44.012405008	49.0994170081	39.002974	46.7471480048	40.7476780072	68.0955540094	60.4480720059	145.06205301	43.3451719992	36.0294239943	45.5716449943	38.2775619954	29.5602130104	52.0615319632
Environmental Information Processing;Signal transduction;Calcium	56.8044549901	21.016912995	49.8645919703	64.5183179933	36.8600070197	46.1335340194	156.355403029	102.988620017	94.0314689999	110.648902011	85.6665960151	72.7022130101	95.6012510094	131.098937009	92.4951939983	56.888909991	59.0456009927	40.6083359951	59.948724021	52.1396799632
Genetic Information Processing;Transcription;Spliceosome	149.489594974	87.5944239795	135.434016919	151.170744984	110.675254059	179.727351076	194.026074035	216.893638036	149.12893	202.363017021	173.216939031	272.672800038	261.848488026	600.871332042	199.344579997	166.531309973	185.780587977	188.005236977	133.107675047	215.313392848
Cellular Processes;Transport and catabolism;Endocytosis	78.3691179864	41.6575249902	70.9977409578	73.4781909924	54.6076600291	77.8593250328	208.550025038	173.081342028	99.038085	120.921495012	75.1416400133	118.921708016	138.918926014	265.104013019	118.597461998	136.065089978	96.141231988	100.712329988	84.7629280297	141.4564559
Cellular Processes;Transport and catabolism;Phagosome	418.354824927	472.891928889	314.106321813	284.81947097	401.756581215	511.284501215	350.773161064	323.886261053	352.14347	350.690593036	215.474640038	246.968212034	245.844191024	348.253496025	258.205662996	307.966860951	321.39253396	293.051746965	278.292675098	291.955670794
Cellular Processes;Transport and catabolism;Peroxisome	7617.86291267	7635.77719521	6796.42251195	6822.37318429	7351.21795792	7762.49974126	6680.01726321	6579.23067408	7112.75855199	6967.35945471	5706.52521101	6394.36257089	5845.67048557	5475.84545339	6284.73735589	7159.27980086	7580.41157606	6537.36532321	6860.28131941	6317.80020454
Metabolism;Energy metabolism;Nitrogen	7731.04960665	7525.39073424	6836.94739993	6684.3555163	7382.19081694	8277.85600848	6955.00115726	6415.36260105	6939.41053899	6870.0611107	5309.20146994	6453.4346139	5403.84873553	5509.50514239	6239.67222389	7506.87264981	7658.11818205	6802.85633218	7010.35759146	6569.60017336
Cellular Processes;Transport and catabolism;Autophagy	671.955467883	743.714811826	574.461217658	562.428152941	666.937867356	686.759648289	519.424111094	477.857932078	616.77342	610.644377062	370.696684066	459.725597064	424.033457041	526.742312037	463.025639992	693.54605089	702.063672913	593.629426928	541.31784419	616.976140564
Genetic Information Processing;Folding, sorting and degradation;Protein	7185.62531775	7420.92887826	6164.40674733	6120.82585136	7019.22649275	7304.84624807	5648.86702903	5569.22101491	6305.238648	5989.99570761	4274.75778276	5268.88863173	4477.12005144	4881.65731534	4961.64169391	7332.49060783	6784.64181016	6668.1561832	6686.44952935	6133.69072967
Cellular Processes;Transport and catabolism;Lysosome	1421.58717475	1493.51669265	1510.8658411	1445.00815785	1471.51835479	1212.92567851	1697.39761031	1713.03503328	1601.109536	1656.75572217	1631.26632729	1708.17265524	1819.02090018	1506.78646211	1556.16719997	1260.0004488	1370.99761683	1320.33080784	1349.22298247	1543.12105791
Cellular Processes;Cell motility;Bacterial	3689.70107036	4516.07717794	3175.04854511	3387.53301165	3898.11419608	3425.68839744	4091.97975274	4000.34042466	3885.274605	4018.70249341	2934.27710252	3642.83896351	3001.43612329	2849.8195832	3827.75603593	4841.46929523	4975.96660838	4100.33744451	3458.96802321	3904.67547824
Metabolism;Amino acid metabolism;Lysine	11847.3209109	12106.6606292	10214.8474019	10285.9845479	11531.1912532	11992.47713	11248.772082	10650.3772107	11230.899961	11219.4012491	9443.74267967	11214.5568636	10141.662364	9033.94261464	10491.9464808	11694.2598371	11289.9947936	10835.4070297	11282.376877	10639.8082075
Genetic Information Processing;Replication and repair;Nucleotide	13619.1335196	14098.7109167	12215.4204957	12315.1530247	13177.028789	14208.793369	11485.3940961	11186.9189628	12758.968768	12394.1454343	9649.57281571	11265.0943226	10165.736202	9724.57807969	10903.5770228	13326.6372419	12906.6183664	12761.1725715	12581.5375454	12017.7233435
Genetic Information Processing;Replication and repair;DNA	19268.4571246	20910.6976601	18359.3295251	18612.5354081	19112.2231142	20076.2170655	17097.2477491	16957.7323768	18926.030241	18593.4923729	16478.9847649	16810.5917503	15198.9622485	14746.891397	16423.2375727	20420.8245547	19889.4552885	19372.1336557	19713.9851499	18670.6741138
Environmental Information Processing;Signal transduction;Hippo	2.02961099965	1.2877719997	1.81232999892	1.81051399981	1.10152800059	2.18570900092	2.85305000052	2.70191100044	1.840856	1.9975020002	1.97602700035	2.69378700037	3.63992000036	7.53831900053	2.65827199995	2.65572199958	2.17565199973	1.75157199979	1.19477400042	2.4087469983
Metabolism;Xenobiotics biodegradation and metabolism;Steroid	81.0140449859	79.2311119813	63.2974369623	61.4997899936	55.1127800294	46.0810620194	69.2046210128	92.8038030154	80.5219949999	83.7796230085	38.1759960067	88.6820100123	50.841750005	74.3349290052	50.9798549991	84.9846879865	64.329774992	78.9464879905	57.8605580203	63.0741679555
Metabolism;Xenobiotics biodegradation and metabolism;Metabolism	3444.0725714	3087.05238928	2995.06407022	2880.1073267	3271.58884175	4177.63077176	3095.54562956	2593.51564542	3018.525124	3081.01697331	1627.79187829	2203.18537731	1720.62183517	2018.07799314	2145.33211896	2949.77438953	3139.95873561	2604.21972169	2625.08236092	2684.6760211
Metabolism;Metabolism of terpenoids and polyketides;Insect	2628.01215454	2448.49334643	2098.17948175	2154.15138478	2413.60883329	3258.96831837	2511.09787146	2334.81129938	2456.017115	2433.36951425	1890.50933633	2247.24945931	2098.9477522	1951.32199114	2255.60049696	2549.59457159	2710.97187066	2299.87326272	2217.34131178	2313.36736037
Metabolism;Xenobiotics biodegradation and metabolism;Drug	3523.80981139	3293.65690423	3150.60002212	3053.88439868	3415.61286582	4111.87724173	3267.27173759	2841.06268746	3174.267976	3246.45336933	2045.61502336	2701.20983238	2238.03888022	2422.52420517	2560.60521596	3159.7436605	3404.07177058	2817.73449566	2939.40056603	2951.85055892
Metabolism;Xenobiotics biodegradation and metabolism;Drug	9983.23473226	10309.8372426	8636.67804586	8750.89196609	9662.37274916	11007.5972516	8845.81286761	8600.02693341	9471.92813099	9150.06606093	7154.31822126	8322.07146615	7677.71759475	7283.11660551	8323.16758186	10017.1302454	9950.09825976	9563.99681885	9421.8493403	8817.83631677
Metabolism;Biosynthesis of other secondary metabolites;Caffeine	66.8517259884	59.0083259862	67.0701999601	72.6886369924	53.3231560285	98.6964190415	130.256325024	139.804021023	101.431628	98.2609310101	73.8449520131	80.0510110111	62.4647490062	85.8350000061	85.0908639986	107.128036983	89.6197579889	104.351893987	89.0010880312	114.213155919
Metabolism;Nucleotide metabolism;Purine	47782.9307227	50532.8102572	43877.2583759	44761.5284653	47032.4837801	49441.4925308	47793.0132017	45209.6845264	47242.121966	46955.3261748	41399.8554533	45698.8966123	42007.3083251	162330.064416	44275.3322952	49091.8471332	47886.193417	46949.2478264	48146.8082049	44288.8437137
Metabolism;Metabolism of cofactors and vitamins;Pantothenate	13485.0697036	13054.3228879	11222.2603893	11634.8718468	13040.354467	14317.010361	12635.0824933	12008.219246	12592.986227	12699.2836453	10796.1181949	12022.1777227	11320.8422091	10050.7282777	11860.6045998	12552.662876	12843.4594434	11957.8839556	11956.4455752	11567.3202088
Metabolism;Metabolism of cofactors and vitamins;One	9916.79266527	9969.47223966	9569.0260723	9406.80478702	9522.41485408	10096.7216002	9343.2564237	9096.52595549	9468.96288799	9668.94347499	8254.11330746	9396.3668543	8482.43073583	8065.13026457	9204.85864284	10750.2551383	10724.9386567	9906.26332181	10382.7365676	9710.47824814
Metabolism;Lipid metabolism;Primary	0.0	1.13071999974	0.43613499974	0.240051999975	0.63652600034	0.408711000172	0.851348000155	0.387780000063	0.0	0.58616700006	0.829187000147	0.837118000116	1.34886500013	2.25497400016	0.0	0.0	0.392561999951	0.292458999965	0.25523800009	0.0
Metabolism;Lipid metabolism;Secondary	0.0	0.0	0.0	0.0	0.0	0.0	0.0	1.88205600031	0.0	0.0	0.0	8.29296700115	0.0	4.05296800029	0.0	1.14172799982	1.29050699984	0.0	2.39270700084	0.0
Metabolism;Carbohydrate metabolism;Pentose	7654.27895967	7425.89970526	6444.19486516	6616.85225031	7731.47772713	8405.19931554	8073.49087147	7717.08696826	7352.596174	7615.54582077	7018.90573524	7915.7005611	7855.30982377	6400.19671945	7607.41060087	7273.31209784	6869.14165315	7299.89096812	6946.76813944	7084.350191
Environmental Information Processing;Signal transduction;TGF-beta	16.3815119972	9.78245399771	13.6560539919	16.0648949983	12.9456340069	20.0738770084	18.3584550033	19.6153440032	17.214747	23.9691840024	16.5866890029	28.656656004	28.0271760027	63.6287440045	18.2117549997	15.2676539976	19.2428629976	17.7066649979	12.9833650046	21.1203679851
Cellular Processes;Cell motility;Regulation	7.28351099872	17.243419996	6.14568399634	6.91985899927	5.61646700299	8.85830200372	7.53837200137	14.0494290023	17.096554	14.6993410015	7.3299450013	20.2659240028	9.41295100092	27.923090002	14.9760799997	11.1193279982	20.4714459975	8.90079499893	6.00185700211	13.7944619903
Metabolism;Glycan biosynthesis and metabolism;Other	28.446010995	5.93796799861	27.1548419838	36.9233319962	15.4552740082	14.9282880063	132.608522024	74.5456700122	58.7975819999	72.1476020073	30.3390370053	22.6736800031	36.3249580036	15.6028120011	42.5973589993	12.537335998	28.3970289965	7.11438199914	10.3669760036	16.1606369886
Metabolism;Glycan biosynthesis and metabolism;Various	1313.00883877	1576.85313863	1415.58679916	1426.77992485	1345.23402472	1281.12346154	1186.31489022	1436.96993924	1401.802761	1295.13085113	1309.92629623	1512.93196921	1419.73995914	1376.5986131	1466.17160397	1739.76807572	1657.12423179	1672.7401158	1656.19351858	1593.79630187
Metabolism;Glycan biosynthesis and metabolism;Other	1420.36305075	1596.27926763	1511.9082101	1395.06830486	1590.13745685	1350.60081457	1339.99955124	1555.70217825	1439.528775	1443.52958715	1894.33704633	1845.56638226	2083.7342532	1556.90289511	1822.43167197	1364.87764478	1438.70265382	1484.60730882	1660.60189258	1727.91837078
Metabolism;Glycan biosynthesis and metabolism;N-Glycan	2544.25175756	2710.49902636	2305.04828663	2327.29121976	2441.4651693	2422.72029002	2696.65273949	2536.81124742	2632.818231	2537.86524026	2015.64809836	2148.2543973	2106.7457432	1957.37717014	2249.00792196	2589.99671559	2474.97293069	2331.79640972	2434.26807285	2183.04276846
Metabolism;Biosynthesis of other secondary metabolites;Glucosinolate	832.643859855	727.790974829	546.125292675	838.613404912	799.544614427	900.68402638	809.057632147	708.111016116	706.279952999	654.048147067	528.765229093	578.87668808	541.440489053	525.765236037	591.75573099	690.27606689	645.80962992	583.41236493	642.077959225	750.59520547
Metabolism;Biosynthesis of other secondary metabolites;Isoquinoline	2107.17833063	2333.42852245	2058.75403577	2012.44045179	2104.90284212	2194.15474392	1825.20745133	1909.49813331	2040.333981	1973.9029482	1877.92432633	2233.92013031	2066.3866472	1952.21846614	2047.46965396	2421.63488761	2435.0542817	2245.14460473	2260.15269779	2126.5525955
Metabolism;Amino acid metabolism;Histidine	11924.4174969	11595.6264053	9996.05714205	10270.6272699	11350.9053951	12654.0748323	11270.537869	10290.2177037	11291.469864	10959.0902401	9051.8175736	10757.0680845	9702.90027195	9105.23754564	10412.3389708	11748.7817921	12080.9944305	10979.8847537	11039.3557339	10520.6429996
Environmental Information Processing;Signaling molecules and interaction;ECM-receptor	1.76587399969	13.5951199968	0.404081999759	0.264132999972	1.89790200101	1.38629800058	0.834546000152	4.01898500066	9.99249699999	6.44695400066	1.05300300019	8.72091500122	0.111707000011	3.72259600026	7.97637199987	4.44500599929	12.2565269985	2.14966499974	1.00198700035	4.8143729966
Cellular Processes;Cellular community - eukaryotes;Focal	9.42465399835	18.4536679957	7.78829999536	8.65775499909	6.9463220037	11.6527590049	10.0482050018	16.9437970028	19.104487	17.6487570018	9.63943400171	23.6293190033	12.9484730013	37.3881680026	17.3322639997	12.9581199979	23.0866979971	11.1696879987	7.88729500277	16.1842579886
Environmental Information Processing;Signaling molecules and interaction;Cell	2.78405099951	14.5534369966	1.89374199887	2.06759499978	3.11292900166	3.59789900151	3.24809600059	6.62851000109	11.555122	9.34135600095	2.2609340004	3.76540800053	3.40656400033	8.68454600061	2.56253699996	3.64590299942	3.59058799956	2.75043199966	1.81020000064	3.49653499753
Metabolism;Global and overview maps;Biosynthesis	194161.429311	192291.960744	173106.802805	176058.990731	186881.623651	198055.241746	192816.228278	179206.913427	189397.98567	189146.279522	159788.878257	181045.99418	168251.406929	150225.410421	177749.456317	191270.727321	188376.378393	178052.112277	184885.316023	173541.807163
Metabolism;Metabolism of other amino acids;Cyanoamino	3819.12836333	3530.01465517	3230.94873008	3314.47522065	3741.72691	4461.45125088	3652.89329766	3399.93665156	3464.31038	3624.31116237	4014.71782571	4347.5996176	3952.86643539	3156.63524822	3854.21910093	3519.48170444	3501.73288256	3310.1452386	3569.80805325	3330.34640965
Cellular Processes;Cell growth and death;Apoptosis	169.012270971	87.6573709795	91.0344829458	127.930860987	124.817446067	248.304333104	274.76943505	207.090225034	151.455612	216.838033022	68.5795440121	62.0926680086	100.62382201	70.563707005	89.2153839985	53.9744619914	43.0565789946	25.6862439969	51.9340840182	60.5426979572
Cellular Processes;Cell growth and death;Apoptosis	22.608061996	10.5712439975	10.3641799938	9.87812299897	14.1357140075	3.63988900154	31.6503350057	32.8040660054	29.225789	26.7670840027	6.03008300107	14.8198550021	17.3310230017	12.5315330009	4.88304399992	5.6549049991	4.74445399941	7.27073399912	4.09170600143	12.4164599912
Cellular Processes;Cell growth and death;Ferroptosis	4109.34066028	4335.01245698	4177.41193851	4070.84236858	4001.45241214	4206.21161077	3156.67213357	3388.53182655	3806.569066	3650.26002737	2918.81425052	3222.88305645	2823.38083927	2930.49731121	3209.62465294	3806.88738639	4193.67360248	3551.77610957	3890.65102736	3654.54980942
Cellular Processes;Cell growth and death;Necroptosis	2525.80062356	2661.42211338	2363.99863259	2359.76815075	2437.4725533	2785.29082017	2398.24657344	2392.64415339	2502.526481	2490.66792525	2270.7776044	2597.34488336	2175.65988821	2259.81015016	2436.97565496	2726.77886757	2732.39887166	2481.9667827	2667.79968093	2464.24740626
Cellular Processes;Cell growth and death;Apoptosis	676.734075882	743.681508826	572.623866659	561.728771941	669.004034357	669.903607282	526.885482096	498.174367082	631.886588	613.388019063	360.537188064	445.949299062	410.74458704	465.597108033	446.516620992	682.799641891	684.812804915	579.68934793	532.577892187	602.298426575
Cellular Processes;Cell growth and death;Cellular	26.0320209954	15.2681619964	24.9594589851	26.7412879972	20.3529970109	33.6946020142	34.1955820062	38.6162420064	28.428908	35.7846740036	30.4317530054	49.0804950068	47.6424390047	109.616213008	32.0527559994	25.6019279959	34.4057269957	28.6855909966	22.788306008	41.5200539707
Environmental Information Processing;Membrane transport;Bacterial	8282.40199256	8720.38165696	7731.5139274	8387.96242713	8077.76421831	7748.55106826	8872.47896461	8651.73298942	8661.03700899	8571.19843687	8142.02293144	9093.00573826	8911.74895187	7670.53753254	9250.67418084	8646.91598562	8603.00957493	8807.28678694	8598.99100702	8102.80548228
Metabolism;Metabolism of cofactors and vitamins;Biotin	7594.28740267	7061.19975635	6646.56214805	6582.93810031	7196.90752784	8173.11472844	7667.31408839	7110.67339316	7207.32516599	7330.57149175	5448.29631896	6492.0269649	6135.2722186	5491.78365239	6462.35221789	6825.64122291	6646.12782617	6773.57580119	6530.30214429	6443.58049745
Metabolism;Metabolism of cofactors and vitamins;Lipoic	1677.60188571	1699.0433466	1402.60370016	1502.79776884	1545.78236583	1566.34290066	1798.56396133	1602.78588826	1614.952169	1618.05772316	1412.79717125	1555.10752522	1430.87000514	1211.51136209	1647.43063197	1695.76964973	1610.1289518	1573.38685581	1700.2982316	1527.23433992
Environmental Information Processing;Signal transduction;Plant	3.09461399946	1.04436799976	3.29498699804	2.31681399976	1.28477800069	2.39274500101	2.16907600039	2.85136300047	2.042906	2.40090200024	3.87369200068	4.14366300058	7.64945500075	9.05888300064	4.45532999992	1.8650179997	3.2523599996	3.41314499959	2.33793000082	3.75354899735
Environmental Information Processing;Signal transduction;Phosphatidylinositol	1709.5963867	1807.35372858	1766.04884495	1815.25273481	1661.29905089	1712.76994172	2023.43371537	1836.9550313	1766.01535	1825.75696019	1647.65507629	1856.07283926	1719.46014217	1631.96581411	1813.44328897	1909.8603607	1879.94122477	1637.8902758	1655.26527058	1670.08254282
Environmental Information Processing;Signal transduction;Sphingolipid	33.3511149942	21.182810995	22.4183089867	26.3153569973	24.8071570132	32.9491890139	43.5095070079	40.0673610066	35.485238	39.374128004	39.9863250071	67.7251950094	54.3086560053	125.257011009	54.505207999	29.4212069953	39.8601919951	48.4023419942	39.4355360138	44.1545249688
Environmental Information Processing;Signal transduction;Phospholipase	67.9939059882	18.0773559958	57.141856966	65.0803329932	36.3473500194	38.7107470163	273.31151805	192.246188031	112.5721	134.908146014	58.6222940104	80.4190830112	116.341803011	93.6407790066	106.506291998	112.612751982	64.911237992	58.187093993	74.6831790262	83.5416599409
Metabolism;Global and overview maps;Carbon	87525.3440037	86594.1445357	77373.1952749	77677.6751949	83809.4531487	93203.8684092	80736.8253187	78018.1798828	82905.2605289	82135.3733314	67729.856356	77929.3367158	70710.0399549	65662.0342536	74601.9457437	87219.9087311	86383.5579433	81028.1803423	82985.4551081	77989.6773509
Genetic Information Processing;Replication and repair;Non-homologous	906.735827842	1008.36085776	1010.0054774	997.625304896	876.438521468	933.276185392	627.033092114	648.627156106	887.961623	834.184676085	613.068008109	622.637435086	545.667899054	581.644869041	565.95631299	890.652348858	763.065254905	844.312081899	856.8578363	806.84330543
Metabolism;Metabolism of cofactors and vitamins;Thiamine	6451.31502187	6677.04344144	6199.27954831	6473.67473533	6392.70026141	6686.65208381	7523.05344337	6992.54765015	6953.34217899	7182.99938873	7124.31224626	7325.11561102	7526.29217773	5892.20220242	7496.92729287	6412.05257698	6448.0202452	6013.86693228	6412.10299825	6240.68644359
Metabolism;Nucleotide metabolism;Pyrimidine	37755.7641804	41225.6359523	35091.7439221	35808.0321363	37663.5141261	40450.836273	37717.4451999	36489.32816	37595.40577	37641.8350998	34545.3010141	37420.9395332	34704.5172904	31231.8156012	36759.0137974	39500.9838487	38489.4797262	38208.8862834	38948.3062407	36790.327412
Metabolism;Biosynthesis of other secondary metabolites;Tropane,	2848.6978745	3017.13861129	2768.44189435	2703.86462872	2760.91044347	3018.57877527	2536.59420746	2494.35729841	2758.670425	2643.35070827	2323.60872841	2746.39768838	2328.68586423	2308.80440316	2630.72846695	3191.37206349	3107.66141361	2932.84030265	2961.15303604	2695.7349601
Metabolism;Glycan biosynthesis and metabolism;Glycosphingolipid	443.904499923	562.849183868	474.499204717	505.211744948	499.576385266	499.31045821	496.86168909	535.959413088	455.837152	480.192148049	632.717675112	654.608654091	724.887111071	538.541048038	700.777332988	454.640887928	495.562560938	481.216411942	465.340255163	588.987204584
Metabolism;Glycan biosynthesis and metabolism;Glycosphingolipid	0.0	0.0	0.287502999829	0.0	0.0	0.0	0.0	0.0	0.0	0.0	0.0	1.10592700015	0.0	1.30608500009	0.0	0.0	0.778443999903	1.13555399986	0.0	0.0
Metabolism;Lipid metabolism;Sphingolipid	3619.62294537	3696.79023613	3477.02761993	3359.10535365	3825.11842904	3446.19565045	3873.3604737	3894.76452564	3489.004511	3700.32206938	3442.80621561	3390.96186347	3859.09928038	3056.58036322	3608.25044794	2746.47934356	3019.97456363	3136.09265362	3352.60950117	3363.06099562
Metabolism;Glycan biosynthesis and metabolism;Glycosphingolipid	119.562194979	231.995357945	208.015708876	214.705326978	175.967244094	141.99196806	176.567812032	261.493430043	159.323907	181.347754019	465.965991082	467.562412065	533.967546052	365.748389026	455.000590992	232.041171963	219.533771973	272.132757967	274.420959096	365.903220741
Metabolism;Biosynthesis of other secondary metabolites;Betalain	21.7419139962	13.001010997	14.3502879915	12.6155439987	22.8838770122	2.34267300098	12.8490390023	8.94756100147	6.183384	5.62216900058	20.3250580036	10.5696720015	37.0506460036	54.5404880038	9.13405299985	6.97216099889	11.1430219986	4.70977399943	17.4009540061	16.1557409886
Metabolism;Carbohydrate metabolism;Glycolysis	33654.1368721	33372.3302132	29862.2287192	29711.1525849	31977.7246641	36494.1617554	30768.5514696	29164.6689728	31287.363012	31353.9812482	24534.7207003	28915.753689	26003.0297305	24669.2472067	27994.4767925	33677.6481456	32970.8360399	30949.0731323	30985.4253259	29753.3101
Cellular Processes;Cellular community - eukaryotes;Signaling	7.09906299876	3.76177599912	5.80647399654	6.95837199928	4.00318500214	8.41968200354	7.45826500136	8.04337900131	4.92329	9.61207400098	7.97636100141	10.8572200015	11.7160360011	26.5112180019	7.14664899988	6.286346999	8.28129199898	6.60694299921	5.37274400189	8.57191599395
Metabolism;Glycan biosynthesis and metabolism;Lipopolysaccharide	529.957941908	339.86484192	495.295239705	568.431696941	368.712492197	264.730371112	1216.71323522	1018.21465417	781.796127999	847.629535086	884.607659156	1106.76260015	1001.5496901	1064.62853308	1120.94859498	711.245642887	602.279344925	823.007300901	716.856915251	774.779325452
Environmental Information Processing;Signal transduction;Wnt	25.3083909956	14.7866429965	21.1178579874	23.4441829976	20.0643410107	30.811109013	28.5707020052	32.4266370053	26.218582	35.1361270036	25.9783800046	42.4832850059	41.338885004	99.157995007	29.1144829995	23.1600029963	28.3823289965	26.6439419968	19.856772007	32.7424229769
Metabolism;Metabolism of terpenoids and polyketides;Carotenoid	2179.59148162	1884.08309756	1982.44111182	2038.65917579	1964.50596705	1999.49456184	2625.07590948	2087.23086534	2216.464675	2293.01345723	1818.53016832	1967.67103127	1974.50718919	1619.81251911	2006.69931897	2231.71877164	2158.36061173	1910.28860177	2051.76310572	1843.4401907
Metabolism;Metabolism of terpenoids and polyketides;Terpenoid	13175.7547067	12612.600517	11462.8734142	11553.9327158	12694.6994168	12879.1885704	11923.2026912	11241.4976938	12318.829162	12116.4915902	9552.18109869	11077.8407985	10219.978898	9356.95442866	11001.0058048	12299.555882	11965.6394375	11497.8866036	11550.1146971	11121.1954061
Metabolism;Biosynthesis of other secondary metabolites;Indole	21.3919149963	11.0862979974	10.123271994	8.09492399915	20.9575650112	1.6740570007	10.995181002	7.24855100119	5.631512	4.8210510005	17.2553100031	8.27263800115	30.2917750029	10.6364110008	6.0949609999	6.57289799895	5.36400899933	4.39078699947	16.0097460056	12.6117449911
Metabolism;Metabolism of terpenoids and polyketides;Limonene	3266.52795343	3032.82739729	2643.31632543	2682.26662472	3008.31827761	3727.43244357	3032.97128455	2906.76118548	2986.138248	2970.4184133	2511.46569244	2867.5777584	2716.62352227	2592.87049318	2890.21985395	3122.6563205	3364.05711558	2914.20832165	2782.46491898	2888.07980096
Metabolism;Metabolism of terpenoids and polyketides;Zeatin	200.349474965	198.626881953	282.737174831	243.245642974	185.179666099	164.321728069	388.217818071	398.190232065	272.76863	301.47127703	504.696326089	468.539252065	548.331376053	415.445270029	539.01820099	230.828058963	258.999181968	286.624251966	282.396617099	276.332830805
Metabolism;Metabolism of terpenoids and polyketides;Sesquiterpenoid	534.810632907	499.415085883	377.673145775	384.97134196	502.216474269	597.755993251	617.075275112	488.84689008	515.248248999	515.732947053	346.514871061	326.084428045	309.12246503	290.664197021	393.048414993	455.421233927	423.177171947	418.25544795	430.498885151	375.364914735
Metabolism;Metabolism of cofactors and vitamins;Porphyrin	18802.6711337	18403.9503387	16485.7404632	17202.2689422	17409.0704993	20626.3482457	20680.1643288	18179.483795	19711.416844	20160.4686181	14405.1535265	16957.4171844	15277.9198825	14002.729737	16649.7105777	20848.5299727	20443.1778045	17641.4367739	18359.8273654	16993.559815
Cellular Processes;Transport and catabolism;Mitophagy	14.5359689975	10.2207859976	22.9821579863	21.5709009977	14.1739510076	20.3114720085	27.262173005	29.1016380048	21.69101	31.3986960032	14.5649890026	33.2779250046	29.2860270029	57.6576150041	24.7106339996	15.2113049976	23.3549639971	17.3456299979	10.7498260038	25.467282982
Cellular Processes;Transport and catabolism;Autophagy	720.170829875	769.60062782	604.096939641	603.925465937	706.325544377	713.2212143	592.019761108	547.20086909	681.857371	674.695829069	419.988227074	529.111577073	504.125479049	625.823133044	514.957145991	740.959540882	731.196070909	637.198167923	573.102528201	661.759464533
Genetic Information Processing;Folding, sorting and degradation;SNARE	20.8152329964	11.1361029974	17.7225639895	20.2649009979	15.9971020085	26.141683011	27.9897550051	27.3373700045	18.232991	28.4204800029	25.2479630044	36.344623005	43.6505900043	84.445026006	25.6096259995	19.7895199969	24.531599997	23.4267449972	15.5359200054	28.7187059797
Cellular Processes;Transport and catabolism;Mitophagy	5.03402999912	4.32370399898	5.57017999669	5.83614199939	3.79696200202	7.06356200297	6.35558300115	8.00905400132	4.501912	8.46310500086	7.57452600135	10.3036270014	12.4221920012	22.9619450016	9.59511899984	6.22900199901	9.07074099888	8.07711699903	4.71350200166	10.4105499926
Cellular Processes;Transport and catabolism;Autophagy	13.8647879976	7.98947599814	9.98150799407	8.09334799914	10.2538000055	16.634681007	20.9853460038	16.9669510028	11.879372	18.5978160019	12.6113750022	23.7082880033	22.2128940022	57.8904840041	18.0590629997	11.1981109982	16.5379999979	15.9505399981	10.1853470036	18.6836779868
Metabolism;Biosynthesis of other secondary metabolites;Prodigiosin	5607.88945002	5084.68378881	4912.77520908	4759.9910255	5325.74416884	6489.38319573	5325.10355197	5000.39893382	5071.626086	5149.54274952	3629.16985964	4521.09478563	4281.90981042	3896.13472827	4479.53771092	4952.53127021	4842.2050654	4885.82742841	4731.77531666	4744.24484565
Metabolism;Biosynthesis of other secondary metabolites;Carbapenem	421.037114927	430.636304899	480.989736714	585.026884939	435.668343233	292.404049123	850.282085154	774.671030127	689.991144999	709.930790072	862.986230152	853.573491118	859.428499084	731.294949051	950.687234984	671.282429893	615.507607923	621.154361925	664.446399233	620.892778562
Metabolism;Biosynthesis of other secondary metabolites;Clavulanic	4.28690499925	2.42939199943	2.26059599865	1.83093099981	2.4281610013	10.1419980043	2.43794800044	2.95960200048	3.203851	4.19458500043	0.0	0.271761000038	3.49734100034	1.02687900007	0.253587999996	0.233118999963	0.0	0.0	0.0	1.17723899917
Metabolism;Amino acid metabolism;Arginine	15602.0037233	15004.8124965	13622.3319569	13878.8930126	14908.556091	17707.5728124	15306.3561448	14364.9115474	15105.745076	15167.6444835	12505.4640862	14208.269991	13546.8277323	12286.9983079	14337.2566368	15844.6092015	15723.231356	14917.8112222	15192.1399193	14527.7489557
Metabolism;Global and overview maps;Microbial	143759.450707	141518.429077	126480.989601	126701.48081	137678.252113	153801.853467	134507.731485	126992.914747	135967.328424	135443.997603	106778.549123	124952.063644	112860.06141	105576.738076	120546.49978	141388.800303	140452.379134	130955.187553	134016.993188	126403.377609
Genetic Information Processing;Replication and repair;Base	8712.42969848	9582.87900175	8223.2979571	8319.77847113	8611.3772866	9128.86567284	7696.5650984	7604.29782425	8477.40642499	8342.94165785	6554.50807816	7675.75535207	6900.89564367	6466.49214546	7301.64269687	9109.55577455	9079.66170087	8691.13713995	8356.93464693	7931.8460344
Genetic Information Processing;Transcription;Basal	9024.43879843	9712.42969972	8191.73263213	8336.08680213	8935.84845577	10599.8759635	7022.62324328	7297.2466512	8651.86832699	8300.37513385	4693.37713083	6146.54131385	4940.19483948	5865.24361041	5768.6248979	9470.77484749	9106.49968387	8794.14674594	8381.91025694	7938.39240639
Genetic Information Processing;Transcription;RNA	8503.77709452	9581.76953675	7261.77732168	7437.84062022	8482.86090053	9447.83385598	7690.4991784	7408.36110821	7962.10360999	7813.15179479	5923.07771005	7232.970495	6627.79474665	6260.32800644	6850.94329388	8378.48869067	8234.66496597	8063.93566203	7989.7933708	7364.6743108
Metabolism;Lipid metabolism;Arachidonic	15.2208389973	7.31235299828	10.014928994	10.1501979989	7.82274100418	14.1068250059	15.9305020029	14.3515880023	14.108831	14.3826270015	17.8163680032	29.5073000041	36.9079320036	52.0359340037	15.2943549997	16.7510609973	18.6660569977	29.9562609964	19.8274240069	19.5923609862
Metabolism;Global and overview maps;Biosynthesis	85269.8753751	85343.616078	75102.6741933	77068.796865	82207.6252109	88018.067046	83405.7384072	77827.9324717	82658.2773199	82729.1079804	70145.5888234	80497.1122842	73478.5636782	65844.0118057	78133.0258936	85872.2621473	84013.1616756	79824.3731704	82456.0744329	77326.0122644
Metabolism;Xenobiotics biodegradation and metabolism;Styrene	2002.38564565	1668.91288961	1682.96592	1719.04758682	1813.86129097	2476.92859704	2769.5612325	2153.21197935	2212.230707	2318.86197323	1421.51711325	1731.02160724	1547.66737915	1303.32508509	1718.91256297	1686.18617873	1676.89582279	1581.66777581	1591.01875556	1473.88490696
Metabolism;Xenobiotics biodegradation and metabolism;Ethylbenzene	2672.40191353	2389.69653444	2319.76489362	2257.83766476	2575.79424338	3002.46975826	1820.81596533	1832.5085563	2056.700816	1971.6402152	1329.27343724	1756.57504324	1527.74359415	1519.04815411	1655.32986497	2034.62396468	2178.00162273	2052.06315275	2054.72994872	1918.74957364
Metabolism;Carbohydrate metabolism;Propanoate	25899.3756995	25280.5686891	21961.6381539	21739.7172377	24631.1342981	27929.8714378	21949.919418	21638.6081625	23335.64436	22976.9450803	17918.7065392	20357.3182398	18712.0444118	17540.8219292	19788.1118887	23089.4283893	23166.5513121	21548.2779814	22308.7920258	20786.3376363
Metabolism;Xenobiotics biodegradation and metabolism;Fluorobenzoate	733.208411872	496.091367884	545.510635675	621.596911935	640.599115342	789.666321332	1381.81940325	909.820931148	806.19846	944.554043096	415.436610073	534.890661074	442.046649043	387.701550027	587.73670299	462.519019926	481.44760094	431.767719948	447.748045157	404.902772714
Metabolism;Metabolism of cofactors and vitamins;Nicotinate	12258.4526219	12271.8697631	10629.2379287	11018.1859099	12239.8810395	12494.0388123	12430.0807273	11259.4811298	11801.356509	11861.9635302	10371.6140708	11538.6085746	10884.1780541	9328.72060066	11166.2511218	11639.2349071	11438.4587526	11098.0432117	11207.1838599	10670.0871195
Metabolism;Carbohydrate metabolism;Galactose	11467.56563	11553.7595103	10623.5817127	10573.6706169	11443.2863201	11050.6712316	11619.6130241	11202.9425188	11385.237558	11350.2283082	10017.5144838	11047.0815345	10362.903085	9174.73492965	11161.5561778	11799.2016171	12010.4049645	11007.0374767	11456.72164	11019.3647992
Metabolism;Carbohydrate metabolism;Ascorbate	6260.52022091	5921.88690961	5380.9811518	5432.54415643	6071.62975124	7799.61082028	5875.89645807	5551.09934591	5945.665235	6001.44938361	4438.14824378	5173.85629572	4969.74328049	4666.93340433	5211.51224891	5944.55817705	6116.65804424	5567.70856433	5593.76229396	5611.88166604
Metabolism;Carbohydrate metabolism;Fructose	8165.64278458	8171.56622809	7895.9287143	8031.48693416	8044.98380329	8836.60665672	9304.16669469	8630.04937841	8636.78123599	8775.25272989	7937.6128014	9441.12587931	9026.61599588	7365.97285552	9244.95407284	9007.72528957	8545.05041994	8999.01748392	8725.41327006	8605.88766392
Environmental Information Processing;Signal transduction;Hedgehog	18.1178149969	11.1510419974	16.0097049905	17.5514459982	13.9610230075	22.0647740093	21.5527890039	23.2126820038	16.759477	23.9836550024	17.7460440031	32.2516580045	29.8990760029	72.5089140052	20.7485089996	18.981027997	19.6851529975	20.0911679976	15.9965810056	25.6062489819
Environmental Information Processing;Signal transduction;Hedgehog	17.404891997	10.7548899975	16.9349999899	17.7902099982	15.1474960081	21.8437550092	21.928819004	25.6074750042	19.329022	25.5335580026	19.6766440035	33.5895890047	29.0945250028	75.5851440054	21.8421589996	19.0964989969	20.8760409974	18.5997629978	16.4198930058	25.1948549822
Metabolism;Metabolism of terpenoids and polyketides;Biosynthesis	289.737238949	343.802411919	367.088139781	376.070929961	287.758262153	214.31182209	570.513795103	527.887126086	443.678042	451.596507046	763.739264135	713.348608098	884.407301086	555.592783039	703.979349988	370.200809941	357.131508956	411.10141495	471.597255166	450.789944681
Metabolism;Metabolism of terpenoids and polyketides;Biosynthesis	845.628429853	922.537593784	756.19046055	759.642563921	794.819419425	827.866144349	878.385663159	759.665206124	823.412552999	861.567236088	647.748543115	777.074914108	692.342596067	652.418822046	799.264039986	886.288081859	879.165667891	830.3133709	833.219068292	789.793458442
Metabolism;Metabolism of terpenoids and polyketides;Type	26.2777179954	11.2607669974	14.5534519913	20.7509219978	13.3035390071	9.19755800389	46.2498010084	56.9913010094	42.079192	40.3967630041	10.3679570018	11.9017480017	11.5513580011	2.8449050002	28.6653569995	11.1593629982	6.91858999914	4.06297799951	2.70833100095	4.04792699714
Metabolism;Metabolism of terpenoids and polyketides;Biosynthesis	700.166784878	642.724241849	709.378021578	653.925186932	686.438183366	606.302462255	749.831089137	780.586728128	694.773859	686.52801007	652.979552115	709.496713099	632.130154062	572.90826804	803.744017986	626.541948901	710.640548911	645.080005923	733.907626257	691.400109512
Metabolism;Metabolism of terpenoids and polyketides;Nonribosomal	77.4854079865	43.6324659898	83.8757869501	90.9435809905	57.3157590306	50.2635410212	227.927332041	169.031856028	128.888103	149.940479015	62.6560990111	64.3854800089	86.2926240084	42.532804003	83.1288509985	54.1010039914	90.5785479888	51.1875429939	40.0787510141	74.8707589472
Metabolism;Metabolism of terpenoids and polyketides;Biosynthesis	42.4294789926	39.4676949907	72.429709957	80.8743809916	44.7036700238	26.8634700113	59.0302750107	49.8811620082	40.54263	49.327902005	27.1924340048	92.6053770129	32.6311400031	45.7544660032	93.1671569984	51.9978609917	28.8627349965	47.2544099942	41.9270090147	45.8961099676
Metabolism;Metabolism of terpenoids and polyketides;Biosynthesis	5.59590399903	1.49505399965	29.0564279827	22.5860379976	3.28348300176	2.25576400095	17.3909190032	9.1804530015	7.56237099999	10.9937010011	3.36052000059	2.8634090004	2.71298800027	5.79724100041	8.32434699986	1.37239199978	17.0322399979	1.14757799986	0.537782000189	1.58690599888
Metabolism;Biosynthesis of other secondary metabolites;Phenylpropanoid	1864.07703768	1587.48536463	1376.03453118	1477.97509185	1662.10292889	1811.28910876	1724.25486831	1575.07639426	1667.162312	1617.84438816	1975.98731235	1650.19343123	1819.65368018	1371.1107441	1842.36608397	1356.86067478	1329.72422383	1279.84424285	1458.04203251	1305.53790608
Metabolism;Biosynthesis of other secondary metabolites;Flavonoid	115.65851398	92.7217879783	109.184915935	139.410861986	93.1293600497	71.9973130303	247.344732045	172.828271028	167.727011	170.442394017	168.01339903	172.715546024	178.370936017	118.757853008	225.231343996	106.626934983	88.2917729891	75.6339189909	121.241238043	112.95586692
Metabolism;Biosynthesis of other secondary metabolites;Flavone	81.1022219859	97.1626799773	81.4757619515	90.8392539905	85.6696230457	86.1952300362	142.998195026	136.641672022	130.964198	156.490005016	46.5835560082	62.9859800088	88.3299610086	72.5403390051	89.1184209985	78.4789229875	127.206652984	81.0415319902	44.9986990158	111.601262921
Metabolism;Biosynthesis of other secondary metabolites;Stilbenoid,	115.65851398	92.7217879783	109.184915935	139.410861986	93.1293600497	71.9973130303	247.344732045	172.828271028	167.727011	170.442394017	168.01339903	172.715546024	178.370936017	118.757853008	225.231343996	106.626934983	88.2917729891	75.6339189909	121.241238043	112.95586692
Environmental Information Processing;Signal transduction;TNF	5.52907699903	3.92493399908	5.7064369966	7.13020799926	3.78516200201	7.18380900302	6.49333800118	8.97544800147	5.246736	8.22603200084	6.40992800114	10.5262410015	10.7455090011	25.2962760018	8.94865999985	5.92428999905	8.57853799894	6.27936499925	5.29594600186	7.2220149949
Metabolism;Metabolism of other amino acids;D-Arginine	127.218850978	193.821101954	140.215176917	137.055246986	154.224346082	100.633721042	194.073587036	237.435532039	180.575919	183.913417018	328.320655058	307.131083043	424.189616042	206.095406015	319.198056994	143.047867977	146.019930982	179.489287978	207.694184073	187.352890868
Cellular Processes;Cell motility;Flagellar	291.851559949	258.40488494	318.34375481	371.194476961	239.852029128	122.076948051	387.76769707	457.585585075	457.10237	425.086487043	500.675920088	668.657871093	543.934838053	459.321945032	479.626452991	245.148761961	407.519849949	227.220146973	262.893202092	333.089474765
Genetic Information Processing;Folding, sorting and degradation;Protein	10385.0584262	11222.9333234	9417.27839539	9990.59497096	10309.7366205	10375.4316524	10841.407649	10380.8073817	10682.219618	10636.0259531	9284.71581264	10174.2732804	9829.28058296	8638.75054561	9978.66305083	10660.6368063	10582.4735077	10166.4701488	10565.3589697	9810.55028207
Metabolism;Metabolism of cofactors and vitamins;Retinol	3426.0704494	3231.18516124	3066.45294217	2950.29928969	3334.50763078	4303.46169381	2658.81714948	2428.1610274	2925.275421	2948.1738863	1613.20823129	2320.26829932	1692.38246017	2034.43428214	2083.22771796	3113.4886785	3374.08228358	2775.84248467	2645.62352393	2806.29682702
Metabolism;Xenobiotics biodegradation and metabolism;Caprolactam	1497.17675074	1495.05337565	1376.34199918	1389.24386885	1507.54760781	1589.11154167	1474.07979327	1542.41493225	1388.980313	1453.83108115	1603.18296728	1635.48388223	1716.27350517	1467.5756491	1653.23175597	1375.33602078	1343.88943183	1422.19671083	1458.30050551	1354.68136104
Metabolism;Metabolism of other amino acids;Glutathione	4712.17765118	4187.73793802	4117.36940955	4287.17735455	4367.40123433	4807.34193502	5999.13993109	4873.1476788	4800.188857	5026.64280951	4550.3014718	4920.97197568	4687.27678946	3900.15416228	4799.72017992	4486.23280529	4409.80921945	4254.74376249	4436.56159356	4189.54724204
Metabolism;Energy metabolism;Carbon	30553.1896867	30443.5408959	26726.5402741	26848.7956262	29260.6294636	32852.1036638	26999.1992959	26564.4549353	27837.996457	27915.5647828	22637.572887	25738.1447076	23726.1805123	21488.9068925	24743.0085476	28176.4533825	27978.5214715	26226.1821368	27079.5216375	25437.673591
Metabolism;Carbohydrate metabolism;Starch	13116.8689167	13332.0120729	13124.1763302	13272.3260546	12968.5001459	12895.2526114	15066.3754347	13862.5679443	13851.634142	14178.7689524	14824.8650866	14991.4098281	15344.8087245	11978.7251208	15634.5760857	13259.8805479	12857.4387164	12301.0469515	13613.2364298	13129.3582147
Metabolism;Energy metabolism;Methane	27653.3345452	26677.1872627	23014.5010563	23168.8517376	26167.367825	30328.5714778	24580.6355205	22837.1846627	25083.471896	25136.2168546	18923.9660403	22303.3991841	19893.0993449	18807.7083193	21274.2763116	26403.3088908	25671.1152298	24178.8536371	24260.5343775	22775.3109169
Genetic Information Processing;Replication and repair;Homologous	5880.11424598	6010.88690159	5800.85293555	6151.78936036	5591.26663599	4869.33172305	8515.96930955	7793.68718728	7080.52788599	7424.91005876	10906.1942469	9527.78398532	9950.21881497	7232.75812551	9569.06559883	6235.49535601	6166.88573524	6296.04603124	7281.16383455	6861.34553815
Metabolism;Biosynthesis of other secondary metabolites;Aflatoxin	4.99475799913	4.65258399892	8.24907299509	5.12599899947	6.35079300339	7.85190800331	10.4053910019	9.86828400161	7.696385	10.9578430011	8.81078900154	15.1487160021	11.7707520011	33.1229590023	9.59061199983	6.57577399896	11.1356019986	7.64898799907	6.69799600234	10.9854439922
Metabolism;Amino acid metabolism;Alanine,	22671.9247871	23887.9275944	21005.6215305	21182.1734598	22494.272365	23721.438743	22032.031051	20701.6226264	22135.851111	22070.7073672	17994.5477402	20545.0509209	18431.9683728	17354.4001932	20194.5318126	23073.1748663	22502.7551662	21642.5926544	21852.6714717	20832.1769603
Metabolism;Metabolism of terpenoids and polyketides;Tetracycline	29.6101199948	29.4025559931	59.5876499646	62.6487709935	29.8507300159	23.6076260099	56.9995070104	41.8071200069	33.020357	39.484554004	21.1957880037	85.7621250119	26.7477420026	40.5538760029	82.6652649986	41.4985499934	25.8680969968	38.6570819953	29.9764410105	37.0126759739
Metabolism;Metabolism of cofactors and vitamins;Vitamin	4522.56118321	4733.59228289	4187.23872951	4203.14318956	4411.63861736	4714.82082398	4472.96576081	4181.54075168	4593.625999	4565.61316747	3675.30333065	4375.51584661	3925.88353538	3468.46483824	4127.91627893	5002.9205312	4720.21042041	4557.57486145	4731.83321066	4285.94847597
Metabolism;Carbohydrate metabolism;Citrate	20692.1899554	21618.8338569	19140.7780196	19136.127117	19904.4847756	21598.7425771	19384.8831615	19736.7597622	20285.926306	19667.704665	17996.3753362	20480.3151648	18364.2957658	17189.0305232	19367.0408547	22110.9168105	21504.3712893	20621.3658215	21094.9222804	19708.4588211
Cellular Processes;Cellular community - eukaryotes;Gap	15.4268679973	9.41797499779	13.438748992	15.4066969984	10.4785910056	17.5018000074	19.8026130036	22.3799340037	14.021989	21.8467900022	17.3300180031	27.7784090038	23.1566230023	55.1572640039	17.8786779997	14.6430489977	17.0369429979	17.041821998	13.5686320048	20.0026259859
Metabolism;Glycan biosynthesis and metabolism;Glycosaminoglycan	675.741479882	777.718034818	664.671064604	707.397634927	679.282328363	530.725910223	980.066516178	1059.99139417	895.910209	953.256465097	939.914429166	986.247129137	1170.08893711	809.474104057	914.092419984	619.966513902	799.652656901	678.418259918	629.528222221	888.318312372
Metabolism;Glycan biosynthesis and metabolism;Glycosaminoglycan	1.68012299971	1.18307899972	0.620638999631	1.50945399984	1.33376700071	2.1393310009	2.67334600049	3.6550970006	1.40663	1.84146800019	3.33138800059	4.3019890006	35.8095420036	8.01731300057	1.90117799997	1.78972499971	5.13870899936	2.57801999969	1.60316500056	1.93819299863
Metabolism;Metabolism of other amino acids;Taurine	3979.75749331	3936.64138608	3500.43201092	3479.75603464	3971.74783612	4765.029261	3402.56964962	3337.15008755	3612.936392	3599.35946937	2922.77569952	3634.2417565	3049.0904803	2848.2871332	3177.68577394	3875.95302238	3708.76102554	3665.76170356	3698.7770593	3531.08285251
Environmental Information Processing;Signal transduction;Ras	13.7103349976	7.25229699829	9.34602899443	11.2212439988	8.94929200477	11.1718120047	14.4092100026	17.7734350029	10.2813	16.5727090017	14.7155700026	22.9415260032	26.7969320026	42.276569003	16.1371219997	9.50913299849	13.9265829983	12.5779609985	10.8356520038	17.9547159873
Genetic Information Processing;Translation;Aminoacyl-tRNA	24370.9874638	27006.2638997	22519.2300536	22575.6435166	24047.2997868	25818.3431039	23930.5064883	23083.4569968	24757.803596	24426.7078805	19886.6634845	22887.1197992	20977.1742711	19571.1878334	22605.4480936	25566.2834739	24969.4399629	24331.9469751	24437.5125276	22959.3028358
Metabolism;Metabolism of other amino acids;D-Alanine	576.2467879	635.159930851	648.247592614	668.50024993	545.626697291	372.210522157	1050.87162519	999.792819164	775.318709999	862.723179087	1380.10062624	1266.12872118	1527.84981415	956.935793068	1348.16059498	627.4639949	645.158096919	694.142160917	825.459039289	796.652356438
Genetic Information Processing;Folding, sorting and degradation;Sulfur	7039.02645577	6998.71118036	6428.48456117	6575.29286431	6765.11693061	7152.47326401	6595.7461252	6411.65528105	6922.85719499	6853.5356757	5599.03258599	6772.06304094	5958.01774158	5563.67478439	6483.27735889	8028.55989672	7632.01660005	7212.20924313	7345.10332558	6518.4274814
Genetic Information Processing;Folding, sorting and degradation;Ubiquitin	76.5974309867	44.7765309895	61.5492959633	75.5493429921	55.6888550298	89.9961820379	106.096862019	107.213062018	85.881761	106.888062011	95.5132330168	130.277098018	131.265663013	318.267397022	89.6444779985	68.896252989	84.4796559895	84.2123549899	65.1068150229	100.308798929
Cellular Processes;Cellular community - eukaryotes;Tight	717.609061874	820.168947808	593.214939647	607.976516937	726.981808388	904.944044381	573.702758104	594.622786097	712.231141999	670.792550068	380.935580067	455.965660063	414.527003041	428.64356603	437.159771992	798.852141873	634.901895921	695.524914916	563.067243197	620.040473562
Metabolism;Metabolism of terpenoids and polyketides;Geraniol	3868.61021132	3445.09429519	3262.55240506	3179.32546167	3686.68136297	3973.44181867	2814.36738351	2842.39221147	3113.27006	2958.5332713	2208.76136939	2777.00293739	2423.83009424	2530.20954118	2631.39724696	3047.56350051	3286.73089659	2971.23597364	3044.33447207	2849.21162399
Metabolism;Amino acid metabolism;Valine,	24208.0410058	23782.4243864	20399.8510749	20491.9247789	23332.8281435	26504.9213232	19882.0435276	20024.6142933	21962.30497	21222.1987332	17222.010655	19792.5428667	17998.8794488	17015.4396872	19006.5352887	22025.9707515	22392.6568552	20866.2743325	21503.0458005	20135.1060648
Environmental Information Processing;Membrane transport;ABC	64906.8400477	63673.3394611	63366.7016103	62411.6924545	63134.9115517	68235.7535427	63205.8291075	60480.7056989	63491.995506	62632.7096274	47550.0360484	54885.5108176	49792.1831639	48655.0346494	53927.8546161	66013.9267885	65372.0837359	62923.8918564	64856.0712427	61266.0607407
Metabolism;Metabolism of other amino acids;Phosphonate	1431.30323675	1257.51716371	1064.55464537	1138.78162688	1354.27766372	1388.46990658	1432.67172726	1183.58853619	1353.530211	1351.88906114	702.682269125	954.512537132	897.680750088	870.636584061	911.960435984	1288.73545279	1310.06456784	1008.55348288	1010.18572035	1192.63566916
Metabolism;Global and overview maps;Biosynthesis	158937.958157	157117.538933	140830.132959	141705.94778	152806.335116	164884.848846	150540.73263	143700.082067	151696.517476	150917.230537	125332.798354	143820.197618	131943.340521	120151.772787	140276.783287	155737.312314	153045.146835	145641.906121	150234.903458	140924.448609
Genetic Information Processing;Folding, sorting and degradation;RNA	6633.22142684	6705.62672943	5953.76501346	6163.47966436	6425.96116643	5984.00594752	8443.70978354	7788.15312727	7312.20530999	7523.28478277	7673.13792036	8401.74432417	8362.87625082	6868.72966149	8238.68840386	6864.44122891	6662.26636517	6862.31328818	6875.32877141	6548.22740338
Genetic Information Processing;Translation;RNA	11249.92551	12504.0804901	9945.89829108	9915.82940297	11116.1549469	12256.6042122	8631.07796157	8479.80457339	10205.755185	9714.64920999	6692.21435818	8027.37146711	6940.13884168	7595.71343754	7682.68742787	11522.4422182	10964.5545526	10611.4016227	10492.1866077	9679.42200716
Genetic Information Processing;Translation;Ribosome	39419.7195821	42023.0554612	32517.6686836	33408.9034135	38366.2029475	41324.8810644	37872.0772689	35614.4424048	37858.768548	38000.0006699	30293.7253184	33884.5177147	32568.7503222	28553.454683	32588.0208354	35639.0850043	35767.3542835	33796.5187239	33979.2266539	31453.9466878
Genetic Information Processing;Translation;mRNA	1668.75300871	1688.9345566	1312.50932322	1329.78378486	1632.28704587	1779.08943775	1185.99829922	1216.3069962	1426.148284	1341.82667314	910.974135161	1221.34331617	983.841733096	1276.72399409	1077.98150198	1627.54822874	1655.08296879	1468.42516382	1523.39796953	1332.06984506
Metabolism;Energy metabolism;Oxidative	32385.7956714	33350.5248352	28419.6979021	28901.424995	31999.5020751	32374.0882736	32855.039981	31277.1342691	32100.583778	31728.5999882	26183.3116106	29080.328847	28821.7868498	25021.0235398	28523.5782225	29699.1985243	30255.4482352	28687.1303806	28393.494032	27688.7752854
Metabolism;Energy metabolism;Photosynthesis	405.847492929	89.1732569791	367.588799782	504.044294948	220.310902118	222.387402094	1778.21845332	978.22641816	809.485698999	1013.6475421	574.955641102	353.441631049	563.345849055	247.369233017	686.057371988	391.877419937	394.776228951	124.649238985	457.52142316	242.998260829
Metabolism;Energy metabolism;Photosynthesis	3566.48700938	2021.94589353	3194.6073351	3765.62413261	2536.60379335	2219.27913993	9768.06171177	6572.23865708	5500.10654999	6403.42468665	5531.88728898	4638.32771064	5481.44213054	4044.35493628	5730.9707499	3392.88487146	3515.86792456	2487.2465477	3984.4241654	3089.41218082
Metabolism;Global and overview maps;Degradation	6462.20821987	6355.10324951	6015.69202042	5846.45453939	6351.42123939	8232.52052346	5490.031498	5177.78708085	5733.762027	5870.5070096	3855.98644068	5054.1237237	4048.9367584	4293.9224133	4717.94619392	6044.13619704	5902.34138727	5763.47968931	5647.86580298	5376.6731792
Metabolism;Carbohydrate metabolism;Butanoate	23997.4088938	24440.0002603	22282.1514687	22248.8866077	23627.2048456	25192.4860546	20769.6093368	21072.0267345	22581.280321	22053.6831712	17917.6741962	20815.5422519	18755.6234018	18042.5123073	20044.7286037	24105.8695192	24529.263673	22399.4504833	22579.3098889	21817.6673346
Metabolism;Lipid metabolism;Fatty	88.5619469846	82.1842279807	119.769096929	119.437874987	74.8727320399	57.4283890242	133.047902024	138.209068023	106.873682	124.400583013	119.805177021	176.597339024	181.184723018	141.42776601	195.689463997	103.324980984	72.395804991	111.954767987	96.4794860339	156.650966889
Metabolism;Lipid metabolism;Fatty	12039.0193969	11779.6098462	11176.0687533	11003.2343239	11495.9488471	12917.6840874	11598.3773921	11251.5789458	11470.240624	11574.5647082	9397.83443466	10790.2853185	10138.77065	9177.62490365	10648.1333068	11131.7436152	11316.7946636	10764.5047227	11267.3835609	10779.6306684
Metabolism;Energy metabolism;Carbon	8857.07594246	9066.51554188	7931.40056128	8265.44441414	8635.56315261	9160.91348685	9828.15927778	8797.40468544	9195.00933899	9291.33310595	7997.13119741	8997.52524525	8532.29124783	7397.22545652	9010.93506084	9506.31056749	8953.80881789	8785.66486994	8758.10414807	8224.00084619
Metabolism;Biosynthesis of other secondary metabolites;Monobactam	4760.59665917	4910.82237185	4250.94168947	4358.62545755	4693.69573951	4706.65000598	5217.48154895	4929.11480881	4880.9072	5078.14644952	4585.30081481	5230.81713173	4848.70359847	4100.94473629	4875.47800792	4823.79460523	4923.62871739	4531.75247046	4769.10013467	4539.79473279
Metabolism;Amino acid metabolism;Glycine,	28464.692618	28113.6265954	25127.854578	25165.4998514	27215.6927765	30153.4365307	26600.3320588	24902.5497701	27188.42351	26836.9583017	22270.4961809	26286.3303386	23026.1169793	21712.5861195	24528.0410706	29877.2844272	29462.2277783	27264.2939607	27593.7005187	25847.5945587
Metabolism;Lipid metabolism;Steroid	514.394573911	502.514812882	361.209903785	370.785068961	495.985867265	605.856124255	507.832952092	426.23237407	467.247608	463.039455047	293.175440052	332.660226046	290.434100028	353.124138025	351.800713994	458.806246927	417.012585948	426.468396949	426.32242815	383.927260729
Metabolism;Metabolism of other amino acids;D-Glutamine	1485.86209674	1660.16322461	1550.28417108	1491.88133884	1548.95044483	1550.19348965	1840.87529233	1786.07086329	1695.896949	1777.30207518	1959.85145635	2004.79817528	2063.7368522	1590.17251211	2024.63219296	1517.11434876	1538.92218281	1459.52465582	1695.14119959	1592.68067588
Environmental Information Processing;Signal transduction;Apelin	661.362096884	720.099751831	640.357560619	612.799219936	667.890189357	704.137485296	434.557422079	483.464019079	557.724335	539.628947055	324.500517057	428.904935059	342.717830034	467.294635033	370.232438994	617.543390902	610.985731924	567.812263932	519.120246182	504.734493643
Environmental Information Processing;Signal transduction;VEGF	3.93140399931	2.25998499947	4.34764099741	4.07657599958	2.68119600143	4.74938400199	4.83643600088	5.88242700096	4.224625	5.41104100055	4.23158700075	6.92834100096	6.28406000061	16.1340800011	4.94086799992	4.33439199931	4.61145199943	4.67833499944	3.44569500121	5.06925199642
Metabolism;Lipid metabolism;Biosynthesis	5856.22130298	5345.13710475	5162.90057293	5025.04772048	5547.86583096	6615.68238778	5655.99045903	5378.41778888	5332.348013	5454.72844755	4206.61854774	5096.01913871	4866.51529548	4297.4886663	5026.23653991	5182.55423517	5121.14658236	5157.85835238	5014.09988976	5061.36604942
Metabolism;Xenobiotics biodegradation and metabolism;Chloroalkane	8163.48928158	7215.49247631	6673.44258603	6597.12813431	7662.24597009	10086.5143242	7137.3432063	6248.74768402	7130.798624	7104.00582472	4456.43635979	5758.6395218	4864.68268748	4922.21820835	5582.9588859	6989.12860389	7221.5906811	6190.77384926	6248.14769719	6324.44508253
Metabolism;Xenobiotics biodegradation and metabolism;Polycyclic	131.967142977	157.554531963	160.118347905	150.784353984	163.520709087	173.204789073	196.574753036	217.250199036	201.281503	184.624944019	156.418350028	238.049943033	138.999259014	223.124208016	193.476625997	276.044521956	249.586542969	268.081662968	227.40003108	188.241689867
Metabolism;Xenobiotics biodegradation and metabolism;Aminobenzoate	4326.60072124	3690.31157114	3484.01626393	3500.34266564	4046.27612316	4722.44276399	4714.79194186	3918.81158364	4320.142665	4313.38592344	2642.93138447	3090.28741943	2964.23175629	2822.6615782	3288.51718594	3478.03673345	3714.63366754	3412.67949059	3444.35460421	3289.57480468
Metabolism;Xenobiotics biodegradation and metabolism;Naphthalene	3477.20512039	3281.00371323	3238.11940907	3052.27036468	3392.22318981	4249.68865979	2475.68899345	2307.82285638	2832.107275	2831.32887529	1535.87785827	2277.73176832	1549.00171115	2042.95611414	2073.96720397	3129.1210185	3191.2826846	2877.79423765	2750.81644296	2866.22094798
Metabolism;Xenobiotics biodegradation and metabolism;Dioxin	116.71770198	134.138462969	135.867823919	131.425359986	121.511885065	193.909877082	113.640540021	109.752019018	128.610665	132.655050013	98.5864670174	78.3703160109	73.9085940073	70.448820005	71.9796409988	132.446919979	110.270401986	101.852735988	139.479220049	81.4888139425
Metabolism;Carbohydrate metabolism;Pyruvate	33329.2589952	33205.2799882	29074.9949187	28993.518615	31677.6795519	35444.0068869	29928.8495404	28891.4422727	31012.283748	30784.8926171	24926.1333854	28834.637412	25962.9912975	24445.6068887	27983.4316665	32754.8898838	32600.452217	30557.1298103	31229.127633	29268.5996893
Metabolism;Xenobiotics biodegradation and metabolism;Toluene	262.035335954	225.871465947	317.025468811	343.322399964	226.587587121	207.481505087	624.064184113	466.910002076	394.800982	468.229566048	339.72462306	505.52395007	360.613894035	326.690994023	478.907470992	444.384795929	477.34693394	379.676098954	356.308533125	313.088375779
Metabolism;Xenobiotics biodegradation and metabolism;Xylene	555.282845903	650.047988848	558.444855668	527.234625945	544.262521291	715.970124301	431.649759078	458.893520075	534.895075	526.096195053	382.110144068	610.321241085	346.838974034	464.983380033	454.283798992	782.488335875	703.039453912	696.559183916	667.639235234	498.188503648
Cellular Processes;Cellular community - prokaryotes;Biofilm	4227.96817026	3311.23217522	3557.18070088	3457.00344464	3785.08545102	3634.60609153	3961.05898172	3654.5050896	3804.563606	3628.36759337	2317.46370541	2663.58476737	2686.09467326	2866.2918222	2611.32235996	3078.89739851	3312.58518359	3090.91534863	2858.903289	3086.14552982
Metabolism;Biosynthesis of other secondary metabolites;Novobiocin	3621.49433037	3789.19544211	3407.32156397	3420.10147464	3534.02198789	3702.59146956	3184.86562558	3129.50441551	3480.961819	3325.29377434	2848.3964225	3170.93541944	2806.87297727	2706.66933819	3058.08929495	3812.97083239	3735.35386754	3495.11715558	3531.65041224	3339.43893464
Metabolism;Amino acid metabolism;Phenylalanine,	18889.6659687	19017.0521335	17217.0809728	17515.0246842	18160.5466127	19188.5372391	18415.4643323	17323.8808938	18667.294072	18506.0424969	15164.3550407	17201.5937674	15574.9820305	14327.390705	17201.9138907	19468.0987729	19185.2138816	17953.9418908	18426.0643595	17273.3050438
Metabolism;Biosynthesis of other secondary metabolites;Phenazine	3027.72662547	3139.20001526	2650.87929142	2717.70837072	2888.78548154	3126.07066631	2655.11498248	2602.08526443	2836.75377	2800.91136428	2352.30127542	2524.53275935	2260.58478222	2160.20877015	2413.94045696	3040.96122452	2788.56120565	2832.99910666	3023.01148106	2766.89986905
Metabolism;Biosynthesis of other secondary metabolites;Staurosporine	116.84622998	140.421947967	152.063085909	155.871290984	145.571268078	113.236201048	174.523104032	197.111190032	144.724779	166.173623017	110.47923002	182.687147025	109.788771011	122.097386009	192.321150997	172.302465973	186.418440977	143.484896983	150.765549053	163.028048885
Metabolism;Amino acid metabolism;Phenylalanine	11545.015769	11356.4913113	10271.0988509	10137.4413429	10980.2576339	12234.8997051	9679.19787076	9566.02863157	10551.028482	10176.698355	8227.78830845	9491.25992532	8600.66951984	8212.19959758	9395.27304484	11019.4678452	11254.1391516	10346.4243448	10757.0354878	9827.12808406
Metabolism;Xenobiotics biodegradation and metabolism;Chlorocyclohexane	2175.28542862	1773.13791058	1701.12823999	1776.99309482	1961.46365305	2543.42956807	2554.42851146	1994.37695033	2142.223757	2281.94059523	1408.11183625	1795.58041925	1584.08072616	1328.04421609	1762.92562197	1740.50918472	1764.16603578	1561.21584981	1712.9982436	1437.20447698
Metabolism;Xenobiotics biodegradation and metabolism;Benzoate	8762.64715247	8283.92460006	7541.38441751	7476.99801422	8251.2772744	9203.40118987	6861.08353125	6876.77770913	7531.80076	7387.47555975	5341.08453495	6594.67648392	5587.48374455	5584.6694144	6414.20937389	7753.14851176	7710.82603404	7561.36970309	7432.60868061	6910.09381912
Metabolism;Xenobiotics biodegradation and metabolism;Furfural	33.3332499942	17.8082519958	33.8291929799	25.3687809973	29.5936450158	30.3002130127	25.6602090047	34.1701820056	33.749653	24.6462700025	43.9374130078	27.4432390038	47.7445860047	47.9950980034	38.1339119993	45.9211739927	50.3229539938	60.7828789927	51.344965018	57.1499719597
Metabolism;Lipid metabolism;Glycerophospholipid	11113.8604071	11064.0124164	10167.6492239	10169.1594369	11159.1823	11193.9169867	11502.9683631	10728.0325548	11138.31058	11281.9948081	9562.42827169	10454.2276775	9867.67881996	8705.24154562	9954.53190183	11001.5642632	11008.6606666	9982.3402298	10427.4892927	10287.7402157
Metabolism;Lipid metabolism;Ether	211.699828963	233.484242945	224.736568866	242.323005975	228.172668122	178.804774075	200.592219036	212.673061035	236.578612	217.308115022	166.613262029	232.754209032	198.633075019	253.205995018	190.575819997	291.986211954	406.811649949	245.24509597	225.151848079	215.791478848
Metabolism;Carbohydrate metabolism;Inositol	3348.96735942	3481.03712619	3091.34542716	3054.26407568	3351.06437979	3542.35505249	3264.55713059	3073.6504675	3158.063221	3180.42492832	2432.30038343	3048.76354642	2705.97864126	2527.07542518	2805.28891895	3404.41831146	3297.62893459	3084.81529663	2906.92587502	2750.35865106
Metabolism;Glycan biosynthesis and metabolism;Glycosylphosphatidylinositol	7.06617799876	4.84641299886	7.46350499556	7.88127499917	5.9910330032	9.503970004	9.3580480017	10.9426720018	8.18272	10.8222760011	8.4265370015	13.9027450019	14.4564010014	32.0149720023	11.4321959998	8.01341899872	8.70394499892	7.99702199904	7.23338900253	9.44119699334
Metabolism;Lipid metabolism;Glycerolipid	6109.39669894	5758.30124865	5277.57218986	5414.61775243	5747.54529807	7061.32706097	7023.53049528	6268.01002703	6248.267185	6393.00896265	5162.34370391	5778.8157978	5481.13547354	4849.41223734	5776.8685369	6101.31404703	5948.05424426	5350.37596236	5595.07623996	5502.03084211
Genetic Information Processing;Folding, sorting and degradation;Proteasome	4474.34929122	4732.14494889	3578.83926587	3635.94511262	4434.26132336	5091.12298214	3342.76355061	3225.96515253	3927.646987	3634.38325737	2324.43715541	2942.42857441	2496.31185524	2867.4755092	2619.43283796	4087.86728035	4151.62004248	3996.67149552	3547.64024424	3524.19661151
Environmental Information Processing;Signal transduction;AMPK	3464.9151744	3700.05963913	3467.00518894	3407.95237864	3613.12435193	3491.32147347	3390.18535062	3406.85321856	3513.642382	3446.89753435	2977.24954053	3530.86886149	3280.98695632	3101.99704222	3476.87627094	3726.99455341	3870.68339652	3416.78843959	3288.43269415	3406.74685959
Environmental Information Processing;Signal transduction;PI3K-Akt	713.714567875	800.476047812	682.120347594	668.262188931	706.502076378	744.202706313	598.011758109	596.583664098	665.093647999	661.895631067	404.491077072	502.71552207	418.727858041	557.897513039	453.722496992	703.343333888	696.180008914	626.704070924	599.28353121	550.917543611
Environmental Information Processing;Signal transduction;mTOR	671.296144882	722.277101831	643.355651617	615.638477936	675.140153361	715.085930301	448.043962082	491.85965708	564.519484	556.957017057	333.205221059	438.010433061	354.692894035	501.276514035	377.975743993	624.528735901	619.826040923	584.09093293	526.085149184	512.745697638
Environmental Information Processing;Signal transduction;ErbB	5.62784099902	3.77921199912	5.41244799677	6.80610599929	4.07482500217	7.130365003	7.7239030014	10.2819740017	6.095502	9.18780800093	6.95126100123	11.4484400016	10.693623001	25.3807840018	7.52205399987	5.47495399913	6.78620999916	7.75146199908	5.30193400186	7.09088799499
Environmental Information Processing;Signal transduction;MAPK	1128.9106278	1080.22235375	833.175135504	892.290855907	1088.03920958	1394.03852059	1237.27428122	1047.82403217	1027.110008	1134.42374312	953.882515168	954.751249132	1037.2192301	781.917055056	1032.42898298	827.619581868	855.340718894	767.183513908	794.579241279	743.983166474
Environmental Information Processing;Signal transduction;MAPK	11.8260839979	7.53304999823	10.7242439936	13.1189109986	8.74233000467	13.4302060056	14.8997960027	18.7077780031	12.638329	16.9748430017	12.7872980023	22.1040160031	21.9692550021	47.1995030033	14.7608499997	12.1914029981	14.6110549982	14.5727949983	10.0347900035	16.948199988
Environmental Information Processing;Signal transduction;MAPK	84.6114059852	33.8840659921	68.5521469593	85.4413059911	52.0850890278	72.6897580306	194.598030036	160.058756026	114.179399	127.187271013	66.5284930117	157.268150022	94.0835150091	220.326191016	94.7984769983	75.6292659878	81.0622039899	46.2507259944	62.2396580219	66.4185009532
Environmental Information Processing;Signal transduction;MAPK	1872.63763767	1699.9932176	1438.46294214	1447.51187185	1770.36428695	1916.06474581	1719.67777831	1581.65724626	1656.027393	1611.06607616	1090.90108019	1341.28430119	1250.38720212	1119.93922308	1316.38269798	1532.55143976	1455.28586582	1414.08618283	1465.87078951	1309.36087708
Metabolism;Energy metabolism;Sulfur	5622.38241302	5558.5445077	5068.48985998	5172.84819646	5442.10079191	5413.37314128	6210.97364513	5614.21272592	5916.44115	5735.59081958	4769.14425984	5576.82111277	5157.6044785	4860.28013734	5817.4494299	5965.25222505	6043.08766625	5490.60065334	5905.70576007	5230.54942031
Environmental Information Processing;Signal transduction;Rap1	9.08182699841	18.2188209957	8.19384699512	7.87190399918	7.61480400406	10.9407340046	9.9301090018	14.6566390024	18.064473	16.6459950017	9.74001800173	23.1082930032	15.2644180015	36.8041760026	17.1624899997	11.3757009982	22.3262809972	10.1801929988	8.34725700293	16.8603469881
Cellular Processes;Cellular community - prokaryotes;Biofilm	3675.90211736	3529.27298417	3563.34335088	3737.92114161	3374.0377048	3263.91569037	4566.14872983	4097.40024567	4010.802837	4183.77915942	3365.53636059	3867.25615954	3642.77386636	3252.96814923	4295.07232493	3951.18899837	3529.71095556	3835.90331754	4139.21786245	3537.4700815
Cellular Processes;Cellular community - prokaryotes;Quorum	56807.3661811	59426.1818811	55451.261119	54171.9569794	56953.2142514	59393.514774	50436.8540622	50408.0132463	53830.126757	52457.1491593	37297.7606716	42910.337718	37892.6029757	39370.5316428	41917.0121893	55883.1633061	55705.7366871	53994.8200935	54569.0023961	52832.3057627
Cellular Processes;Cellular community - prokaryotes;Biofilm	627.411227891	465.575113891	594.374024646	741.406860923	525.721597281	341.765476144	1609.87577929	1246.8869592	1046.872211	1169.57867412	1068.21645419	1147.95775516	1153.57796611	938.619600066	1217.45253698	680.310586892	674.945305916	589.81242093	745.741468261	651.13968554
Environmental Information Processing;Signal transduction;Two-component	19226.2951726	18956.0915326	18818.4317218	19203.221271	18395.4556478	19662.3246223	21860.778842	20445.3235013	20056.357034	20788.9265661	17811.9608801	20105.5710138	18271.0438138	16541.8621332	19990.8767737	20070.9802358	19996.5714185	18843.2173387	19653.4135879	18761.1543487
Metabolism;Biosynthesis of other secondary metabolites;Penicillin	899.296663844	784.152687816	696.634444585	699.552734927	884.429076472	938.061309395	858.951684156	808.993965133	906.024447999	859.267406087	519.755172092	680.846934094	601.899549059	537.906247038	710.353890988	833.006305867	864.681596892	767.892010908	845.654845297	776.649611452
Metabolism;Amino acid metabolism;Lysine	8689.50395949	8725.70403796	7760.79492238	7841.25618518	8435.5330625	8863.78868373	8214.58753949	8095.86978632	8277.01517099	8169.02812483	7611.83974535	8467.33621818	8215.1919228	7117.3641705	8544.23807985	8297.33596368	8378.73225096	7803.76816506	8034.39972082	8012.03663234
Genetic Information Processing;Replication and repair;Mismatch	12793.3879398	13390.7680969	12499.2611616	12686.1023067	12653.1046998	12824.7011764	12943.5940814	12273.818717	12938.260066	13102.3342413	13799.0344424	13573.0351279	12831.2383573	11072.9405188	13387.6494498	13740.3358298	13338.3836893	13251.0127544	13933.7279209	12875.8363829
Metabolism;Lipid metabolism;Steroid	2435.48636857	2421.17544643	2164.19389571	2146.29844878	2578.27344038	2498.74316205	2538.03932146	2516.91202441	2190.980859	2356.91939224	1892.58598834	2108.72352529	2326.82899923	1900.27185913	2230.24299296	1756.93814972	1769.68008478	2007.81999476	2153.30503875	2093.90318452
Metabolism;Amino acid metabolism;Tryptophan	10188.6002742	9582.84907876	8544.02878291	8676.34313109	9562.0957721	10601.2565885	9946.72038181	9222.72759551	9672.41669399	9516.33381597	8026.63091442	8928.57371924	8506.26927083	7635.76973654	8987.25477684	9562.31677348	9584.09059481	8740.65104695	9192.47314722	8661.77927188
Metabolism;Amino acid metabolism;Arginine	14345.6185095	14054.2079977	12120.6256728	12014.4072077	13850.2034564	15379.5333555	12603.3231923	11695.7202149	12890.711679	12941.0262593	10085.0864188	11818.1871316	10544.665417	9963.7075197	11595.9688068	13594.4101348	13404.1550053	12957.8107194	13073.7768396	12100.8305955
Metabolism;Metabolism of cofactors and vitamins;Riboflavin	5648.42062502	5891.66188462	5397.90382679	5455.01538443	5546.89993796	5868.92134947	5546.82244901	5131.25407684	5693.674384	5557.64353756	4960.65342288	5221.00242973	5055.89350049	4325.99258531	5367.31829291	5494.30981612	5343.50388234	5124.32352738	5518.31114494	5110.46036239
Metabolism;Carbohydrate metabolism;C5-Branched	8590.1542965	8064.96849011	6892.6951839	7896.02748618	8397.37371548	9445.80765498	8264.7714475	7507.82901323	7774.26531699	7667.39340678	6200.8525911	7248.19517001	6576.31146364	6026.37621943	6989.64999688	7926.95840774	7803.90099703	7005.09131016	7273.99387455	7523.47572469
Metabolism;Metabolism of cofactors and vitamins;Ubiquinone	7475.1253027	7411.29405726	6761.05615898	7110.29603426	7212.09467085	7474.35776015	8609.51256556	7268.91965619	7732.89911399	7996.47977881	6127.21884308	6850.92306695	6402.32714262	5528.95340539	7252.54032587	7045.48241288	6970.23459914	6545.69959421	6907.90288942	6529.97107039
Metabolism;Carbohydrate metabolism;Pentose	15435.0821013	15298.3756914	14361.2522395	14420.1051105	14825.0613079	15256.4853894	15291.0879288	14707.2705864	15350.470669	15206.5766755	13899.7966905	15661.2299652	14724.7149334	13083.7302949	15137.4124047	16747.2252573	16188.333763	15473.0344991	15893.3404066	15225.8259702
Environmental Information Processing;Signal transduction;Jak-STAT	5.55541199904	4.00579899907	4.61416999725	6.37695999933	4.23387600226	8.06604400339	7.03782000128	8.73411700144	6.078106	10.3838220011	6.15188500108	13.1489530018	11.4250530011	24.0308120017	7.05554599988	5.37321799914	7.81870899903	8.06592199903	4.68807200164	7.18457399493
Metabolism;Metabolism of terpenoids and polyketides;Biosynthesis	0.0	0.348322999918	0.757391999549	0.0	0.0	0.0	0.0	1.97050800032	0.0	0.0	0.0	0.0	0.0	0.0	1.33808199998	0.0	0.677760999916	1.47845699982	0.0	0.0
Metabolism;Metabolism of terpenoids and polyketides;Polyketide	5042.83270012	4710.0140159	4617.87611325	4527.94376853	4860.9464906	4849.33033004	4679.62800785	4643.58564176	4766.954726	4715.59725048	3976.2202517	4272.88333859	3779.97711237	3578.23533125	4348.65328892	4806.04494224	4553.96577743	4580.97669645	4621.59226462	4544.98466579
Metabolism;Carbohydrate metabolism;Amino	18731.5243797	19154.3221635	18229.6417571	18224.9269551	18276.5534828	17748.0174745	21268.6500519	20147.8840493	19691.837248	19984.344203	16530.3742729	18838.4564176	17776.3328557	15795.4476301	19350.5831197	18936.648815	19175.6207766	18135.1713148	18589.9685545	18703.4347448
Metabolism;Biosynthesis of other secondary metabolites;Streptomycin	8681.85508949	8341.65489205	7851.77889333	7833.15887118	8406.31408149	8479.01147257	8514.06783355	8005.88744631	8292.70571799	8286.48147784	6682.83277618	7369.74576302	6779.20242066	6273.28073744	7436.12072487	8323.62053568	8064.704296	7696.25570208	7778.95034273	7631.59685461
Metabolism;Biosynthesis of other secondary metabolites;Neomycin,	964.570575832	924.752939783	835.314402502	884.879250908	898.11323048	872.109329367	1353.62212824	1085.18775018	1035.565798	1121.50309711	886.416529157	950.783805132	990.397307096	802.604777057	1066.96182198	932.315244852	989.348183877	851.562607898	942.161793331	887.170577373
Metabolism;Biosynthesis of other secondary metabolites;Acarbose	3948.15759331	3904.08333209	3884.06596569	3787.44639561	3876.31216807	4080.50067972	3564.21393165	3610.39825759	3803.896139	3741.28133538	3041.17215654	3388.75522547	2903.82155328	2817.2318552	3382.34004294	4072.82991735	3897.79881652	3882.77396553	3830.53915034	3760.23360234
Environmental Information Processing;Signal transduction;Notch	20.8735479964	11.0503249974	16.70388799	18.2712629981	13.4274610072	23.76479501	21.750352004	22.8057690038	19.970444	26.0507430027	19.6504060035	34.7501100048	35.1221890034	78.2190650055	22.4880829996	17.2966639972	22.3931059972	22.3282609973	13.5379320048	24.9929379824
Cellular Processes;Cell growth and death;p53	28.537721995	13.9468679967	14.6784699913	16.2130079983	18.2330770097	9.489041004	39.0300480071	41.3304540068	35.518852	35.3219030036	13.3576330024	25.9418960036	25.5783220025	35.4508000025	11.2512479998	10.3096889984	11.8635869985	12.6324939985	8.63578200303	19.9910169859
Cellular Processes;Cell growth and death;Oocyte	64.3940739888	38.0160119911	56.3782129665	66.889316993	50.417315027	79.6406620335	87.5730510159	90.4335460148	75.703447	92.2116780094	74.8183830132	125.146502017	114.193224011	267.712014019	80.2624389986	63.3666399899	79.99356699	72.9359729912	57.7809410203	93.3657689341
Cellular Processes;Cell growth and death;Meiosis	270.326933953	418.542303901	272.051745838	322.456873966	339.680755181	275.412140116	563.505800103	548.35111009	386.648072	467.599614048	410.422528073	603.435200084	547.354584054	571.24467204	564.31800099	334.372955947	345.721483957	304.852695963	355.516882125	332.086026765
Cellular Processes;Cell growth and death;Cell	3203.23430744	3246.60285424	3128.33590114	3290.13551766	3033.33109462	2619.2503411	4839.57628888	4422.16821373	3914.013092	4152.72056342	4618.66101582	4938.14409668	5341.19646352	3930.08917428	4770.00521192	3547.47070443	3494.30306457	3618.57128156	3891.90793936	3628.00393144
Cellular Processes;Cell growth and death;Cell	82.8254779856	49.5397939884	66.3207059605	86.7045329909	63.2952240338	105.420885044	119.960553022	113.522348019	94.255133	112.571303011	93.8212740166	157.030574022	138.028843014	319.965252023	107.376676998	83.2255499868	98.1996709877	103.587901988	79.9490300281	113.28426192
Cellular Processes;Cell growth and death;Cell	792.552645861	850.088852801	656.673510609	684.499245929	781.370684417	1002.60957542	678.111978123	693.260668114	789.595475999	768.235728078	471.564516083	602.268691084	540.083109053	720.890350051	524.903539991	872.446840861	720.10373391	788.263120905	635.220083223	718.314797493
Metabolism;Amino acid metabolism;Tyrosine	9436.25000436	9594.52217175	9072.5692126	8787.75613108	9382.51965401	10577.2148104	8281.1794515	7800.48400628	8758.45250899	8629.37257588	6799.9626052	8296.80009415	7010.01873869	7140.78092651	7857.02614386	9387.17289751	9567.28589381	8671.80640896	8715.22209706	8537.82814697
Metabolism;Amino acid metabolism;Valine,	13467.1612017	12674.851646	11052.2552084	12304.0639437	12967.1353139	14639.3648042	12579.4777753	11563.8915729	12272.295357	12136.1787222	10463.8245109	12002.5592717	10885.4071471	10012.2501127	11613.7012698	12605.046352	12565.3256514	11564.2881386	12355.0685873	11946.4361316
Cellular Processes;Cellular community - eukaryotes;Adherens	4.00572699931	2.49843899942	3.15604099812	3.54202599963	2.67263000143	5.92738800249	4.31393700079	4.47128600074	4.204189	6.97888200071	3.92464700069	8.39407400116	7.43103300073	16.4842360012	4.31523999993	3.7506329994	5.6830989993	4.78063099942	3.28681400115	4.79776499662
Metabolism;Lipid metabolism;alpha-Linolenic	2720.41417252	2415.89091943	2361.36526459	2303.06793376	2603.47815739	3003.33723126	1882.25055134	1889.79112531	2103.551816	2015.5557652	1450.38295826	1918.59907727	1671.85208616	1595.08965111	1828.11947397	2095.03061467	2229.47689672	2120.63930475	2134.97795075	1977.2169596
Metabolism;Lipid metabolism;Linoleic	3.90707099932	2.95020899931	3.49812199792	3.34949499965	3.9215440021	6.02557000254	5.30960200097	4.82438600079	4.009974	4.92252900051	4.31830400077	8.72054400121	12.4579190012	21.5057270015	5.5481229999	6.81305899892	5.6837239993	11.9284059986	9.7112080034	6.44980299545
Metabolism;Global and overview maps;Metabolic	413314.568656	412758.902668	371153.067309	377976.812025	399267.042864	428171.387602	417563.834931	389384.794668	407161.220689	408382.377929	342900.962568	386480.770911	359941.554028	445894.104736	379912.20874	412358.974751	406209.328178	384316.33108	395532.789494	374554.874844
Environmental Information Processing;Membrane transport;Phosphotransferase	875.854273848	713.071226833	752.982550552	776.677284919	794.931600424	971.386129409	835.509106152	856.08875414	899.770865	881.498664089	1047.62293919	1043.25989514	1015.8563901	855.957076061	986.859564984	1045.58246683	938.324760883	982.997508882	916.037741321	997.751029296
Metabolism;Metabolism of other amino acids;Selenocompound	6631.88372284	6560.49041446	5743.81790958	5959.52068638	6150.19013228	6968.85507693	7494.99351736	6536.48367307	6703.820246	6988.96316171	6219.9553531	7033.69965998	6564.35637064	5316.29330038	6966.92403288	6681.02649394	6583.09692518	6314.53032624	6731.29276436	5916.95995282
Metabolism;Xenobiotics biodegradation and metabolism;Atrazine	1143.2138888	1134.84498473	852.674852492	946.008326901	1178.97925363	1627.28868968	1494.13689327	1112.44341318	1168.327248	1276.35318913	811.069453143	829.867149115	732.127840072	792.613374056	934.829197984	1074.62829483	1079.25972187	934.681216888	898.149123315	814.923153424
Metabolism;Metabolism of cofactors and vitamins;Folate	16940.161048	15832.1107833	14801.3724922	15200.6378064	16061.3031486	16852.2056851	15732.2428049	14894.5782854	15975.06246	16061.3775776	12203.0580592	13312.0620458	12730.1112842	11497.4617208	13321.0813458	15905.7030465	15384.9956221	14684.0348622	14607.6792381	14359.4580169
Genetic Information Processing;Translation;Ribosome	8348.97806354	9023.00269989	7363.78428562	7259.74347624	8291.68403842	9446.00340798	6643.16506521	6349.44106404	7617.38325699	7198.70275473	4829.31382085	5831.06577481	5037.83227649	5363.71928738	5536.1921129	8002.11022373	7496.79135407	7446.4406801	7255.79298154	6914.09163712
Environmental Information Processing;Signal transduction;HIF-1	5430.08526205	5462.18324272	5241.95679488	5156.39477046	5048.08982269	5696.1611534	5317.29336197	5168.42712185	5319.349233	5296.91473454	4276.76049776	4910.91285068	4380.21823443	4273.8424173	4718.26722392	5906.15681106	5861.73279027	5549.03470033	5395.97341889	5323.53262824
Environmental Information Processing;Signal transduction;NF-kappa	2.01342099965	1.20797999972	2.10197899875	1.68986799982	1.36448100073	1.68654100071	2.50233300045	3.26195800053	1.958062	2.9767390003	1.65125400029	4.23963100059	4.0429120004	9.11293000064	2.47616399996	2.22994499964	2.13578099973	1.58119099981	1.55266300054	2.13204699849
Environmental Information Processing;Signal transduction;FoxO	1217.06177579	1109.15017674	892.272568469	957.9089319	1132.66200761	1442.57896761	1427.28630626	1190.8667672	1147.298946	1255.33453713	1018.09037918	1035.11714214	1123.92544911	884.778757063	1106.80873998	881.836215859	915.962553886	801.362983904	847.897685298	802.799300433
Metabolism;Global and overview maps;Fatty	21624.3668972	20576.6583392	19438.9934294	19104.736527	20589.142945	22823.1579966	19189.0005665	18803.6467351	19880.131848	19655.291078	15272.3860227	17683.6124655	16335.3232136	15380.3944301	17352.5654487	19135.65682	19605.9988246	18638.0578718	19239.6476497	18246.0895201
Metabolism;Global and overview maps;2-Oxocarboxylic	25527.4092896	24401.3252173	20939.1280425	21933.5106747	24499.4839451	27123.0571224	22947.6586162	21408.2528305	22978.857379	22774.6644093	19015.3273894	21812.676498	19799.8313079	18162.5895033	21085.2451546	23669.7233872	23331.2012551	21973.6290684	22922.84573	21835.2382226
Genetic Information Processing;Replication and repair;Fanconi	3451.7763544	3600.15821116	2784.35786534	2777.94766771	3389.41350381	4135.94189974	2373.75924043	2277.03333037	2990.75314	2755.75700528	1695.6690963	2266.51715231	1858.36981118	1988.13360014	2116.23816996	3174.37630349	2993.09603163	2938.32686265	2979.24209405	2625.70394715
Metabolism;Lipid metabolism;Fatty	20927.7552924	20100.6006153	18638.8549799	18244.3289191	20018.1345907	22878.1284666	16405.699701	16352.9995967	18479.28039	17884.9535668	12741.8466423	15334.8564201	13248.7741813	13652.71285	14883.3085637	18510.9183871	19379.3761736	17490.6168509	17872.0975893	17056.229715
Metabolism;Lipid metabolism;Synthesis	4382.61775124	4373.55322698	3864.0865527	3791.4459466	4266.28699527	4156.99957375	3270.53257859	3342.78974255	3804.7389	3773.64173639	2974.79332452	3466.25641448	3058.1605633	2996.13937821	3389.29320994	4215.49424533	4083.72195349	3976.00177552	4010.98965641	3834.09227329
Metabolism;Lipid metabolism;Cutin,	0.0	0.675245999842	0.0	2.64269999972	0.0	0.0	0.0	0.0	0.0	3.00529300031	1.44020300025	1.4705830002	4.79622400047	4.32420400031	1.34280699998	0.0	6.86638999915	0.0	1.26941200045	1.58120899888
Metabolism;Amino acid metabolism;Cysteine	19733.5578296	20053.5697343	17682.7945285	18026.7718811	19091.1952662	20190.9713685	19614.0266036	18460.680186	19763.971349	19366.508184	16162.8328429	18563.6620396	17065.1963357	15119.7008211	18170.4895947	20249.0900688	19448.9464216	18801.1961557	19548.8717059	17657.6462475
Metabolism;Xenobiotics biodegradation and metabolism;Nitrotoluene	2112.02323063	2019.63276353	1827.59673891	1656.08016183	1969.02412805	2051.55880486	1504.21889427	1490.77264824	1745.819668	1621.28773017	1151.2544022	1109.46998515	1224.85740512	1216.95282109	1136.36838198	1724.78098673	1498.60363681	1763.90355279	1568.60150055	1605.43763487
Metabolism;Carbohydrate metabolism;Glyoxylate	29290.2039789	28274.3361914	24591.2893934	24773.2523104	27731.6812178	31767.2972854	25402.2690986	23984.6594689	26844.268399	26190.5214857	19929.2644315	23686.1685323	20376.216748	20048.1228584	22289.7160716	28815.9349754	28066.9695875	26124.0152249	26785.7863724	24798.5309135
