#abundance	rearangement
0.594606571978669	0.43410364836335874
9.365697845626322	0.3512932750854031
0.04866090272252183	0.33066990040039534
0.1409695572732766	0.6691694194019921
4.685234113360604	0.2961711483506093
0.0	0
0.10899698287117603	0.7346645048868423
7.178863278947287	0.44693183456048097
9.113444800556	0.5028977388376993
0.6340269757479539	0.42857721970046697
0.1410865182119037	0.10493812103779666
1.3458312146541367	0.46516703313494057
0.6867520119664502	0.8309618866100805
0.9250509299777468	0.46257066701439825
0.0005679179890804699	1.0
0.5794906583368666	0.43216446981394985
0.008097932926465051	1.0
0.03738987774230913	0.9531362769728842
15.616040318001481	0.5075806423522277
0.08085841515043476	0.471408328058752
0.22609069331543136	0.6495476633802397
6.318577874793135	0.4970209293028594
8.367798097766396	0.5036849499356323
0.5785133805442259	0.4312052300241957
7.229193776237625	0.44774530024081116
0.6988298656248791	0.5205884297513632
9.341850812409593	0.5087434988174436
17.49888849326864	0.42761802269808064
6.850125534276876	0.4717070594750953
1.2780478897804368	0.45880787776634324
4.7758670976218935	0.49246098138557065
0.04073965724917556	1.0
0.08575171083736274	0.27832378739774283
0.039408285047585534	0.1934594570397001
0.42454441632878864	0.4564199540580266
1.265315233161657	0.32143668771244666
0.05964147113374092	0.7451183116404183
0.03778421176638097	0.49984184736408505
3.09621420231139	0.526177152925273
5.665505329740744	0.5820256425118404
4.83902352966853	0.453467079928912
0.07787856018527353	0.28110802359625925
0.7437948879528132	0.48901376345440484
0.551414446377573	0.5678764746709126
0.17748910562984976	0.2953715287908468
0.34460421033702554	0.5135931034498362
0.042481852666310625	0.38581719563114364
7.0755445378956106	0.36199020480750493
21.458045941389916	0.4565381625045294
0.14172759723135586	0.6863648898520527
4.271062627327265	0.4793029538020089
0.038810171367135535	0.9341688744415121
1.3424297231012454	0.5825432963524825
12.281619871378979	0.4837645942075876
0.0364167472366577	0.7796868041352069
0.07775558056350226	0.22157366810477394
3.6621266338392107	0.46402532114198985
8.360140607347315	0.4761351351011799
1.119207637930447	0.5140385464384498
4.474076190563071	0.4891366663864864
10.956467421452137	0.43583168791147703
7.7184914998000025	0.4703531519921318
1.7476725714080437	0.3986820566853609
8.083824018411264	0.5581621064430897
0.03387342331498522	0.8184967959162316
2.038170786066398	0.4602230880182956
5.707051163530605	0.4840428726092982
2.906940941349089	0.477113348689336
11.199495919673511	0.40636611299594066
4.567053207014576	0.5317619737292055
17.34754599641998	0.4558745222989928
0.5941616080379475	0.44086995789427696
0.9732241568119283	0.4776373275094471
0.044485465500417515	0.2929877503660731
0.6834275729649396	0.4250612891765499
0.5675439370427199	0.4389444516692787
0.9411545919124096	0.47807246195789216
0.07486093677478675	0.7392253822658186
9.555092817974959	0.48483993434484746
0.6295454215380757	0.40898150854871085
5.689269737718704	0.47567211986487545
1.997547648056135	0.44809056388478413
2.442847720387172	0.6033915004380209
0.3124849605147594	0.5674145815494812
0.18160876485134383	0.39730077666709995
2.9831871255700166	0.5123435343606336
0.011351666934537213	1.0
0.048220793944724234	0.1668287679120588
0.6580015321938103	0.5446186137450314
3.1507585341830437	0.5516757165706627
0.040132519036588245	0.2699338905635361
3.9472416349096777	0.5607765293833941
1.2383944405615335	0.4713103478466699
7.457232808864776	0.5152121432673791
0.04320372358686988	0.9468467453413916
1.204217925854936	0.4131508298601498
2.450730323261895	0.3908846350449577
7.649532794545209	0.46465278161883516
0.09435387508950596	0.7706618733094044
1.1868587948172409	0.6891612866277612
0.041954626444416485	1.0
7.712660083899714	0.5216674391030492
0.5690162484355441	0.42353002326507666
0.091512971680574	0.42243902013225393
0.19341208741405902	0.23239040794643193
17.677842423679465	0.42500047720412104
2.5693161865079728	0.5534344000987221
8.466102490628904	0.44786539231218053
5.152489039890599	0.5588777286082816
10.85796273947311	0.4686260185318425
0.4136901402243409	0.8583669848783665
1.6400031981969887	0.4639810671433366
1.6697694948166093	0.447724413868173
6.408215174219355	0.48328202105489604
4.179549487270763	0.5219963807130178
8.378297998167277	0.4922053213359971
8.26707761483129	0.47648348852995664
0.715040255142556	0.5616157972040767
7.932524885219243	0.46738316235553407
1.9217215533900847	0.4639283286951351
8.608093339328065	0.405924776456404
7.241357522055551	0.45812484087571725
17.649668227333116	0.47116881031198393
0.7131587501365653	0.468289557924257
1.3472999657492515	0.34012996171392196
6.47024515977314	0.5159773807311985
0.23397244655635452	0.8675382835165026
0.12605015042359352	0.8632983941986944
13.390925626075033	0.44295810330956725
13.178073540051685	0.5136407966097136
6.050890749053904	0.3890153762863542
5.696028014562699	0.500278949574805
0.1096508617563376	0.4173205077101669
0.08440023103083302	0.5861257730672157
8.080701722223221	0.44428352904756624
3.6825702029712346	0.4324411785052478
2.63378401438671	0.3665441074086386
0.011879331362338525	0.6910639221510628
0.03654579435807001	0.15178300368914152
0.004227501485095507	0.40894965919684717
1.264623664875634	0.6020450040297293
0.07314256733892872	0.20344951844015555
0.6406790467045838	0.4087499517979409
5.697737537271523	0.4557451543692093
0.11864573273267108	0.6412078034208086
4.447125090689278	0.46801858528265594
4.211353572317555	0.5175179366202679
0.02877744988456753	0.043639319970500356
0.06648502866439568	0.776217146140337
0.6207324930272113	0.471459704990319
0.08061143187347523	0.316586548477899
0.6389323332110142	0.4242075547311153
0.5787222001767915	0.43245945638308386
0.9007802399950029	0.4200600991118622
3.4264572423946267	0.506826404590505
4.646338404083315	0.6615904524439362
0.2214637399801172	0.9765664508671682
0.07915753452998567	0.18732549882868335
0.28742022194884653	0.6824455152042871
0.6989346752959554	0.4243055676101283
0.5279320373896408	0.48647725320672175
2.390422519837169	0.47244217252067877
11.741853429779463	0.45031948623734286
0.07621889904020385	0.4866588331174333
1.9304976817284778	0.4648326322195148
3.5443296571568603	0.45757914006239075
12.721035863478889	0.5154996431949115
0.18014190492085572	0.621644443067748
7.692745787878265	0.4356117278266815
0.07428414768177255	0.2374184224563926
0.039739247406719205	0.8679960600882906
0.10964018086586225	0.5467327844644261
6.2880383832892965	0.4419964702453164
0.792898978530577	0.47934603514408686
0.052541321127638235	0.9789919668677823
6.29480922859308	0.47752537663576616
9.275433238736458	0.48590863906816234
2.446425016007198	0.4796677837194902
7.410594647778897	0.4384869177866728
7.420786265732924	0.49305144631402686
4.634499777444559	0.4594560468741508
0.04314879876290105	0.27096206313048476
1.517731141689291	0.5050827196755594
0.13164517106838947	0.6105102513666206
7.526848336193818	0.4394581869525767
2.2592657010653485	0.5066551979369268
1.6810871302759465	0.48687351063661183
0.07344361297093428	0.22365534459313366
0.03560091608467142	0.26458499229941057
7.02309219049702	0.476204258283139
2.8206657110190183	0.5287790967906213
2.3264023431821568	0.45351147945680276
7.679641623487058	0.49054111428410585
0.1338181008581366	0.3775222499626709
1.3092095753931878	0.44152264452722345
0.10744558010504807	0.23181118290383107
0.039960362444507375	0.6553002573945489
7.919538203783267	0.4828823504354147
2.793405630124307	0.5223545859248475
3.5569708514896248	0.5013714554037332
2.809126395616105	0.5662261901279507
0.020285485146996268	0.11956409445323923
5.460865245368612	0.5138613247206145
2.3984673899499604	0.4550770919648051
3.10232510444671	0.35586719573318903
4.712133305988251	0.46393051323325907
0.6379098211553486	0.4221740906493773
0.647692203640067	0.42032280609743905
1.233607138997001	0.32508748515342656
0.5971723258894175	0.44619659590676836
0.825429501397281	0.40893368163591365
0.5953504207285476	0.42724496189412564
0.5971723258894175	0.44619659590676836
1.07850112178683	0.5589644749701292
2.5540364550272274	0.3249773062281455
4.490093545265086	0.5200534763934596
1.5576887969513362	0.45130963762091875
5.7498528676131055	0.510712954300123
0.9539229026602001	0.45343261369303606
0.1596102640841403	0.46950229283049516
0.03692074260366174	0.2645845942317844
2.2263114772406127	0.5337753711415761
0.037726227620569354	1.0
7.464191680245833	0.39445767584512254
0.10459621939290438	0.9200982735577444
6.274723016640604	0.44535490413606466
11.260645077354202	0.4617645956875849
7.448810944641674	0.3755323456991341
0.07841893614036215	0.42542510881274603
1.7344285442467176	0.49487999423744
0.1092591081656577	0.1826942521649984
7.481110032012175	0.5227737391557051
2.7865921798916626	0.49110754892331393
0.0	0
0.0	0
9.72304025582349	0.4674452778508843
1.1028283278794304	0.5348016515370596
5.859126492481284	0.5121593766956853
4.477012536174528	0.41979982975819413
13.781055379360913	0.4067763416595665
0.03376714907690759	0.764879769604954
17.143813303316865	0.45649642973086757
2.798107597236846	0.41127558101510775
0.011438650706565306	0.43556433167107955
0.2830467936056484	0.4368399806054997
2.0695135888609815	0.36995166658467166
4.1699630059779	0.2145516314105129
2.053242735899743	0.5207770620037405
0.9070462866192219	0.4636764559374619
2.998067889817514	0.38150615695596657
4.002325756737015	0.35439878013196685
4.174267764634228	0.5626280565979731
3.193531261784333	0.37054866615944904
8.93351791896952	0.5149619022055979
0.914395671379642	0.45403468793435375
0.09756779723062105	0.5875908914729083
0.07364759022612932	0.5307342269642056
0.054734957131311976	0.7093666114267341
0.6895257183711156	0.43030935772217854
7.9507316135447486	0.44118952897421115
4.571090828161966	0.3537137296680808
0.15790951481132007	0.6102194332540405
0.7558152433548431	0.4575335377837941
0.026817511427183294	0.873517657733544
1.254549887800368	0.5197128924220592
3.521700717697016	0.4756314579856247
12.58481303095188	0.4552091804689165
4.8687022985631065	0.5553354996235547
0.052645801849189544	0.44823516399256297
0.1699894188877481	0.6568995149129916
4.319703774809364	0.5737983638893391
8.486603926523925	0.5199228902849781
0.07452240282713496	0.2263436846536402
4.811890774424832	0.5135574577008181
7.717425698092565	0.5007723334500176
7.842493672562756	0.5115259150334402
0.0	0
0.126639776580165	0.5110434782201531
0.022990842700493484	0.3563284719959201
12.79714928685664	0.48841092218135096
4.139061723072641	0.5080342700542297
0.1868638915948108	0.49223032998398936
9.971944122115456	0.4864985377363766
0.0924638674745943	0.3506670459202594
0.28440813367635176	0.5319639985028516
0.04350719273041834	0.8752863231728514
18.27005700238421	0.3577971327886596
0.03313541540301853	0.9358984410406328
0.03318392401866984	0.935992145386281
0.4519018933863387	0.47203068917390834
6.258539609950634	0.3984205469126455
7.046367695439325	0.4771950992144888
0.4519018933863387	0.47203068917390834
4.737828105420765	0.48666440009120066
2.2846387024882846	0.6226094697438717
3.033492520571814	0.44510865707673825
1.3561417416322115	0.3966070712977911
0.10025893916813149	0.43398350963564125
9.989268448658688	0.4423768276152299
4.406076632415888	0.46354322967632106
3.3090707960238217	0.48624637260600195
3.259498505999094	0.5754691793633677
0.6178131573050478	0.44613794471983587
4.686140080675362	0.5016479119137469
2.0070361717679	0.6342127882103722
3.7001597748012363	0.51150513934289
3.6551916302525806	0.4700760378039301
0.27707298893607374	0.46782795493596824
1.202500894298614	0.29993981638481326
0.05235795477388088	0.20137590531345237
5.845028648285371	0.41680713692551435
0.0371851623887659	0.28892756756002236
0.24763918550704236	0.5292491538686803
1.900466243472738	0.4185858199644385
7.6109498521317605	0.5224256415674778
0.06907891741020711	0.1802778427904124
0.1841126232895355	0.42683146792128807
6.316424649329034	0.4510374787635267
9.506524756124099	0.4919099331943624
1.6156011329050715	0.4280707813452267
8.360809506204818	0.48813414570568286
5.338659799752948	0.49739322648310264
0.900472271381643	0.4840626827796536
9.32957354019206	0.46700935381657344
9.165074118312639	0.4151592771496003
0.07753052164899903	0.4907622830711922
13.07896851697073	0.4241813719059397
0.07658488087113963	0.6315199282217315
0.0807318171146937	0.4509035522240787
0.24455191254407505	0.4252313158669539
0.05210728682630613	0.12726530189025367
5.70454115254433	0.3719096693833471
2.8826056138199876	0.3829815183463743
0.047997329785474496	0.6670400621434496
0.6867558326071168	0.4614746890259543
5.301451877266386	0.41365430038712575
9.632011013853687	0.4656020604007213
2.171856959492238	0.36745559283518575
2.7751180505563533	0.4476555005589051
2.2546451569280848	0.48064347634659926
2.106001595516263	0.4940307560359969
0.20023014516624746	0.6036063008279804
1.1333937200072564	0.4637996128615739
8.754069183979196	0.4461436997123809
0.010288053965072612	1.0
4.895779556952884	0.5076968269478668
0.03922549870767544	0.22051910746106326
0.044588987277659954	0.7382694757101272
0.030478499048108572	0.7216252966847916
17.099099448969604	0.4673435158367141
4.548342284551124	0.518576522999363
4.940129749867433	0.4835835069467265
5.443551785503269	0.435612604404723
7.668970296533848	0.46583446729915967
5.469274653704767	0.42811558677977124
5.935414095981553	0.4968431291505434
0.07319860569843305	0.2570085266239714
2.882608490702776	0.38128920868008936
7.2538846602944025	0.42845858199768794
7.171118187341846	0.4891230332494082
2.491152930408604	0.4667267083319741
4.648267007906981	0.5121324022487772
11.883718625635671	0.4770838525915976
4.657194312335363	0.5249431522947349
0.7797491441344254	0.639119725821436
9.361230463998544	0.4970692730813417
1.046675836532241	0.45378925141823645
1.307081311462219	0.4518225464487008
1.5794182669274222	0.5224181024328449
10.222407845136363	0.4608634385154279
2.547002533858016	0.6475723954285139
2.759254529236608	0.49098000483704507
1.5050424511502771	0.4575436576484215
11.692531944085403	0.5602291210546371
0.04857281936104953	0.8581325136536707
0.5956541700004542	0.44757310233498904
3.2070712759499918	0.403113231929711
2.6501607882105	0.4070681533346384
34.94539096573457	0.4969057730891536
3.056013313353793	0.4341858950639976
0.07738288728920112	0.19874154160971005
1.4295704682842065	0.4677548091246964
2.704659001309748	0.5493927761770188
0.24259147544421242	0.6948941509124201
0.04912541400733129	0.34509212348455726
0.34418672100845304	0.1499108770737245
0.1413939137968042	0.533094209754024
3.641240385993711	0.4740571600702058
6.790048036575314	0.4021858216729925
0.11930365313276632	0.7480099033200827
0.8362250947496376	0.45122132953809535
10.082469222336227	0.43536111884538714
15.783347732316095	0.47892268293251167
0.03854801468903496	0.2368136927180212
2.475435900727712	0.4100637884574296
0.2116115277439681	0.3317230521762487
0.10410204246102076	0.8499121969348649
0.07655383898208384	0.704575913370982
0.9037593464035341	0.6555064411634379
4.358471657209434	0.3922699534561203
1.8648554822504042	0.3724195296360029
2.7370486628598214	0.4381802590717091
1.4243645940846588	0.4318572453602368
0.0328063604710355	0.8596639726787961
0.07027108001066777	0.32590146896766764
0.05867313999785406	0.1819047113760637
0.06771108906137074	0.05989962903642819
8.868602850021977	0.5212124126874754
0.0830381807573846	0.11205287426684452
0.8169203570256294	0.4352604235008287
0.05402071243305542	0.2453809587604616
6.637738194154306	0.48519432016320374
3.489639613484814	0.41104772431542086
0.5504219556600191	0.33871488745150996
0.022644695318072682	0.4687585015515244
17.242286499519718	0.5061688951925022
19.43705288567942	0.5025785664388772
5.494349225862092	0.5105939033343124
0.031571050040601886	0.7871455842342823
13.960052383243369	0.502949326303672
6.2780162998456195	0.48496901706922707
0.06437845314567756	0.5690386990117733
7.46242596225278	0.4746840991898773
5.588143119452194	0.42099819592974475
0.0802324363035744	0.2007841370865028
2.950801441489118	0.39827774473332106
3.414806511806305	0.5661506250667834
1.771747197457587	0.4733047332342197
5.081217618716249	0.4803876296361014
0.07255207755266546	0.27583328582914346
0.04955716544323269	0.3437525286974851
0.6831435384146478	0.4666708657165121
1.4012428816850546	0.3824036830869488
7.338710856571385	0.465505524181539
0.06328727373472899	0.42354150414515757
2.4084855215238004	0.45427153902372797
5.707839435259017	0.4669654186102102
0.09580095637574879	0.44289629215709164
2.526210019598672	0.5992080664622396
0.5920247496516722	0.43588526723039595
0.5920247496516722	0.43588526723039595
0.6089337548009638	0.45755135349362736
0.5655402405190524	0.409467515280208
0.5942344447713621	0.4257150849821198
0.6088297390238366	0.43347313118284486
1.9824837115146114	0.4549417277365559
10.981193994538513	0.5112698624219184
7.052709151091818	0.43380810579424744
5.628631486964029	0.5382870244275841
6.509537872670631	0.4204144368023719
0.8229334783985267	0.42775501521751935
0.676854052888264	0.4836699019633387
0.6938119560420023	0.4962898571566964
0.721146954307626	0.4944420953121387
0.676854052888264	0.4836699019633387
0.023211828717092743	0.19690902681940387
2.835960398484744	0.49373690788658636
2.6372521705706666	0.4296825570943629
0.05654079969135625	0.3598311050758226
0.11956300620761567	0.30106998154866227
9.335043916852014	0.4812691881640346
5.508733060710861	0.4813878238155423
7.050702412650815	0.4583867544094924
0.04841016038342675	0.8360754582568757
11.445354456706735	0.4030882926800016
0.1604648726071488	0.2007841370865028
0.2796474291373598	0.2863800499126606
6.515840683624243	0.4315112552594028
7.071818584989229	0.49665590587761954
8.167325370072378	0.43292990617143284
0.03750332255523779	0.24556333035002678
0.06534473039964227	0.5011876201166119
3.100865767278975	0.44523958674319986
1.737705407981788	0.5133104997616634
2.6726481179174515	0.5016047049609056
3.364777658551114	0.4726205544366588
3.8820175093009337	0.44539401839994325
2.764601892335666	0.4692451751451239
12.174565116007763	0.4191258191237643
0.6024045576963979	0.3974958508261734
0.04682378115675147	0.9202101128211371
7.29129455392837	0.581445515080153
41.96355934218478	0.4568755152646798
0.025995302425138474	1.0
1.8109306630633883	0.6540876660342305
2.0192099930630083	0.5135230074242664
0.8045667180411091	0.4665329259413448
2.6193031657371	0.43634519402668126
4.650587682331214	0.474267800992646
1.3951479943627645	0.3481365814772852
14.605872200458384	0.44649007235715793
7.94668543265277	0.5082748663485652
4.170263098347671	0.48084097256278235
6.8250386260930656	0.5278199258726776
2.0064251233999286	0.4779622348631601
8.677337034832396	0.48523392317327163
3.2482045593724003	0.44535563747682566
7.43210819160456	0.5469544248302275
1.1877721627641873	0.5547025753482441
0.08390432683166663	0.6993581796980082
0.04127155149359036	1.0
1.312449715645525	0.4221943535148662
2.2113736133617947	0.3015143146157187
0.7388428386419345	0.7198310554248114
0.958419818563655	0.7415273742751417
7.48678318728354	0.42658749508412436
9.415683658868987	0.37510060466215667
9.170382732127281	0.4176669013612078
0.0057640470110970265	0.4973660664755806
0.423637679599792	0.22190584335019153
27.26447629517142	0.47933981667762804
0.07754257063576911	0.17882432707378632
0.03580079836104485	0.2320114357243397
1.1458562496879112	0.39517115525745955
5.48656731671186	0.48192502309472
14.217585810427632	0.4300756936146281
11.771806547267422	0.47821071305414664
10.021813314012192	0.41409437315748326
7.777786591120055	0.5117043652930041
6.60035588685823	0.4494156052408545
5.695142958077814	0.4744799004153184
0.4526957513676088	0.5089718662383463
0.051152492488999536	0.6980772223086315
0.5895747408556714	0.432285380293432
2.340661616550775	0.5129894473424983
0.07450860565730305	0.306388377311803
0.6013332755001608	0.44440223967265224
0.028203259820814085	0.4596079239932217
0.03917045997545223	0.8889754158808528
0.13534692485604052	0.5480411099109536
0.01067543244896045	0.7345305354203074
0.00851656135897083	1.0
4.254510487836302	0.49967068817775745
6.850908286885038	0.46544057116392307
7.004092061994811	0.4514538652717601
1.6763157274157305	0.45084024630915703
5.781278175600103	0.4558252778732121
4.560401702115235	0.4399615527024169
2.545024561373312	0.3281814302134244
0.6261013191361747	0.6198781028886092
0.07336346850425275	0.2160402274980461
2.2972425548498014	0.5565575949841727
0.7551541927263391	0.45855478429037216
0.15055507960001663	0.6510793447763014
8.548426443148864	0.4740661721655785
6.481827449784291	0.4023230417156069
0.24422197654507835	0.741379567927046
8.29253312364699	0.4675876513096335
4.261507998267114	0.49951531444875513
2.2974910061421525	0.42327014174107314
0.12216296594155607	0.682923046554924
8.019303007864135	0.46123497857856854
0.07681714755577228	0.25017644801900896
1.4034214151930362	0.4167003741479077
4.435815236027416	0.5339742999081598
12.044986201888454	0.4911442879365253
0.5707594469630457	0.43989353446905344
6.169248321003943	0.4863600766947508
0.011865502809781539	0.3284692440345675
1.0460915444302703	0.4476828717686053
0.23241395342516386	0.5157984294781002
11.882284558218295	0.5175482379014762
0.0730752738826124	0.16682021006859782
0.24961523073537112	0.5767012352682239
15.00254056854618	0.4813592769049855
9.032502305302438	0.4719631944728797
5.693331986006921	0.5017839132284299
10.649781498342803	0.4911291420249082
7.2508402076493	0.6131204348669662
0.07657083030639304	0.11668485551985724
0.07952616769194643	0.13132321312407666
0.24543664586818925	0.5970968428811579
0.01574982324655529	0.3037025338319455
1.230113553910275	0.3394974345893969
1.0788495450978999	0.5120153614071645
4.100629321005205	0.504286988900274
7.049934679755656	0.5068085926501666
8.20879908900954	0.48533672385287446
2.692053013570731	0.329240698953503
2.194388830694627	0.4403618010693122
4.589312441708026	0.4938144213453571
1.8824340290261514	0.4793099085769361
4.954415094806108	0.4725607758391491
5.299036067328709	0.4159091617043418
6.502191069682411	0.43471497178301294
0.0	0
0.038025097324172134	0.16928434336801362
0.0027983507063950924	0.6525970505955174
0.002355073345564747	0.5872080626700611
1.2824273112551898	0.5265731310663385
0.1971519502134618	0.4396084376292202
0.5715720781540139	0.4215815097541766
6.589674758829146	0.48356517396664944
27.14521727872398	0.46680012768663687
0.8486024760254227	0.45274457061730183
0.6893071744632381	0.43277754733380214
0.1122298026005048	0.4614037632689295
3.4787241720713986	0.5293612437591804
4.89885769386206	0.5075760406234986
9.632315315180124	0.4374078798759136
0.03595989006734513	0.8373997557553565
10.493530972870962	0.45407640612887895
0.04250398393069074	0.21076146969289342
4.82712896561499	0.5048558127511082
0.07626328942876844	0.9712969209105258
0.07767397385313773	0.7312805638034722
5.19113623371916	0.47883960082928634
5.776887689454468	0.4429292104274247
2.9312634909304474	0.4039102845217126
0.084121717675788	0.5468670259647621
6.828669572614619	0.46406357833910356
0.08035013650185979	0.30679910587546044
0.12061184795456642	0.4090002101999672
0.0492121990146447	0.7883894179227078
2.0673359434616136	0.30332379913359847
0.07010723542987764	0.4862927321968551
5.221326946399704	0.5070451060906913
15.70418961418908	0.46875487807416977
0.11658229923324068	0.8484290358511227
8.51249865950858	0.49687648617885405
5.150851271831958	0.48423987755725645
3.3812761961502495	0.5065104666076402
8.892834954393757	0.4400235835613388
0.03747084980708034	0.26851161647675714
1.530176562635212	0.44469795322985683
0.06631154001074824	0.4008183842792838
0.6632859573024178	0.4206742936634057
0.11408811509303164	0.40643264864314993
0.48850699118642743	0.7701544148024336
0.46992713023768745	0.8053784614705753
0.5761092581158785	0.7949624937329188
0.14032709737334356	0.6417190754289078
0.01816522637192751	0.6757452185015324
3.3835741687492753	0.3474172431282372
1.9819312354270537	0.39085559121832014
7.563452113563114	0.4540949085902938
8.701133910064472	0.4381937951090102
9.944070968020098	0.4301443155678339
0.1479648557665638	0.2535485032504954
0.7565229033669881	0.725587644536997
4.849767331874325	0.4124991113618241
0.39309101300421784	0.5732715289015599
1.2309156018524332	0.4452576683856616
0.07231435592954191	0.19817288141834835
0.012161876931168847	0.9707641781506086
0.029739541492752774	0.5358187140147375
0.1604648726071488	0.2007841370865028
7.619225240735952	0.6622243249529829
3.421554975688914	0.4830841902416292
3.642423097496947	0.4841043387788702
0.0755053285093402	0.24887586521581204
1.0183539675347737	0.5139812877884704
3.446295218038648	0.46298415053644026
0.03792939936766223	0.32013736181027674
0.0854033166215461	0.07548033698982247
0.8317320146220869	0.5453312240965018
0.7657269100765979	0.49459317934868696
0.8013400169511514	0.4541325879362622
9.980876980275283	0.4451583126018093
11.046274909558868	0.4678374144457346
9.333401859426393	0.46906791363006184
15.65506287048532	0.4656209395198502
12.341765907164065	0.38830034861091184
15.28755893326546	0.41394150439206134
0.08645901626821426	0.3883402371378366
0.7712080848955344	0.3763178114207786
8.148621782113702	0.46994078267510986
14.865299764184055	0.48842901673767625
1.5683785753360515	0.8070914342046316
0.6380679620777684	0.533394658544039
0.15159504908582416	0.4257217377819915
3.9775401721003236	0.4421592824577559
0.6135699651725737	0.3900732588031489
0.0856379882230523	0.1790134816041502
1.4431837633415374	0.5247822406756819
3.776922536913407	0.5037649317601374
0.11846825836374016	0.3609868637382627
0.013345470643096454	1.0
0.6126943505499164	0.4313543963338365
0.6090323284290373	0.4401119004794199
4.342495853310815	0.5188216090796104
1.1429462837301008	0.6133503019214902
1.6556535156190104	0.39343841537594904
4.50186484588351	0.4148144043102417
0.5941549256500013	0.44203667020333237
0.5953504207285476	0.42724496189412564
4.871647222281708	0.5076040565035118
0.07970511128194346	0.5094049229555281
0.3787500725251381	0.6145707347773044
7.796422159136259	0.4553154801409672
3.7386126435445823	0.40495472401728877
0.10795892779261565	0.2122495956039668
0.7074842301347567	0.42415887363831833
0.7546266247746692	0.41027081770909407
11.12236425581763	0.4039022056767726
3.616449678790517	0.5085610977677185
3.7742210672753527	0.46069711922757145
17.423511014852764	0.4334123556597067
8.730326073566404	0.44265897440439256
6.109200034405395	0.5055476488954804
0.9239545932506985	0.740453611229937
0.019761876179927227	0.2166288221621839
4.415845910649118	0.4783112787077955
1.6921301184516686	0.5082092211027145
3.048705595684671	0.5389890915046363
0.21952906878980394	0.4962303873008616
5.482923992041226	0.44311194548102173
0.8833011885841133	0.49765487005058484
4.999024196684384	0.5024442832843785
4.979907454971893	0.4844899591863906
2.690284597730613	0.38894059215185456
3.483569959744508	0.46134067240648124
7.0722454522749	0.45443551724583436
13.735906146972987	0.4013151357288688
10.692455320139546	0.5064254779237571
12.005916152015907	0.5407247660222008
7.582959202351926	0.4164712574928939
6.3546662017643785	0.5152717021381639
10.355247966132152	0.49720594808705343
3.4451299431385003	0.4219009099209661
7.127492899218131	0.46844829892774814
14.645757908304873	0.4894475126085359
2.7203431943853937	0.4892766589307925
9.458183421175697	0.4426917305301797
7.024786324770854	0.45877850599640957
1.3349690240936816	0.3676271789080508
0.9578331088738163	0.8677596519015953
1.0466969658634053	0.5433795049505823
0.6986025470905318	0.36493982336960445
0.477569684495284	0.42022568474549915
1.763598680002892	0.6226101028719029
0.0	0
6.4057536361204805	0.445520497431492
0.7048956440575579	0.4377075113328704
9.630028986073254	0.47436550683558976
7.5181594008489965	0.4690654660090659
0.02374982649261782	0.6158075542480542
0.9354346005302565	0.46529511527573275
0.8920968433858009	0.6904375325805847
0.5696659788761501	0.4592799486306672
0.27658689967071326	0.5915100080420461
3.946301197841958	0.49351447014513555
5.210386651247895	0.49163397835475897
4.259825375771322	0.40858207227138643
1.2827444718014815	0.5256844475294442
3.9811598216788298	0.46176460364712696
0.6981242037651236	0.3966003660737724
4.131682090164564	0.5091625053163429
3.279609288994438	0.36597800429996175
4.437996690405983	0.43595768603238577
6.23245858027112	0.452846514389414
0.12106584342187184	0.9180230228147528
0.04530601698140881	0.3947753661324793
0.07252363701634786	0.9821734386141446
0.6238577971264585	0.4460290740409081
2.1178074718681965	0.41126677715058385
0.03681846454808276	0.2784079082589563
6.855481912507956	0.5013499230973494
0.050260706002728986	0.47873409289760266
0.0644054697927393	0.5413613544657601
0.05488205797142705	0.610587033792875
3.687715697382789	0.3241258085406947
3.8972790545406375	0.3869122121674597
3.6267504837646887	0.45563785671200246
4.674678480371284	0.45407133374845393
7.3092104396865	0.5274640109370082
0.0	0
0.06271797602854794	0.17447002893471117
0.10364101242042845	0.2926277307177186
0.02365832464235924	0.4291726792431489
5.283867304991386	0.46554123153566457
0.47467885090480566	0.6514464130132438
0.037230546590639055	0.26057085557180415
0.043541489215081844	0.9458423491410275
0.18970357452821973	0.29129873832193554
0.07826402542877815	0.26656083917165785
0.11136851867197377	0.6920695289666947
8.283244897208057	0.43003224765186043
12.963798554029053	0.5089503265818964
0.04831037790790442	0.9962667746360604
0.04295665196799079	0.2335419937762115
0.1129160170770416	0.2225316984147738
0.22298176564398864	0.5658462097143933
0.03635920943801754	0.1896656988848846
5.7182152342353305	0.4327609444772011
9.006345070358236	0.4079977695368573
0.08390515442364685	0.9361550673662594
1.7161799467139802	0.4423582970230177
4.68449679116753	0.43530161031910025
38.21798798387767	0.44164935878190437
35.73264608983066	0.4244511935711219
36.6079030012628	0.4702632966087225
1.3101913852116278	0.3963403481624498
0.3363289018385302	0.43797007448196573
33.62888971673485	0.42134119328688036
46.41924677115825	0.4312377847884438
0.04015331824001227	0.1750371741930186
8.946665730877331	0.5374779467277935
3.728584225077063	0.4447717194963461
1.9137264390299904	0.35149058407191536
4.201659177719897	0.4710955668635246
5.726043252810076	0.41602204012735844
0.3300616742807673	0.46961268602710116
11.751812521781455	0.48759262241496015
2.9826770254357764	0.37615965453746486
5.135732179182693	0.5207586978269507
13.098815053653114	0.49919984537343515
0.04936849176807131	0.6057430678418045
3.1719767683540465	0.46198209600119433
7.1010421076926935	0.5360283139970141
1.6917687557759074	0.42861154165065196
0.709144574746494	0.43449222683226274
0.6439224450386	0.4195445592404477
19.077261173577334	0.4833607438789913
3.689251124821606	0.50453655151464
6.319750099549148	0.48059154812811244
1.0299722011622063	0.6214910954045337
1.5150707394135745	0.4984514443160708
0.43735815777314846	0.4880658212775696
5.128946210473143	0.4604221290179858
0.030119722665076693	1.0
0.02052950441666741	0.5744756021928479
2.2823808403555206	0.47967698949149595
1.1502942225437203	0.4738434693078435
0.5935747843237446	0.35530723670938563
0.07723266203666672	0.22053679591140532
0.11955368410983523	0.58814784285274
0.019477634733013956	1.0
0.6256785980495584	0.43502010595935714
0.5799311646395269	0.4330398532604746
3.214529642090659	0.4617406365772719
7.19293122730681	0.47649651579048496
1.388465849764736	0.43244220244210985
12.203251667336593	0.511452814389724
6.730019719258591	0.46773267306182653
13.991677260810347	0.4311774653498651
0.037683949237306315	0.23963085108466892
0.0811353093449959	0.17695198716987853
0.0767556112496233	0.8151826859639466
11.117308040833574	0.43074678001131234
0.067566497750066	0.5744663962695497
0.9709020409144861	0.42772291453638195
0.15779368019153836	0.30115578788362996
5.855393558414139	0.42035235107858004
5.40714956310246	0.4911048000595395
0.13935651126301843	0.7415125951943353
1.177289738370933	0.4099501629428312
3.1495328920959698	0.4482535868293102
0.6015872515152519	0.4099935086354773
0.2872484500876113	0.5953233635623855
6.634179805194663	0.47040856923242325
5.019028032381938	0.3942795008365887
9.041989865386252	0.4797684049183805
0.08499114740187214	0.5195078951564025
0.0978527453913659	0.46477934125154746
0.07174030767236196	0.05352522489322476
5.380278727245831	0.5011430823296434
0.3441167704004518	0.7242192462193099
0.1399399443844797	0.43787430281945344
6.5989757781157365	0.4280935093900282
2.3071272316081064	0.382250987606532
0.6126305395486096	0.577018825953367
0.11810400263096284	0.3942397168419567
2.910676541777804	0.4700543958805354
3.116113752587527	0.4950365290709758
0.05493333996884028	0.7938594501389271
1.5798429477136116	0.5154765741248769
0.6243951242938067	0.7399079134417003
0.035680859463667246	0.8327519031371535
1.8191307078807646	0.5565798489492177
3.4000571319595956	0.4545281786680591
0.27810541588443044	0.4580101488692509
2.5205015505357933	0.3120327305824538
2.23702042623083	0.42773453981022763
3.7691757818786478	0.468350460555024
3.051619523048563	0.5885884893072838
2.1864695426532403	0.4117207305190136
10.342797720288473	0.4509694449454669
0.27297098706135253	0.3666866457017966
24.565486023834666	0.42107333549448234
7.3943066813654745	0.3916680052580026
3.026122065892217	0.6100570938652196
9.098581526377792	0.5248116781804602
7.823687054523905	0.5060080291268265
9.020244030627548	0.48540155968943516
0.03854531918488125	0.21513967922684654
6.950273721822293	0.5008900697403686
0.33877239796236347	0.638900193181407
3.7299662620749703	0.5076337689229287
0.7017714453641785	0.4917891151019848
0.1475150726948705	0.7180279840493938
2.5136743137085937	0.4734570558769996
0.47684588521919496	0.3844225848536477
1.435386474945336	0.28827714332534915
0.10626199104381957	0.21906399251235847
0.15262339848709458	0.2570612448231124
8.005440697814599	0.5151372391663841
0.044190951147519156	0.2721112220538151
0.0644054697927393	0.5413613544657601
5.584267421442643	0.4727650563370488
1.1070196603012046	0.4976657743294706
6.3322445021138085	0.44750963646951736
0.15894373876307824	0.23032047775761438
0.047628996507665965	0.46301702365583813
0.6356892335997162	0.44478223665922717
0.8419066295844154	0.5332001295793769
1.433339206347849	0.4142453417745728
0.8703547502200446	0.4561249798459534
3.8675822088122844	0.45493775749477344
0.58387201859965	0.4364437361271551
0.09530428734094604	0.5372964574578171
6.672056981295636	0.4414871345905493
9.245861836754283	0.43744031244328646
6.351974758846118	0.4789431822738779
0.5242198781958478	0.2835550913730779
0.07650579298643306	0.7916997058536378
0.4458973827568875	0.5742719861595448
0.05395766041682026	0.6412663856562361
14.98831516621628	0.4335652452515928
0.0	0
0.8049912628639906	0.4377128942880006
0.8949902178445295	0.4502162096203338
1.0060377750334126	0.44696246966056863
2.7092034285358664	0.3353505166607784
0.05757113556155908	0.6997078519325336
0.04314440156969455	0.03139609800552467
0.7825758341900032	0.46773583816690667
7.284305299553442	0.437697895112225
0.03803374641685566	0.46622533872596
2.9857074232184484	0.5402942337590008
14.876933619889652	0.4627727108282725
3.1495453827762496	0.4206736290642865
0.08592825881298992	0.26611575474931376
0.4923542394094695	0.525353041358294
0.03816855882593149	0.2259883812027595
21.756742151674942	0.45281344697739756
1.666185378473352	0.12678008501458793
5.760696899879936	0.5567267930501943
0.7643250049260686	0.46097703453567596
1.2226130035651728	0.4612758985473108
3.4060276623433463	0.51079995063216
2.674825662312979	0.45056513776689966
0.0665025174760654	0.9282183190940019
0.12068984438389495	0.6455830365096361
0.3247306514754676	0.624185895405694
0.8326282389762162	0.5323563506877991
0.8831816833000421	0.6557231626951366
1.4395535223027625	0.437965597400057
1.0988702548444496	0.7364010503595312
0.033910088681912455	0.20071221985726878
1.9683676323464618	0.32842792287084704
0.00341487494907578	1.0
0.074936443439184	0.18980013870830972
0.16261729377963102	0.5071903247644742
14.68353313764634	0.5061778834546654
5.987499603791453	0.5005979082796795
11.207763600762279	0.426397185409118
6.14606996001749	0.5143674437403541
0.07279220757814597	0.23952279906442592
0.040707370480048535	0.33239061507426254
2.853709974377567	0.4276535184334698
9.338371805638058	0.4845266744282082
6.0149589473844935	0.4749434257674325
0.11704752304455039	0.7157207989452805
0.12355363342875994	0.8400529616267159
2.683735817269624	0.3390463869438943
2.4616858801276678	0.4302974659904519
2.497228619080512	0.42574575566242434
0.10532802729713404	0.8125725451711567
0.09696679509384527	0.6128810596061585
6.895585162467244	0.44078838707712265
5.593439899103581	0.4372854595827455
8.093259611602093	0.47600107173513656
6.052811251136208	0.5168599977921298
0.6583066426041292	0.42064324983929136
0.6997895395311701	0.4205242040702693
8.565525765459359	0.47015240315375884
1.193465472207821	0.44690364243531494
0.7930127034692411	0.4717716781958583
4.943225193003328	0.4470688747610199
6.913257013870734	0.496032782406275
5.811105391277841	0.4536833473306545
0.935496387907692	0.5117146553517408
3.881483570448633	0.3624448459058894
15.311280854037314	0.4489964342334242
7.885771030225354	0.5005601470205077
0.0	0
4.22806708410646	0.42195277768701933
3.9648043944394926	0.34987927085247095
3.874235332758048	0.4669124200166784
6.63576765361751	0.4601426400688097
2.239263906402332	0.3641254171052355
0.4463777578795022	0.4791141637144919
1.968180556923256	0.44851724092990836
10.235326458893041	0.4570094216608302
4.170910628554634	0.4666825260845609
8.12028727941198	0.3841891627482576
2.158647418361211	0.4879170572107939
2.9686204844707196	0.2119025588517725
8.144085624773764	0.4510885056261682
3.669683716696338	0.4230064516731181
0.6343669906064613	0.7240324712011933
1.8721147170745907	0.5860054969025235
4.567100202056647	0.47800433347500576
0.11099419228415981	0.27324106676372195
2.0392608252654747	0.5519127797430056
0.6992784782009005	0.4933196947046542
0.6544884672116527	0.41397703470245734
0.05993741169983767	0.3235409733519504
0.5850551090086812	0.45573729739952623
6.018216791531033	0.45213940284081966
0.07424586315229242	0.7681988994007984
3.469644416399533	0.338253757473998
2.850047015485708	0.4881627581337675
7.469339393645855	0.4647940732754326
9.417191085131993	0.47222260039053415
0.6108082077707979	0.7519086807224428
0.7663179496640086	0.4945868562164732
2.1297544383003135	0.4717729880058768
10.929643738060506	0.5097795626360203
2.969991555858556	0.5597072569072713
5.475790785950531	0.4353611033261573
0.0056669519034880465	0.6658333675238203
0.5918294110269696	0.4305418997395852
0.0843156998340998	0.718605105178995
0.10623500810517329	0.24316217298807588
2.671125625286553	0.3992594445742068
0.11146614497517207	0.2029944718155169
4.554557691775366	0.4073788904732292
0.47328586335677386	0.4368237768056216
3.7692934576648596	0.4372192445665145
1.6963288806095946	0.39141888773700206
3.5930693595144994	0.4182376824226018
0.5755673222473772	0.41975530831264685
1.8046239990342623	0.46102448782430755
4.6438666057684745	0.4547913035078221
0.78099251775692	0.7280516337363984
0.31122845916512554	0.6200078859651345
0.3164192948180761	0.5037097751812252
0.06085520823155089	0.4528219423561579
8.461808178265459	0.55269044299721
2.974093421718205	0.5967624999563813
5.086469836123361	0.6558310511932385
9.650126355322138	0.4649029786589011
1.0063892739144422	0.5260212827998688
0.5737572533617845	0.8041149117277174
0.03672270614921964	0.23341800306410704
0.03748787948964144	0.19254251525466404
0.0	0
0.033856115829618436	0.18693942535332342
0.029289893257824145	0.46739671958591583
2.0958428746818387	0.5362812513133763
0.05851190025800748	0.2528575833314727
0.08791385279763601	0.24211013672056053
0.07344361297093428	0.22365534459313366
0.0376689653010004	0.9787467171456037
2.509660382435336	0.44580499274110336
0.24117903934095364	0.07839867108836514
0.09997307739457534	0.21887563876998814
0.04998685369727916	0.4251529830861577
3.599875210185909	0.46690186968724756
0.036567576916435564	0.5031715484512335
0.024176245038542838	0.8255847625159397
1.1251466893204298	0.45642962956231975
0.9557951936561004	0.5052770560477838
1.3478261969914371	0.2661558343963312
1.3230284377168429	0.2577223915153324
0.6897009540454903	0.45940969698209994
0.6948493718286302	0.46341514743264284
0.038939280092636766	0.28110802359625925
0.10982303694712818	0.1865410779019238
0.22251694517238343	0.6096468852865383
0.041028187793502084	0.30192483145955884
2.773085162621429	0.4802248053840497
0.06376655043031267	0.3109627156687898
0.07518487152793189	0.937461676651485
0.07448046384791865	0.7139057258371088
1.9081486724854135	0.3527292207240063
0.17420432275206704	0.779459454611523
0.030935961805939903	0.5447822965199467
0.18878515148958713	0.8517425996493778
0.07834377004656765	0.23998440251807213
0.8439031392475875	0.43875184329916994
0.12658461812433147	0.27103621023609353
0.07460982713158704	0.22192396316663363
0.6523978194648594	0.47654467078538315
1.0003193842166531	0.4204737308212027
14.435183817191696	0.4694860259626155
0.5843746075153295	0.40272533199887983
0.012106989304606445	0.43907786381628633
1.3745330672947003	0.6344715428306894
14.20482323733548	0.5043780697507259
18.379464663461388	0.4688449362852487
0.037054773908465254	0.17866126035908264
6.058034334054772	0.3891635205271273
5.227558289603586	0.45449561432088614
19.803091573658655	0.43634816572939455
0.12495926392926532	0.4947924763578078
0.9719517974527401	0.5179103210032652
0.974629751286834	0.6075627457209207
0.08064809956273804	0.9064381297774443
0.22724278018449992	0.5484635547617084
0.3566459589004011	0.5082561426429623
0.08122362168755222	0.5246050211131221
0.24614515084082228	0.7672074113917569
0.013089153643940293	0.532308978727632
0.27559167161281906	0.4378132755036666
0.14904917262564188	0.2105265411144903
0.7928532979295426	0.4868989641811458
0.0	0
6.331600599897556	0.4964523208147249
0.5594886846833803	0.4726972969914864
1.194952938459011	0.790024264608663
7.811564215262619	0.4827986961440584
0.038546793051913365	0.5863342688344592
0.9518923661803524	0.4271025349740255
0.015132837550035574	0.6971661030129919
0.7090721983021375	0.4722088768567631
8.947105500194946	0.4596628981200404
0.09546087881936016	0.2240821983985038
7.865266453757677	0.42899596431821335
12.333641980494534	0.4304958329431557
3.2145506888714563	0.39780284068290767
7.989598963533606	0.47452227448456996
0.14153943615557332	0.39093551954372485
9.609074961141271	0.48559141768059483
8.629192771627574	0.47026739060122413
10.092590966364455	0.4274452436313257
8.794541698052585	0.4727577809800191
4.937078901580538	0.41973812852001985
0.07129488111600914	0.26238198867656387
0.0542790775044611	0.5277947499499808
0.058490581479163785	0.4592688786382338
0.10097489717827174	0.6185665470130726
6.168872486899804	0.48451055051445274
7.90702042261262	0.3942409171028275
0.17929572347857267	0.5267481354699244
0.5417283767406956	0.5259250538877447
2.559078971681264	0.49177505045678516
0.5121874773123072	0.6524479858686162
4.609017818033884	0.4225004183148906
4.882310200137283	0.5056276586744446
6.493387371399934	0.4465109903526467
2.7578140674451586	0.3554869800326396
4.920051933595699	0.46785950549255517
8.00765803418293	0.46269629872403617
2.5334535124582285	0.31647064299420313
1.8921311526759812	0.40448567198013713
0.03795198859989197	0.21954923883922628
11.7227781539318	0.45685790387428055
6.880961143997996	0.4756459154380946
0.6853503857588047	0.48298685814268666
0.5998954093770178	0.47079465802971737
0.09773312614263958	0.652254979972237
0.9571422007089834	0.4950650520372165
0.9157930886587192	0.5083467718464398
11.147977754403398	0.5239296238525063
2.597341459349011	0.45359959509021036
0.5676327584941193	0.5428008356735029
5.865308697114129	0.4564894544221961
0.016914647228281218	0.845798315609901
2.7999123436833777	0.384469624953717
0.05983586708912737	0.7295085828428323
5.550717742152926	0.5122710584421982
2.4012631753354916	0.4463481259632517
0.021381744055455856	0.1060678312679676
0.15061725404352594	0.6340807567828625
6.008550591194972	0.47791330515748526
2.105855977838468	0.4583865408309384
5.035963198535235	0.4526921630345664
7.198945664224772	0.35301737805004485
0.038188576925714236	0.7225560007598772
10.838329856942424	0.4801254062168324
0.03737903877025884	0.838724731118364
3.459010947291312	0.4384773095384868
6.632221350047225	0.40920491248127416
1.3981514114396627	0.39540796160182357
1.4323980453340954	0.4393884394976162
0.5895747408556714	0.432285380293432
0.5895747408556714	0.432285380293432
1.1503514523081901	0.4187167044519235
0.5895747408556714	0.432285380293432
13.952703716713426	0.47674406101222566
8.662093454989003	0.4995811708682889
8.292566522726739	0.4600701601953868
0.043098025876339284	1.0
6.316344709517595	0.5599987521118864
23.26500474469922	0.49072225253687063
5.08367155860684	0.5125409881931599
2.3434779256210496	0.5479025892253934
7.925920630063763	0.4525110715567847
6.931052573755507	0.45317486001416973
1.6167514797248204	0.628677072770965
0.8810381726966318	0.3933358377771026
0.09201324518387212	0.3874486167039624
0.07535427333407094	0.21136134139638024
0.03611970243545537	0.2026134695691906
0.06212531263552472	0.525614368375537
0.263546412719974	0.19369691838388853
3.808904895853653	0.46673645469799835
15.056809923973468	0.4970360049456627
0.28884154192857475	0.4093926853722508
0.02075375432995418	1.0
0.28515894150242405	0.8020120627228169
2.1695730444352135	0.44771478241849577
2.318657992082865	0.4793117283556724
6.136386091799235	0.46235923493530884
2.7429329498932176	0.604882101922883
1.2285177038400064	0.4836081758300169
3.576903083866715	0.5367505711310936
0.25901105535645796	0.49429780865730333
0.0887094171070908	0.30940141594190596
0.20485122282399232	0.7335135949956809
0.04746411859058671	0.9646302111425806
2.868563915000566	0.3782728544602283
0.09246131261583411	0.61385125867969
3.205830884980405	0.4064271886004777
0.29116066127529905	0.30867771339045025
0.04840573412927399	0.9178193782126691
0.07654395895451292	0.27809829752930487
0.07259570194701996	0.29985681352355587
4.833030403095193	0.42976558734316295
0.03564744055800457	0.26238198867656387
0.0031798616156811887	0.5801283984332527
0.047628996507665965	0.46301702365583813
0.17048081082251487	0.6956655729698582
6.402733416901396	0.464533973535072
0.025391708235474857	0.48312334661347944
7.0246489075596115	0.4615139778474509
6.616659302978125	0.4555533164972875
3.5548620326485527	0.4501829623687619
5.634652525119908	0.48188904555393663
4.496770309262674	0.42791301987465186
0.029544181944970497	0.9114165945239353
5.368780727880041	0.47361796111179866
0.07386244481655613	0.21483167899336866
0.020563714886498656	0.4807512167988328
2.5009530981661614	0.4811796645805011
0.11463076577327584	0.46434365823465695
1.1107952539873909	0.4905410210091404
13.712843327881194	0.4856689178000921
0.1109667304528642	0.23652781026746564
0.33156866107691785	0.43526469057761763
0.020262599513676552	0.8365796736065051
0.04501358324701518	0.9272109912081737
27.059070129612625	0.5184230351126563
0.032086791019235526	1.0
0.6242216960145258	0.47019453341760115
0.49283986492777754	0.6766829406534905
10.533419435450101	0.5067425164339444
10.826056315949653	0.45052644341018505
10.437528690561896	0.5233289704417263
6.135438422559807	0.4254044144143794
0.8065718814489999	0.5844837409877568
0.6864559749102551	0.44288946437392845
0.023206313336333488	0.36728640802930196
0.0	0
49.99999999999999	0.46159642828898917
23.02552493082169	0.506358392685648
23.596346312219396	0.4821206455587275
1.5245858440175408	0.4837221058739187
4.2780364673336235	0.43321517552119393
3.8810577851267967	0.4043214062115797
43.70324914798681	0.474754760797176
39.421929326757436	0.43048899316324635
0.2541918628585587	0.5638936725972603
0.11715130771231497	0.5431690190363873
0.05376238718906037	0.24542722850968113
0.14177510080483385	0.5016884521676999
5.105822076561165	0.5723653077681405
0.03945804351064339	0.7887055714636719
0.7911726761945803	0.47528106894507544
0.6909396848810151	0.4674203919195483
1.330794713434262	0.3879617505445993
8.695819826905526	0.4101348914811152
0.16944919269285139	0.652486057149153
9.516505953021374	0.4506056631217376
4.280931879893987	0.4284510890765752
5.522613079055856	0.48505297459756846
7.965663433035027	0.5019461639965868
0.03875567829960355	0.09551943879236079
8.628313286580038	0.45608464851537905
2.791776999734136	0.4004037541020099
5.336355161350099	0.4876666760507444
2.28080654849569	0.5117294005434943
0.8046787783462367	0.4586399113294618
7.963132312675297	0.4437622692219989
1.4448486426065559	0.3542412986991426
0.1596971996196058	0.5194813752440743
2.0738710992627416	0.4262976556089053
0.3179638796895236	0.5233468928386178
0.9047844768153558	0.4502641407117466
0.08596923501350277	0.2151602339142141
1.0294369132092653	0.5250412146947088
0.1545415847411057	0.18581910408242946
0.05990677588489678	0.396322707907818
0.12652766893873202	0.8257085647246154
0.43581313774444935	0.7617812681205032
1.7346149023823325	0.4858445235483416
9.836304194296	0.47700750983572154
8.852251590110221	0.43383240415953617
13.797936417136128	0.46233737677958725
6.9570095885534	0.5444071314676294
11.435826137274203	0.4629502041782627
1.900336458427439	0.4533200447119826
13.577613443609856	0.424283444343255
12.475324671451725	0.47994516356835953
17.954064414416465	0.4470670990859375
0.1394971890648239	0.7106576717738765
0.08556629317875727	0.4142579214420573
2.0064840802153405	0.4644475348528112
10.89940693348747	0.5090430794366996
4.163106230194851	0.4558607551636198
0.0829662824926871	0.21551175063441405
0.1588374394260233	0.10603799958013102
0.0827095905809531	0.2128056081570244
0.17652854661475742	0.5688064547981532
0.18248157596039918	0.3976374219483185
0.18279047329603043	0.2787102481866553
0.09144284358786561	0.6279696709443493
8.551237153391495	0.5021330398820102
8.932084899151763	0.4882870029691063
0.042407017586110304	1.0
0.4449028642805107	0.5414135210165391
0.07640922452721563	0.8382235066626047
0.029194798944000993	0.18763235599413675
0.03307865331838099	0.949641179476281
4.59230552628609	0.39411736015549564
0.01787142469660125	1.0
10.505909171504776	0.4784731004841911
9.517557827803044	0.4911186685036359
10.013114012139685	0.45822244667310613
0.10627156328748905	0.18044784014630338
17.115849315026555	0.4624458288276767
0.10172325521843247	0.12281454527256884
0.10627156328748905	0.18044784014630338
6.839407217679989	0.3845815062619633
0.08245893242223973	0.19262114924411758
0.987904936191758	0.4716762652204494
0.02744632227500171	0.46955327359706894
0.12763698193470055	0.2101833524770458
0.01561221654875302	1.0
0.23367764375457584	0.21728576161779165
12.952883293308624	0.43194771685030053
0.9141635962892151	0.6826250631754
0.08979429883670363	0.3256869524562463
0.15667253970065684	0.696053654433081
29.087405054060206	0.48107310491404387
0.6725746395810681	0.44794475456350114
9.79748113997172	0.4351101825915644
6.444621661288911	0.48555733205036233
2.5829461587762363	0.4267479178269769
5.598995388218695	0.4694854209920643
3.294485156077554	0.5477879165705803
10.663687192124849	0.48515025815647955
6.957821569926926	0.43612927836515775
7.474835627376088	0.45265936207123736
0.05644899621455516	0.9778180030868887
3.5405792946044503	0.18296037091350834
0.5470160439595134	0.34402841942936097
0.4180291763150311	0.6444031652072254
1.5883048166903468	0.603258762950854
0.8830866124302653	0.7561970811398828
0.6030862333385787	0.7271852173330664
0.1878962959914579	0.46601476923637325
1.0835197059936708	0.7356437455451391
5.308559833746236	0.3942666691872479
0.9462460504197899	0.6136418145033634
0.0477469990423681	0.7467996052363098
7.905133322637439	0.4738715580400929
0.08059765932228585	0.2172909282910618
0.7738996984379336	0.5437135991504142
0.04255602960691422	0.23516302010720905
0.04058222530824946	0.21155357860937643
0.0853666998073791	0.8141195215271746
0.5218706382480511	0.47687190658865003
2.3998012358362955	0.49901839126359143
5.287245197659747	0.4324099992242244
0.08924799460609653	0.861000628599925
0.8164293744731003	0.43863374324122834
0.8223259219813035	0.44390177031948336
9.515245031757107	0.45254725058636747
10.202089452373423	0.47908196481726684
6.218418387476357	0.4851146920973683
27.22015912809315	0.4215923430939974
11.09990567051597	0.4694292683735252
0.05498260339609576	0.9305949436898733
10.702747821931997	0.4904984184933941
0.18307871502618647	0.2758758687726321
0.24486749932016497	0.42005267484482134
0.28655758733172976	0.4820791148411901
6.809379128608644	0.4698738252840822
0.0	0
10.408240762108457	0.49337836978120564
2.705270576441963	0.3117960071352202
0.8471078731073584	0.555551719120781
9.457548527754586	0.4854753157222251
6.432624488653817	0.5965134335784213
0.07954644177753219	0.22198371066018432
0.061411240929321834	0.3942309496643812
4.513932147807552	0.455058987059773
2.6417360618946724	0.34017503501311963
0.03296972956739016	0.972553898847878
0.24796254170442422	0.804303457746817
0.043691561601756225	0.24089874759743893
3.960360319936529	0.507285206930119
27.001253721996406	0.4813995635872191
5.0859117878687155	0.4867764331928597
20.569927513333806	0.4699540890863411
27.573813451633434	0.45358695874332733
17.713425871936852	0.4731915130587711
9.214140748524112	0.4713056410854617
0.6564549880402023	0.5019673798178992
0.06851184625965119	0.5639206129152026
11.908293835228065	0.44921292369325244
5.288260007586334	0.4118987989019894
18.370303341615937	0.4321791574460473
0.48096585409654175	0.7256411156246756
0.2211783748625165	0.6002057309034569
4.345527633409331	0.45684215137038214
0.25787478593849444	0.7418390012496564
3.615803402749738	0.45625914388469085
4.595112864112698	0.5094466785397268
1.8199285200145785	0.4068415459306356
4.033353103462192	0.49116022876737975
1.704968426405311	0.5876960171863586
5.1564918711407275	0.43807768763412536
1.5768964524392004	0.4743703426072067
0.8127737117793464	0.5858889139323912
2.728957185694857	0.28996014309961443
0.049014992697309655	0.2621775857950353
0.5237249120395705	0.40650747150345923
0.5750046723483894	0.3197042125014583
0.8581342855489543	0.3890885913767448
12.293032739302513	0.4769880289236922
1.3019279217646946	0.39440174624682434
0.2622904925391685	0.7068484970576393
4.577937666187725	0.41054018148609617
0.2392297224795361	0.551937769425987
1.125108123076459	0.43748113418618456
1.8685211578180416	0.40379947538384714
0.8904513427835868	0.3567574825116357
6.574285792312046	0.4534709280797864
2.322736740165175	0.4583297555608498
3.6487108427437667	0.6976722120907086
0.160160356170696	0.523708615176883
1.84153883746589	0.5272233955517855
0.2347685353795553	0.4285562637449463
4.47116953874556	0.5382234703081081
0.12763698193470055	0.2101833524770458
0.041108776772369966	0.20344951844015555
0.08112880992299407	0.1949540585835631
1.665282925615167	0.5540802964039975
8.823146086331917	0.47819982847386383
0.24363735055168292	0.7792995265971768
0.1035088241810915	0.41563612946676454
2.984356651086483	0.5310188610338779
0.08824260510317108	0.5975823252657109
9.572256684026803	0.4223302255331807
9.683173610230044	0.42684865510830405
0.0921948860047139	0.5828261626718654
22.210687319996683	0.45304019266336565
2.483615520631273	0.46451261310950126
5.6290357747654856	0.4368050619152534
3.320680689506227	0.39910963257840903
4.6669057510723	0.49197955618128264
0.3044066683219135	0.4268239569656139
0.7806747018960537	0.4393742251105545
1.877049406943604	0.46814933782291773
11.082309234878124	0.48068762241695645
1.3762937709170877	0.42329968762141745
5.783295748720807	0.48900036048776974
0.021400766667068177	0.6601799074159349
14.465140888198304	0.42962271751542286
1.3356426081968238	0.515301692537746
0.11612543506767163	0.6424234603430177
0.4998201050685304	0.6969834893653798
0.10990760521961156	0.24849352708823624
0.06490766902485386	0.17755297719788796
0.1589898942589636	0.22487274857764186
0.10473543736968416	0.2622875466657621
0.04030240052395221	0.23610974544344118
0.07077237143302166	0.14347426215906142
0.8663234973133844	0.5750603847079252
7.7826304075043815	0.44404417787885975
0.08825173282233258	0.1638920637933881
3.749336221449607	0.5785325866316294
0.7426417582791475	0.45461133069224074
1.0440127627330702	0.3087184345649291
3.047364175375177	0.6675679830135243
3.804439519387547	0.39619920225998273
1.3351650767174033	0.44218812979265704
1.2807022645796902	0.48109229884957216
1.4184856050743753	0.4961682983308999
0.07314302501728111	0.40757307522691005
0.04485244633573053	0.6894214767220667
2.822023457769392	0.3872664533404676
5.529164325254403	0.37791761566755366
0.7593225985359849	0.4085956663766549
0.02544207613535122	0.5714313225858683
5.839398997132774	0.44539551613154255
0.03177463222695049	0.9615992669536157
0.2570221452556335	0.7780613581771696
5.8154369610168155	0.45649518375557085
5.173359721181549	0.43306211134851724
5.392593459720559	0.5182933034532866
9.288070995253124	0.3977739063429828
0.18342858517607663	0.12916694295010928
4.240792502933618	0.48314845142324725
8.311935829132898	0.4390775066347896
8.234045963874248	0.4195107455467296
0.9301992586309099	0.4761126313117857
0.15310760407167492	0.3855311217582286
9.692463883811685	0.4574970170380348
0.008467706453498267	0.053442810598405485
0.08378012580390715	0.19300331763324893
0.0	0
1.0749286447319921	0.4494056178285718
0.0	0
0.0769481779807298	0.3690206810495017
0.19717600610123545	0.40165767544663306
0.08960891705904976	0.22260458675367026
6.257078539780785	0.5334911772422695
0.176778821949808	0.5632497918506358
8.565885146722092	0.5440633015948233
0.07278874518221223	0.7139808377609407
0.03338148815722814	0.839739038389716
2.0867294927436157	0.40473688064192115
2.6901706763082336	0.5417561935522104
0.02709500966415794	1.0
0.012383392863809375	0.779108517856157
0.05174104062590349	0.1227853511552731
4.371577885072211	0.46492067355749456
0.3492193987749933	0.7065088682695303
1.5329088344703534	0.4260732980784179
22.04810632076477	0.44424210320686885
0.14890697503286157	0.4263080936436671
0.2025266779330936	0.7216468431968573
23.192727584980254	0.41403909315349907
0.253653275252129	0.8082082579235549
0.05705324695367142	0.24456417050332555
3.313738281518173	0.5842739217532009
6.6467582982910764	0.4167674030843872
4.3456701228631	0.43630972448233646
0.0	0
2.8068313958575	0.4487976720932728
0.011773364461490464	0.5498019892838829
0.3710163496644751	0.665608246090875
0.055539157691242694	0.46451890496715464
0.3553867151965522	0.3720511756232797
3.0039910279807116	0.46817716169248785
0.041518924356378474	0.10759953219558437
7.045835849985776	0.4124930163715313
1.9040607253960897	0.5230225334765173
6.8661857585558606	0.4764149028642436
5.499411291892203	0.4793763309651711
0.032631581986561714	1.0
9.712739944888055	0.4445443205094787
0.15033236367974356	0.6833224054134
1.673389390846469	0.4625289401807483
12.221438713738166	0.47535645268840043
0.21814179116295407	0.3524396828017354
0.49202382026248115	0.4248425227539348
0.16705317722328153	0.3000896062668555
4.766227479896194	0.49794806365026506
0.409025867752256	0.5384778837240077
0.0880495184649366	0.24507981374361568
7.611197446576586	0.4082027127550942
5.234830772913126	0.47395112992075
4.097270953396369	0.49887255531652897
2.7529806021542256	0.3026259312781156
11.26051923107956	0.19737171934136416
14.157912969810345	0.25127085076410577
8.921782068013158	0.4739712089316638
0.05517396797142674	0.3670812982309027
9.346002272389798	0.43316337945689026
0.08582373636956085	0.23228994942691963
1.745472991698977	0.5677800346484778
0.05216599690489061	0.44712314518265206
4.173592204922883	0.44974655658505536
0.02744632227500171	0.46955327359706894
0.14765114295794196	0.4275087988708148
6.862692728907853	0.43676146318386816
2.0714218161565405	0.492337378922072
0.1489062237532572	0.7088020957270933
0.6739381959756948	0.4483932487643848
2.483260392839415	0.4614193740103867
1.0823328792928166	0.4491002858277768
0.6739381959756948	0.4483932487643848
1.8639939561367274	0.4070990721557708
0.6734570779677129	0.4218216342288497
2.892798233316009	0.4358572759877513
0.6896979716324054	0.3967722475536127
3.13202324952647	0.4607267732589427
1.0386851937107178	0.5218903033095017
4.209527056516872	0.49170207088913404
0.08501622209640836	0.35332531875260687
1.0810660001374635	0.5477050671690664
4.204707603211133	0.4201675397282243
0.029755619199129318	0.480358146771579
1.9479842533834346	0.6699463904266008
0.016282879076971804	0.9355475987534414
0.04186466181976554	0.2061985201699564
9.033043749261408	0.4736258564424079
1.2031697951217946	0.516812800124055
0.05527634057162924	0.7592813468395154
4.041936593033684	0.46691113119888383
3.155504933433755	0.5201564648869461
8.576048542862864	0.46452398044027343
1.36005671072601	0.46467105404217807
11.84063714346505	0.42753299915165727
11.584125318140577	0.4183858642584001
17.000112525332657	0.4198586029166626
11.897922346334918	0.4252848558119944
18.46454707360414	0.378711940130488
0.13558241333561538	0.8313485610468498
30.515760346627893	0.41509817623072437
0.7852803698224051	0.4928896169826694
0.09141499006982466	0.3051763415027881
0.059821341701150006	0.920400703049737
2.303975530234379	0.5679838647817057
4.4919927438790594	0.4598391959094529
0.03573137768677504	0.6253582515451458
12.044653565409657	0.47906462294482743
7.86778879398886	0.4459803485032754
4.865045847248961	0.4212711719259858
5.88265052049106	0.402780347283946
0.13994998580153956	0.23450557337038772
4.753970371205552	0.48745821307521214
9.923545048741934	0.5048956433781129
5.402575194000865	0.5082098163724565
5.668198762996338	0.5532339997299016
8.769637056798189	0.46552359473031507
4.986884034347398	0.4413713964374338
4.01162912973942	0.4185903198675009
1.4402086836929884	0.4921656675429433
0.025843375609273515	0.3563284719959201
0.011742266720807477	0.5917022603581338
0.03431662977029627	0.855239290979656
2.4204966883395294	0.6215686675886514
0.6720822105739189	0.4363610316909359
0.11195153981742047	0.15437822737479626
1.3967380008293224	0.42499666643745565
0.04947986216360361	0.17718806205267393
10.85799437457497	0.4610165066017582
0.01501598424928474	0.5102187920209644
0.7354169618956516	0.4590972222983807
4.948122156403746	0.5938949265009325
5.676052496418159	0.46355110020955587
5.238496687135673	0.473142351378127
0.16776876495318196	0.2211266772906058
5.397318420297037	0.4777385019134858
0.08695769655567859	0.44605830597583934
0.10395816242018818	0.22327824057482396
0.07450565243671592	0.9232546129435538
0.7319453351641474	0.453047722713876
5.321578995973169	0.4832556407329786
9.677893880198798	0.4802110812450913
3.8130189379396997	0.45058260031486236
3.852611727023615	0.4361206929524315
4.983562582551142	0.5066255441138819
6.492614746816358	0.46815315267960333
4.077659317407484	0.4669076447349303
4.542299597572971	0.5163445894503126
0.5139958806710648	0.46840219059994087
0.42690718189694765	0.3548145024817337
0.573107344372734	0.5190571509996567
1.3086651665841436	0.1642418324162041
0.48155191992779484	0.4633714572800647
0.02071888329217258	0.646133890455482
0.08090460725082328	0.5479239610867279
4.2640825204913915	0.532759305799738
22.427835482114535	0.43928668333514304
15.927061684473253	0.4397886674404376
1.1111979606645137	0.47921791977578027
7.384971780945988	0.48073846442021584
0.02707426259607219	0.7856701805790237
0.10030397218833909	0.438506109975054
0.7310049084435774	0.7030504910405476
0.9204070034850647	0.7490489371194545
0.8137063865101816	0.7324027083704748
0.7943867303560878	0.7005935646946502
0.8537972633732807	0.43645344376050516
9.589406890946234	0.46199994725544663
0.7812597825947455	0.42105588210628114
0.0	0
0.09605773984687353	0.7126383740526736
0.12619874576434914	0.40705371433939685
0.2873500054603855	0.44576316475229755
0.0477435470759747	0.8762938768987547
2.2210948073612857	0.3912135940746959
0.022491705332280953	0.9034880119237708
0.0725461603365547	0.6722892554732278
0.7165286838270782	0.43763301837417773
0.08085068629540178	0.516054185468384
0.0873450718852325	0.3759220628117045
25.417538381118835	0.4564823660725813
0.044468093112795565	0.7572709033232625
11.81230254251776	0.46677606730880283
1.0600847909901616	0.10319734138796263
0.39606474758312943	0.6448054299270596
6.360997025514588	0.5214434967061624
0.13674426493527292	0.22506505639893026
0.030557730792702593	0.18476593975373734
0.07572020987628801	0.32364878881759557
0.08540604202056612	0.22772386281908794
6.075674291980387	0.5027718821320997
0.34053175951514425	0.9591614629001963
0.31046422090446274	0.6930986314675984
1.1812885349864435	0.541857356167447
0.6225493760749465	0.6302621804284757
0.1518699111497207	0.3360092096323816
0.7840310849857783	0.43285560960143343
0.3208287588240509	0.6878264884420836
0.16550465062363945	0.5533562785482162
0.19405176312195427	0.4681679062361532
0.8209100138243974	0.45134395103326463
7.344991472836947	0.4377478356097798
7.202558947649218	0.44132550397603
0.6712946881740638	0.4201048108050913
0.7217844305330958	0.4598871922708429
0.726498040970049	0.41906248934670287
0.7009504303312348	0.42032020860880054
0.6741859587676361	0.4224467186054389
0.6739381959756948	0.4483932487643848
0.6981573983349885	0.40352920907440576
0.03510269534336856	1.0
9.916225001895645	0.47961052821004685
1.061660935935477	0.3831885450662112
0.40511086467395907	0.6106965497320663
23.87125032833238	0.4142758661064028
1.7188098696223364	0.5183395930769786
3.2696086533538993	0.39484838117227633
3.0656300189204777	0.5016456446548444
7.822325107816058	0.43495720335214444
0.12698850893395547	0.17083097617610304
35.950053597050754	0.4673166795449836
0.06472389433030849	0.025091754403570237
1.3177202808350599	0.740804583700909
2.3628176661432594	0.4514452657561587
0.07735660088706543	0.48067369558369616
6.538151093818737	0.4876251903421628
7.2250851387009565	0.493381763255844
8.703383352374873	0.5168002443907574
9.61052402814964	0.4541980327639631
0.07228817230495635	0.6918631874319402
0.09994165039569124	0.8048135575917859
6.77534063553266	0.4156271017942145
5.291417712072064	0.4371835627649677
0.08577988778508652	0.2570612448231124
0.08583038551989532	0.770072072165306
0.10233856609462601	0.5027009181769609
5.989228125146114	0.4438436727991711
16.801735141222437	0.46328254931234675
0.0023644460570196087	0.6663761877325035
3.2067748185471157	0.4123956847222522
0.04637484540097282	0.7361719900103297
10.649190889402497	0.4921453188676074
3.4615821139021046	0.5819220957564819
7.038742502936244	0.3823804653028307
5.088971866589945	0.44516742961722494
7.3983706461892424	0.3428491907353968
2.131559208707852	0.4238956046930304
10.139860383043706	0.49315434199297936
8.683102185341719	0.43983623480774175
17.200978223921876	0.46779290640200527
5.83569497150228	0.49940826934933574
9.340394759720276	0.4932549591116859
0.13447436640754037	0.46639702799769295
13.06247085200486	0.42088625419392495
3.0233623930624165	0.4838464953192513
0.3149908542157795	0.7660677597010089
0.014377668545030576	1.0
0.05717681869110295	0.36110975016935026
0.11275056659367748	0.38802169712146795
0.6838995647295039	0.4522590908172232
1.011284929438738	0.48303847003292744
0.08345409276597444	0.3608993789563222
3.0458601309418345	0.48697356797747826
3.769009522334327	0.36509894478681437
3.618988443132499	0.4482274429531866
0.8867160314304401	0.541252442800334
1.0935376519969133	0.4793967835467231
0.03854361499689895	0.23020884590388557
9.309685261403775	0.45494088389239834
2.2626253223150443	0.4526583814543936
7.1473974666555975	0.4223893288913619
0.03974506751107781	0.2843091733876101
12.409854542235777	0.4665094942737891
3.625034168576224	0.3232114204209133
0.042117351698800175	0.21811595856866137
0.05476237662609134	0.966620135350904
0.673366288140277	0.4482730879108669
5.379011358101726	0.520423878070579
8.429674525384591	0.5571290021850887
0.08747467998879972	0.5033613884221089
5.572596280101431	0.461047664448412
4.518064283712165	0.44202761211304914
0.12004720618660293	0.5409767536721818
5.847007753464699	0.4840888416368726
0.14455518336418424	0.6393214228804032
0.11516794975613363	0.9636390088520721
1.22280674983981	0.239614074592944
0.8895193643901381	0.4545193514495743
0.04199402036931536	0.22469628663765134
0.0877135345679169	0.1812884859566332
3.228754014158168	0.41365703435673035
0.04465574049064966	0.16025792903573655
0.039327782119522946	0.28360162938351624
6.652861382494974	0.48751434307709984
5.931113691492675	0.4828592173257326
0.0723112202509467	0.1551853839890609
0.5903670421163522	0.6532291457403421
5.767656849420742	0.5113273498132902
0.9251818687846095	0.7656077219029214
4.645758682960361	0.47948063186589396
0.31061454078253425	0.5877083197385193
1.2487385608574593	0.32769414649658346
0.8253189994250842	0.46494248724541354
7.5647476118548775	0.4594184640135451
1.1597715603920928	0.6090674299779527
0.6135809817117437	0.4909861333210227
0.452260642341596	0.5673981865492453
7.999974824701295	0.4369879010273286
9.937986640059757	0.441102551998569
7.506147003706237	0.46877852533885467
14.400883303208902	0.45658809316163634
7.124768406494027	0.4390550613794422
1.6016072985129461	0.49732740178104207
11.931835149700435	0.46404475980944826
17.261426906120626	0.48684321587511137
0.16834609637008674	0.5634742561065109
0.0844611742760251	0.8275312570540978
2.0467324226146606	0.4184866107554584
2.04790354302429	0.47258962639846486
5.568770330451226	0.4088911140461897
0.08408769435512592	0.2007293825061062
0.11653782473489294	0.1170968526062251
0.07296362211630279	0.9547690737370278
1.801147205845368	0.24196565089896638
5.075216033727493	0.42166264047861596
1.320377213569305	0.4468008791528049
4.150239735958447	0.4004743456717582
7.494335386505699	0.4312020072214457
3.219037397873866	0.39838406524689757
0.3228503810629888	0.5906887752457186
18.108402888511854	0.45025760882163934
23.616236666332583	0.43769571407736857
0.029087483583984983	0.8567456343906459
0.029087483583984983	0.8567456343906459
3.868502170261878	0.4638745360255584
7.630577956508797	0.4354222090768302
0.8278175495025488	0.37791202404339225
0.17639458501090174	0.26589701481425737
0.12520935262962604	0.21529430447427061
0.052473754908954305	0.7230063615806623
8.908488248570757	0.44403420481733646
11.143804172286814	0.4706412260346186
0.6615308941358369	0.4354357798687521
0.030376506529183323	0.9136951978527068
0.3133792515062717	0.555769179470013
0.10196505220142278	0.3892490606558422
0.13281250375980444	0.4149293294346513
0.5283848981145786	0.44625203534312236
40.13914813877911	0.477270588059775
0.0	0
0.056311548670757675	0.9337699253233555
1.0290651240139495	0.42417507021829576
0.12209493245871422	0.39243650203367375
0.5031927419203603	0.4218922598039882
2.2273698010926855	0.27589963741848794
0.5984518822334091	0.43240548318699495
0.03268280878821589	1.0
1.3495014183923861	0.43890571104063586
0.6652158332509975	0.4237998660200428
7.316630663269952	0.42753425867378403
0.03825170441468323	0.4771745236527061
4.164610167400714	0.4646657382761197
1.5698043803077049	0.5822739591390674
4.802443375271101	0.4715346935770641
1.1683926310691037	0.5224316598478482
0.9252906630977978	0.3852982902077957
3.2671032007002556	0.5221259097931982
6.869865420510032	0.4787266967557455
0.0678605458353232	0.9776877817025644
5.474978429608443	0.447545300498512
0.06809819575351528	1.0
0.08914428538644756	0.4797742091611717
4.394751530153059	0.5234000451832648
5.478389483643956	0.46336711956473225
4.09745707850192	0.3905590849495113
5.214629205109144	0.50594513707705
6.137671728067604	0.46198733265263886
3.658877998040318	0.45283775986592745
0.02416088609416188	0.32831089149481973
4.511774248708118	0.4708308761046203
0.12780443622784493	0.5698744288026306
0.0	0
4.449646370878217	0.4713737590337421
4.137384456016313	0.4001000861670178
2.4624834650486287	0.46322252166351036
9.419532973290984	0.45587472093526227
1.2123514717154502	0.5309870837803359
9.21606957927009	0.4217999365378979
0.09691810236795297	0.4998520302835096
10.832073728274642	0.4240747864457179
12.060951536777091	0.4864266329589958
50.0	0.4655071039722506
45.926653567713544	0.4699654703649521
50.0	0.47275129595942345
50.0	0.5120007518741633
38.08042708060098	0.4894141507442355
1.2154514141813437	0.427294202421567
8.9432055894626	0.48978108922816965
2.9044369040788385	0.4419732799096696
22.484919211860127	0.40653630068025
23.43399556239351	0.4403597398858842
12.657866607237114	0.46187746813676034
12.748679079350547	0.508374467316014
2.110897515203826	0.6097082677002682
8.237163133953329	0.49312548738631423
13.571196880116421	0.4669856368057162
1.4529993014213705	0.5085098345197598
0.06088200550387647	0.8002321305125806
0.4932988711603339	0.7275070271765213
0.624738320649873	0.272718602161221
0.21163721352306863	0.5474540018194128
2.7430684928641274	0.6288932351340782
0.03139487773157137	1.0
0.03139487773157137	1.0
9.214459939476313	0.4611395544003788
6.922841060521961	0.5003354833112836
0.8168388140730761	0.5815340052932256
0.10819897433869928	0.9809682404794831
11.578585799269966	0.44303013634275146
2.7701531104948764	0.8114814191829549
0.14640199090496822	0.2643882502114231
0.6121918973821852	0.37004130084361375
3.493836427012197	0.5779078389847375
0.3114610823372071	0.5212004307376674
3.20594877133768	0.4705703112140016
0.16620542498034804	0.5519004225014356
1.5780191831493307	0.4232806531994099
6.777859438543354	0.48093317183221984
0.32854334662665663	0.7833947951626749
0.06599225617157706	0.5667843223244476
0.12750277920690004	0.1820727021562987
0.14452455305396686	0.21136134139638024
0.0	0
2.725124878145721	0.4442236976850709
0.08708768332489807	0.6700030180670898
0.2559502296393601	0.7536838541074325
0.19811941620946924	0.83200029273974
10.086593132635555	0.4370413051026691
9.26030215788538	0.44631068521855805
5.942202468701577	0.500505776893885
0.132929074322289	0.4807888212687031
1.773055523475919	0.5070463145633356
27.132089993878527	0.4541177742039818
1.4270372351137561	0.4899728458823769
1.5945882929209412	0.5037091436428403
6.274619716651252	0.3681964104257657
0.3943148775216758	0.7426705781387659
0.6036476352527272	0.6285671567143046
3.378960861584766	0.22430414455753256
3.4319691207396583	0.6305383399317047
1.1911836758134606	0.4117042446051042
15.145162627777196	0.43098083426149
3.758930185177189	0.45850309511614756
17.305029813699658	0.48800571026894896
12.389322342414152	0.36936918564842475
0.26301925499639445	0.9962449758610267
22.452954006443694	0.43856254399570993
5.578988131137542	0.4569843088646947
0.07232945495036375	0.2511715283966122
0.2785398405464202	0.3932885858008376
2.8217602485803965	0.549488718342075
0.4002479066976725	0.601111901403592
1.1393477552669122	0.636082003798771
0.28674169201942373	0.695646289171779
5.3675451741407905	0.4252535428714408
3.0635365911531567	0.45673085208001657
0.22882862325768527	0.16834938721009787
3.04112220276645	0.48773774127551334
0.2678754408550132	0.4250454485662639
0.11692828588487651	0.2872081591889471
7.905540664061987	0.4816559161363409
0.15532588668618877	0.6343121449648472
0.1439546355098614	0.5791095098552997
8.566612014159873	0.4662062595372655
8.796705635592982	0.5116605105766857
0.21396464025500228	0.44291287901181475
0.18019435184159646	0.7948704066926428
0.09725181621792384	0.4199958320642206
12.720796158821027	0.4887403680993071
0.1405607184335768	0.304505236606252
0.14148280661248758	0.4030392565416214
1.3441725608301145	0.45631112230692283
1.7620999897721958	0.5226167142077169
0.1419142073872713	0.21448314880682703
1.1625730599291215	0.43908162815169194
11.923661491895194	0.4579263322673212
10.74204585471485	0.49722574166576444
0.08475200809946601	0.7647741831961814
0.014205247000454821	0.3424996861562324
0.8542767871460052	0.46031861533539714
0.14882541451543096	0.5902807144703043
0.054510267822941064	0.9619748295066669
7.344749211448637	0.4784005271196662
6.171018701118567	0.3346097751112925
6.27175052641009	0.3370756835051791
1.2134758437514064	0.43221036367446214
1.1532162139916409	0.43099064596799885
4.394848287313951	0.5217919975983379
1.1791569322980577	0.4329554884817592
8.293740497397007	0.5218498507005691
2.034319480783903	0.37572874294331443
0.14741013095484198	0.4204434360599336
0.15156669278779794	0.30494812717810027
0.3630711055432013	0.4713837740850746
13.245764328796222	0.4093032965186117
0.0628963951376711	0.6130715294175493
0.13541028867789037	0.2723412612049539
17.170802896626963	0.39310318582862047
0.15205143012261738	0.2449894142562179
2.165758223683243	0.6739723208461178
0.347937795772289	0.4428212924712319
4.999716443361251	0.30890264891575286
23.949561666185865	0.4477171527338244
0.5828334996415371	0.45935833273304216
12.571920839238748	0.4973851873712468
19.785115830752453	0.44742901548614256
11.885053282319593	0.4499737174331862
16.302091828483952	0.45137884296606184
11.729152179006965	0.4879460029437451
11.26110916931004	0.467378639773796
0.018512762991778696	1.0
0.07182130080834996	0.9434416500323867
0.00866526754993273	0.4540212763328605
0.11989175856580789	0.627324112906185
1.0739538516836757	0.4123521769659041
2.757284578682721	0.4071852578862671
0.050194726269736464	0.1678131861892757
14.590433018448461	0.38808423003007875
0.03170569219227449	0.5797109234427023
9.163898008318041	0.4535373294657174
17.384529641341803	0.419137582037162
4.611298366472587	0.4334310217244852
4.18118134861897	0.44029037960950385
0.0	0
0.0702803592167884	0.304505236606252
0.11462557566489548	0.7096541799917648
0.2848280477240604	0.4025815743175366
0.09225369604702101	0.7443380300326593
49.99999999999999	0.48620330344996604
0.19802304488888722	0.1266962513473188
0.3575753837495851	0.26458598666236577
4.106851218168149	0.5341477600689354
0.20188625471168384	0.5393316139752592
0.5811223411820363	0.5709965500083592
4.5816606348134625	0.4367145561246942
2.2677004870108814	0.43832471910117043
20.166129266084656	0.46760715109327666
0.5938389392424779	0.4552295415569811
0.45717054595679185	0.728065798926589
6.954645150418205	0.28883718583227996
0.2693331791317768	0.6443610530400338
4.72827655747816	0.45333386077712956
13.372469675623062	0.5339483289213496
8.924655221062151	0.36203406235832103
10.34560445418845	0.564027324210429
11.48686880154477	0.4466905588511509
24.307646353619685	0.5162048095318621
14.861887111043758	0.48248501523418347
24.46699103926403	0.49638921690704446
21.497058778473814	0.43199785870088603
0.3800735291284029	0.7164202217391779
1.9245432945344871	0.4775810671116237
4.7968087721425325	0.6177134525121557
50.0	0.47156270200505607
4.931867882965434	0.37746838651520725
5.905106143384651	0.44559140112923085
0.5033211287066977	0.7278511023016699
7.093495811676954	0.3575890941612543
2.63529664755316	0.4369256441396868
0.11196129935653781	0.9253523388653541
0.16725089034732746	0.821599552028963
0.3233118476522653	0.8321173865541363
0.918215932453505	0.6674265334553385
4.594931522059425	0.6445409001700165
0.7473343111147124	0.4490388819987959
11.076424878254393	0.5395479142077966
0.24944675044458073	0.600343509796874
1.0123354314552433	0.2854809577753039
9.796874528130155	0.5890894106982701
18.966230040295695	0.4251189139768172
19.263436706469182	0.4824882393359002
8.76018453685466	0.3900290940071806
7.415886451438535	0.4598857098095339
21.34567589645717	0.46620193310278857
0.5957821570262938	0.6871251421877945
13.861638130973688	0.4716967195958884
11.907060342023984	0.35548742285553303
13.42088881587128	0.4485478519745068
21.87619052207844	0.4568575080494115
47.181011567064104	0.4273204094086739
35.6986866527388	0.43734495820905794
4.583173564352469	0.5680359222509153
0.12706367661134754	0.2453373518015416
50.0	0.4368796879799875
0.5677342343863852	0.2534094815083175
0.3327932989559807	0.48443308226702037
1.0070286137592026	0.8792303524606171
33.0314924791736	0.40352630130313044
16.181064470863458	0.6325508552967832
4.440512149654925	0.38755526651469796
18.98132564567967	0.6082939955786161
0.6662508724478806	0.28360162938351624
50.0	0.482511114019381
0.17338610050129724	1.0
1.314931376959659	0.7657668406240756
46.599584321940945	0.5090993931697811
0.49600242633214575	0.31125705768170736
0.6741064826757185	0.4190723353607909
11.811014160981413	0.5514711114308387
0.3789180471222073	0.5234701123295664
11.505110902379478	0.4271876451390875
0.3080508758581507	0.23032047775761438
16.21588136774903	0.41967801705834856
3.3702343619006796	0.5138085282559883
0.2883230511057618	0.2301505072200449
50.0	0.4653166244338202
50.00000000000001	0.4606124042790486
6.63721394819969	0.7173247102591153
11.6597613809072	0.5013562640376413
41.30652518028452	0.44342112236088355
50.00000000000001	0.5668424079985543
1.7039313400432952	0.66185049000795
0.8896806933894813	0.37003574371557585
1.1303855386195916	0.5029089397715221
7.485763204857003	0.9844767230315433
6.362200835959176	0.7175284254107969
1.2770895749503	0.31887478136466585
50.0	0.5491814251709707
21.624127608609495	0.33381595774849165
50.0	0.4835017366442209
