#abundance	rearangement
0.34318965308829996	0.40882345376323037
9.190652572729995	0.2860746070045395
0.028789427555761773	0.18556573829435521
0.11029726633554549	0.6967911348837641
5.566497115558782	0.28128075351432136
0.0	0
0.1698471020304608	0.3331241474103721
7.6192250426703145	0.3084096649405102
9.410092399122394	0.3263601132130411
0.4199997593496848	0.49593161161067184
0.11870306170523355	0.3206920967196816
0.9053127031870727	0.41648889953329377
0.9405537439226249	0.35240798773316023
0.7647853257033387	0.36854848538201657
0.001799062079623975	0.345507152955888
0.33563901951381286	0.403800011688356
0.016799261513211778	0.03642412995937008
0.02553852271686869	0.6806555053841957
17.90930720476725	0.3353605281555661
0.1583479667573363	0.2913012948956075
0.18163486031938308	0.2531640152665939
6.563556770978836	0.32328567959806687
8.122554931158525	0.3298640043702079
0.33605029481337306	0.41324203404594007
7.325563326253502	0.34203209448256056
0.46357773527479423	0.2942668831438655
9.046258257952069	0.33587452783979843
18.532105467524016	0.2986821742147599
7.740578561367183	0.32083063570607234
1.4752873137914755	0.2844001773906481
4.8805872268818105	0.27966884854436935
0.05635824167011679	0.49873677759672114
0.08528765250270216	0.33239482171151596
0.04151653258241664	0.17438248270890452
0.6256226779245995	0.4209432256190817
1.6023053067236988	0.252180249193046
0.13133117276582482	0.2786015423375338
0.03477272600857347	0.417525017649051
1.8430550703777469	0.35313259448565043
3.2500994904563854	0.3490740408080194
4.975262806056461	0.3361879615365815
0.0761315418324006	0.3585463897778291
0.4881891886811759	0.3290193469167828
0.4787199086253113	0.34673346202788896
0.17508416880265673	0.36871626315302797
0.21348503105488129	0.2872953303296993
0.04891016755151239	0.24780199833147987
7.858146067103128	0.3204966356381172
23.414120466225953	0.3166669963929437
0.22914317074517945	0.605028174609916
4.595883338051229	0.28776398952853155
0.054246763292274444	0.41168653291682705
1.065687205484166	0.36584173704369755
10.863643201428738	0.3011003469010609
0.02970276509240026	0.2975344153665358
0.07726908252828878	0.2743270693799192
3.622973440118016	0.27406557721053215
8.40116685873092	0.3288458829390582
1.1637921836117273	0.30220976713631986
4.82558936969127	0.32396268575834297
10.206807868972447	0.32413952898377096
7.302584087105533	0.3421126316618744
1.5258215113089535	0.3245755128310899
7.402335786879773	0.29873907986431586
0.01990624524568784	0.5647842714329754
2.1654884797532135	0.3280497965429203
4.69816266321288	0.2767167388066236
2.849598864122155	0.25429745697620376
11.214755280033984	0.24903195461197672
4.000304614552204	0.26302720428773513
18.883888090155356	0.3246207260487143
0.3374993878435014	0.4147280173544489
0.5455066264722311	0.4067853058649395
0.08839633042362002	0.5600421947186239
0.39249397699014854	0.449276993899462
0.3371961943564766	0.39082684387903693
0.7605646198352978	0.3966749602703878
0.06146613490545491	0.42860388680135536
10.173836153404675	0.3114914014290323
0.38001746146105586	0.41583682675510625
5.538076433131982	0.3124114380284269
2.050647432112296	0.27112009499069956
3.3703342202672224	0.32182603605255683
0.2670946807414121	0.2837397054321879
0.1998659935140993	0.6886998413321485
2.523306925537803	0.2672167204689826
0.02039185367658992	0.18940629424128683
0.046225897856679736	0.30776146329080395
0.8981952198423763	0.16436477549201312
2.95117324594672	0.41131890933400017
0.04167139237284117	0.2678706689264339
4.783851525792414	0.42189526646524145
2.003925653423253	0.2639999517889818
7.026848935446251	0.3187863712216781
0.05360128001024802	0.6267215369373305
1.181277805630439	0.250218142727374
2.0325980282778584	0.3484692364896204
7.711349492510939	0.3046205989370601
0.1128425552878547	0.2766673393292172
0.8076835454748896	0.35935264415230356
0.08850105156513265	0.15205843198452237
6.804878200221541	0.3473629115534018
0.30973679595689274	0.38452413650268463
0.1121921497094477	0.4284607953422446
0.18474525411258555	0.3375008415116957
18.884455010955662	0.312916166752613
2.8879769766364802	0.33099933496759504
8.658951977828181	0.31371958047750165
5.410199077669105	0.3300200001960791
11.74193143979816	0.32829740246674355
0.7454885809993455	0.09368388472864254
1.3392118413784428	0.33210737198967843
1.1444310793291819	0.3347059456096884
5.970530503882221	0.3482766910564073
4.413436975221951	0.3606006407397978
7.864867820479946	0.3279665681129403
7.672684321227795	0.3563393558337961
0.5157812899223357	0.18633052568880903
7.914839765229736	0.34700956844909864
1.9832992110208703	0.27811791047598594
8.384077093647699	0.2923335691261271
7.2724175319781965	0.30583243187469417
19.34433376768878	0.3269885697722775
0.5236311852000238	0.3673548594210708
1.1203191131716848	0.36717387225923415
6.387842948343092	0.3741567860722262
0.3487897736451243	0.2822523905454804
0.20489218525329503	0.2620780636133676
11.630568722140431	0.3134157401978266
9.424107986941715	0.33418641860482595
6.239427125342039	0.3056753301744953
4.350540453208901	0.34659876063871775
0.1658404956680107	0.2675125126612752
0.12597039577444982	0.2512322283983027
8.55561747362444	0.31616822663464555
2.0327695828334127	0.3265772941676394
2.536519817436605	0.26757022370393835
0.007566621055967237	0.3060377749658831
0.03462205950311056	0.2603483767108786
0.0026127609991370543	0.008611243188220498
0.6686758636497446	0.373567409750578
0.07024760485314495	0.29897857971714
0.34359164892850785	0.32171964304073103
6.201423964342715	0.35835277578787333
0.1849707984011454	0.22157525760731975
4.5177823529200465	0.30280477585115756
4.232831483428287	0.32688159297976305
0.023796398883511746	0.19894210281808472
0.0470544070167798	0.7297469092658506
0.38047844400978126	0.42621009764592127
0.08854130105199058	0.24261211303424537
0.3826013370204185	0.40258663306002557
0.34670853508627564	0.4077815677940518
1.3198956388832466	0.22717473944101024
3.6500082725331575	0.29049918306160866
5.132218322985252	0.2937007387210099
0.050253257324895995	0.7675152360271006
0.07423914912955752	0.3123948007747897
0.21469869546945142	0.6289184538231006
0.9920618658067331	0.3572801359374555
0.6237397731729027	0.31297373704845155
1.8886166476393558	0.2232202957997243
13.66869771670022	0.32082419139158314
0.10081080587546407	0.28376183750249756
1.9379330814843654	0.31433802532359423
3.6734358988555305	0.2937783677259895
14.167939275327528	0.28900633782447727
0.19985712976144066	0.5173831558362899
8.354683677826092	0.3296389748270249
0.07363907015534775	0.2940166346904573
0.04160947882814304	0.8494336315230935
0.14955276020081068	0.2611910105885334
5.858793349480481	0.3230741582621888
0.6142727753339489	0.38302365908197905
0.09910946651888172	0.29207127894700813
6.481491340335983	0.3206595735815727
9.83245819775135	0.3192495129051014
2.5198093557766583	0.3506981663151792
8.455212424255297	0.32023872652850505
7.8131665256919565	0.3249640435841448
5.460319829566447	0.3009942433178126
0.04225764195581663	0.3453381919453742
2.047854851563138	0.3645638088458845
0.18787598049767834	0.21277626853126724
7.890176744116476	0.31655458162177835
2.0315924168486976	0.30867387010211167
1.2831181366775914	0.3103680905950181
0.07193690419115548	0.2950807075104004
0.03476298988913045	0.3425408463703633
7.139087631695843	0.32446782337138774
2.337353817472879	0.3568287565980954
2.181000351026286	0.34268112519803356
8.34980760085303	0.34200551895141407
0.0935152707834751	0.23073373702958724
0.7541690170368976	0.377612143918913
0.10245522385254596	0.3287559985572515
0.038198407522278356	0.24529419172213757
7.869531834350811	0.33506700542581525
2.895438392191753	0.32723987779793073
4.445937867316557	0.3261928917454481
2.4172816098298604	0.32903496762071544
0.01891112065582811	0.20810685545612614
5.542740509441537	0.3304272206876613
2.011122374165446	0.33009826773102885
3.3547300510954865	0.29736526520520473
4.55058466230988	0.29681404107067033
0.42337585531045824	0.49739522586128687
0.36639855885991046	0.42166206921375526
1.3296019308799054	0.22898560859805597
0.33384127566654326	0.41425488261548893
0.4451248257736358	0.49466706657418075
0.3502826105361974	0.4269045639408106
0.33384127566654326	0.41425488261548893
1.2037312689688426	0.2425631931008727
2.1851307194135376	0.3077199635587175
4.534499849071569	0.3511363560681585
1.238344375584175	0.25963076298174026
5.326477707001114	0.30668068620412603
0.863765811477615	0.27954528354190267
0.13665689731344907	0.3200148176305263
0.036708023931509653	0.3185382753147991
1.907335482417788	0.34205392867231255
0.04592190307441724	0.7032913146968227
8.280516441115893	0.3133403659985222
0.11032616264004003	0.8871063010418095
7.018150896083244	0.33251707646142126
10.654885783656846	0.3362705839089539
8.448484395392624	0.314479074085426
0.1358952384514893	0.1715109937286701
1.6506686175201082	0.29688752851897543
0.10076069134627107	0.295636165736321
6.620274376576491	0.35385914273681746
2.5819780676966255	0.3263380130505813
0.0	0
0.0	0
9.909125995021586	0.29454949531579466
1.026641503288358	0.37979239249747293
5.996976875409785	0.3592003225869688
5.1223946767479305	0.31361131812876275
14.822627482055484	0.34604000355563985
0.030532710566238845	0.2972574486287172
18.319083051637925	0.32185266745593477
2.8354945810310177	0.3172753704691967
0.017850896586977458	0.3674967056331151
0.3995580441620066	0.4097153677624791
1.4630959630394365	0.30623030170650867
5.232000245622177	0.3151635684596424
2.0614460111006436	0.30767355842560634
0.6161015096871073	0.23567549768168633
3.5372741554784652	0.3444545986729313
3.689627125035439	0.3292227326078519
4.40578003835741	0.3843830542671705
3.86850330514088	0.3666004537371848
9.937716214890967	0.3699519047281609
0.6774027932432092	0.4489139422820329
0.12409756569077524	0.27532475526996897
0.11310768148729193	0.28520323801709524
0.051353565791332295	0.26694687209375617
0.4631338970033354	0.38483988343707787
8.068085427351312	0.3213105761195302
5.165079990130822	0.3585586967597361
0.1691914885861887	0.2362479711216726
0.5893285272698624	0.36064740518319
0.021809427211156023	0.22648868293517033
1.0254030925933268	0.36860383381717565
3.645437645609085	0.28725486663266603
12.664873773114255	0.31974613910813887
4.48417755567889	0.25542163895275166
0.05720644236586046	0.18137888788154535
0.25389436516357916	0.5095346680524341
4.390657925329172	0.3843172387702989
7.708558084706314	0.34446427378703914
0.07289273364200584	0.2997213227849104
5.2440827277892454	0.3609127427708707
7.748481603165662	0.35025490995406267
7.7863868641880165	0.3444452250626306
0.0	0
0.18109686719672366	0.5449833508934474
0.009625174923925056	0.5938446585839549
13.667290651630937	0.34097668774158024
4.2641396629072155	0.36836227894625084
0.19491654844308548	0.29254861257617526
10.956604782294477	0.30117787204804397
0.10638596796806611	0.18792006575023099
0.34904770739414664	0.29402067461711795
0.02953074056639325	0.31466269468282276
23.23922926501835	0.3164825924538132
0.01606309732216005	0.4607958292787053
0.01800676493205141	0.3087014427684171
0.44412547409538217	0.31767730067479116
6.2906389934158975	0.30175026715344766
6.982714464067578	0.31831782120553387
0.44412547409538217	0.31767730067479116
4.61261035948873	0.33899129633442376
0.9499172725803046	0.3988606722090889
2.8105260034856605	0.29098259278485517
1.9711348465402894	0.40149412397117684
0.19325523443272113	0.39655173387315257
10.917893328261034	0.29937850806818184
4.665997106171883	0.29458732392034254
3.0685379608267196	0.3388675109956846
3.2241689020563005	0.3165205306168941
0.37445743615013827	0.43700534022588006
5.008866112755179	0.32367438581481084
2.101118393031187	0.3875287172347884
3.7321368805246755	0.32149919374568076
3.5273711650868913	0.29994603381448176
0.1982933227896716	0.1718865035221641
1.0634136856868255	0.28527317379956646
0.047218307659315645	0.32393235824735733
6.608886982668843	0.3343261839610022
0.036815027301074416	0.34961066375045396
0.28039174905167125	0.4001282528018527
1.7524494702132103	0.2959473698123845
6.9632611137917495	0.3215820703177304
0.06644659096534522	0.2187912274691086
0.1869491425153555	0.3646296292793079
6.891353187508181	0.3361684731668321
9.971325369772368	0.3438194117623346
1.5854621242498972	0.2505010101296912
7.452046267456234	0.3097470993119726
5.562094557760094	0.29601991178438314
0.5293725325561303	0.3340059883646336
9.546408163148286	0.32441504397462656
8.83433603025483	0.3208149796414919
0.08762908774669577	0.24935772643589887
13.333133795810287	0.3149942896951868
0.07236453327505951	0.47781750531718353
0.11938631223729948	0.3273305567371285
0.28079123013504476	0.278872841682303
0.046135612185292676	0.2450495918626855
5.702701631607021	0.25899307769965335
2.5949865576125832	0.29534042254864384
0.09197886593782664	0.7107830097006163
0.49418297877813955	0.3977992584241796
5.241787510552758	0.31566027013830633
9.709682645810556	0.3297872648078305
1.7819038641692966	0.3055055655156833
2.6673544274778553	0.3199071822516261
1.9076698266458099	0.32048846600606734
2.4286681374843533	0.3637207878168202
0.2586344378149316	0.2574244578964802
0.9219723730224628	0.3104637650407554
9.042222499756901	0.3258763964032576
0.020288677277680342	0.05134421252047194
5.3630720316717095	0.34763036541963255
0.0370863783604434	0.33824017933425776
0.06071598949466046	0.47213631296967645
0.06353990869444648	0.1439067794928182
17.69155526568299	0.3157856109715358
4.505971287028903	0.2870720038673873
4.939064841671925	0.30067773922960855
6.230979401931997	0.32242461604114553
7.663588838247867	0.33004185909838035
6.238907525902442	0.32430088124195333
6.072816799930111	0.3241000749806036
0.07455583461571302	0.2793660712689476
2.6608933262105183	0.20504050183148384
7.809037261000938	0.3188845577687418
7.182149349674354	0.3265616799460968
1.7766231643223533	0.3576363792345058
4.965276795704904	0.31775854977729795
13.002850069363907	0.334127338099524
4.8069009399914036	0.3401873142654184
0.3409148982252724	0.3087757575496461
9.670936053464223	0.3236319921888855
0.8762998990516406	0.2841030771674507
1.2360762745656824	0.28138539384635236
0.7466569399276985	0.37360460127493267
11.61086166632298	0.3290134242856206
2.1724262699469556	0.4425770994424664
2.3002036384742874	0.2875259554026851
1.4399669970160467	0.22543509662090688
8.90345704962215	0.3122630724890323
0.04746516055949402	0.3306005637640817
0.3559289126017229	0.4150856176373985
3.401876371718136	0.30295661745194963
2.3533653434590573	0.3256208911310651
38.49933175893418	0.33198914825726067
2.999096012903472	0.32301678278620793
0.07745483764018053	0.24153043665405968
1.1709838205051588	0.2618556373347666
2.5510028624355745	0.33922137082868575
0.269089076196715	0.310175694780233
0.07607859683938878	0.09960890302921875
0.28532954570481656	0.4525799948112446
0.12025078962034702	0.34089793687188985
3.537888365314787	0.32954789161323916
7.06589922713169	0.2901304470217981
0.1392521284758406	0.3633013588339978
0.663871251866601	0.3870829272460151
10.76772811383054	0.3139108943705778
17.657635025267666	0.325354572130309
0.03821061021026999	0.2934741693604864
3.9064036813197816	0.3299224468238488
0.21972989745472304	0.3295342210073504
0.03680858555311777	0.5266708681717669
0.033320139787701056	0.5868736528353434
1.289507173531802	0.19112534121711255
3.6667856383923567	0.3313095113494706
2.3098441164376347	0.3228599310610202
3.4069711510600507	0.38753215079300346
1.7486628712215864	0.37831041428057477
0.06289689799610665	0.18336205428940708
0.07079969124452407	0.2166303020041232
0.054378440743646075	0.229280514820618
0.06334184003737132	0.15770782079568674
9.03344463271896	0.326707229388772
0.0784357568865862	0.23005782866590763
0.45954572584573344	0.32130673247637803
0.04306723435036104	0.24390853767607107
5.6782371982858235	0.33806621014606597
3.638387506757907	0.2672734404107818
0.8618260840809076	0.24157522644344454
0.014601015966758505	0.14589585027615046
18.794858526222214	0.3024760913159948
19.968592998981283	0.33373232754404814
5.853266791733728	0.34932126178557615
0.025195502702562825	0.40567960610062276
15.035960985105925	0.3029051225885426
5.93109734991025	0.3302663212903306
0.05330566695723933	0.5169900759730389
7.245129222942987	0.33468808397577293
5.845292333279508	0.31392702756034113
0.07971017446499365	0.2529582367689737
2.6597208476490386	0.32429300186495913
3.4845893917973285	0.3309171020426367
1.3765961294521374	0.31980107236430955
5.732122066943476	0.3320966479484197
0.07328013856900112	0.30946209920403794
0.07441525969915828	0.3974006932356459
0.46096704443874836	0.41267389173062663
0.7406026075653873	0.3586409084359879
7.155770800797528	0.3439607766379091
0.04897726486381231	0.3187810380854143
2.5142858422358656	0.3068166055604797
5.256646964883007	0.2759884233675341
0.1240576704812484	0.35416089947601187
2.6648693456395716	0.41179686482719413
0.3422005738123897	0.42530906556282977
0.3422005738123897	0.42530906556282977
0.36653966878949973	0.45347171279020926
0.30837151552713754	0.4036018590224245
0.34975465719848287	0.4181905101579545
0.34860312805508525	0.43168953823609635
1.6658372350031507	0.27953077495393563
10.974552447117825	0.3381582006267907
7.430746758709408	0.3126821563165327
5.469457591114438	0.30363613617953905
6.769161951597973	0.29900340439548656
0.4666112185148705	0.3322060883333637
0.4554732789850465	0.3972500577127364
0.47305282210178995	0.4196493926368467
0.5232323596394063	0.4292713690253393
0.4554732789850465	0.3972500577127364
0.023555888921725363	0.22266205701364986
2.6366179017233553	0.26404472923764283
2.7388820228550372	0.2981617295133726
0.05897660936700012	0.1837415478679126
0.17153930532786332	0.23336139019145197
10.291160724411876	0.3308130939904002
6.0102364932745065	0.3233114860744146
8.21842418782542	0.33482866044444476
0.03759417262284024	0.5726534863713012
12.691442429156353	0.287454940621824
0.1594203489299873	0.2529582367689737
0.2781070797348252	0.3409219981812625
7.328108272928209	0.3415737394344236
7.300152217895676	0.33817384208783974
9.691741578965903	0.3281859367129904
0.037080421009310194	0.3059493567933772
0.07967898031512163	0.27625427618468945
3.1576674189230047	0.31584958841437166
1.450621432079705	0.3122086381297209
2.891606790314679	0.26531797314664674
5.08078769823384	0.3809773734715239
4.291561394223948	0.3628667804560288
3.531603613227355	0.3661763190531396
13.705459421737695	0.3281917839371154
0.36923811971664133	0.41325346983914146
0.05592324541981898	0.666703317738208
7.316517515656956	0.3720296668430123
45.01460167976306	0.31585817027824786
0.07745004911718409	0.718242995823927
1.797506440389162	0.32222505378784194
1.9798539838346048	0.368568746934067
0.4888438803218598	0.4067237355424071
2.428186651327475	0.28965172013682805
4.592379204866564	0.3301927989705464
1.4187063100879127	0.3037243378349296
15.511945776768458	0.322269675606559
7.925888034964773	0.31183349549538614
4.121381663968131	0.37483881976079225
6.300900774393444	0.30672098960579935
1.4197253676950798	0.38036338660181634
9.112911758332888	0.362734679827597
2.016335810357052	0.3983573183334106
7.378101279369403	0.3171330522238583
0.9525338280405726	0.3381394718887565
0.0991923115247467	0.13869487468150177
0.047138402768905054	0.8152705470231317
0.8071726243995506	0.4375420956640781
3.068185373209771	0.28358298325979353
0.8743710344285409	0.404590587056367
1.0360963925134856	0.2469425248686044
8.000336726452051	0.3119490465468038
9.71026371760287	0.30365389229554546
9.29605676617868	0.29934162849981266
0.017432756596534652	0.7282745952723714
0.5125851652522468	0.2691025071268568
26.45913351154117	0.3038792313788786
0.07426098069814463	0.276039260862516
0.034645199665998876	0.3197747498586732
1.2488065498611227	0.28562955007025814
5.321284813025376	0.3258398179346495
15.475898613949967	0.31549863471733747
12.383012399483148	0.32746734565276275
11.080558945918636	0.2932771244382012
7.262971838942739	0.32195499723060306
6.785757696404484	0.29029493992180067
5.769897676084363	0.3058369959251434
0.6956957266191545	0.400394047461484
0.05368078966955249	0.1711062349328121
0.3417548123932525	0.421119174106515
2.2402929312544004	0.4927982100248352
0.07540588253111168	0.33816279186586656
0.357734317624317	0.41228611292223066
0.03074691130425103	0.3879360583712306
0.043101585520763645	0.779619533936011
0.19828023205600714	0.45583468374803027
0.01936845817919436	0.4658433757325332
0.03195371102281378	0.4474031496848938
4.39473195188569	0.38096814388088374
7.016511149978362	0.2979550640354551
7.276789665942228	0.2909756940707785
1.1909232914686365	0.27930812126981197
5.446479315678143	0.29506603285432864
4.491505469382259	0.32226240266858075
2.7835812096697836	0.2519526144538609
0.9916478998023136	0.35282425698009867
0.07141790374915777	0.29495933968960036
1.835195693234324	0.3577812333571637
0.656502378953212	0.4796304892837097
0.16274254437537677	0.39344009993294554
8.52040872453566	0.2995921726543246
7.473846416401136	0.3025291849320352
0.2899356261435252	0.4352656957316338
8.562424078104295	0.3338670843746564
4.026019004524456	0.35774817905795203
2.7690855667568948	0.317377325385569
0.1520106192497389	0.3324653377598441
7.64108228174868	0.29304582223880377
0.07695873516191686	0.29362083380433585
0.8848685178555831	0.47153437219705885
4.082706256037815	0.39682367088047515
12.743476051028743	0.33304479598145226
0.33554363804033055	0.4129806085454644
6.363021159851949	0.346416227538875
0.012036940403376575	0.357553562179855
0.8330714246642492	0.46753737872115464
0.2732477167066865	0.165677725045322
11.298100508778361	0.3051157932868622
0.07765441972935169	0.15685860455741604
0.25692758212413763	0.3134801651394106
14.480823113030578	0.2620049946553326
9.23405823516727	0.3096295090456532
5.771391191385344	0.30844011017371664
10.272996580330174	0.30705759965727886
5.7475970109368495	0.3355680043711201
0.0686473235636907	0.26820283659935135
0.07131225958099627	0.2857073387512897
0.2512062492348448	0.24684622439095227
0.0056842862030368315	1.0
1.2699336555740168	0.2907588739348341
0.5134148456513895	0.41394393948885394
3.96410898073022	0.3470467445660079
6.830502936150444	0.3441068989268813
7.973824323912488	0.32549888600194915
2.3088323960119967	0.3115512689164583
1.8312184989576423	0.3081679128360555
4.58317720038528	0.33785156687241635
1.515667919127727	0.3369616580225892
5.075836111964497	0.3194993927515361
4.726164090405427	0.31582664206318983
7.586925381132702	0.322409787421414
0.0	0
0.03506216481262687	0.3145804675126612
0.02431990709991589	0.8370737373801914
0.0062608394244916925	0.5139153923134971
1.8839833856563115	0.17082222965698562
0.07978768750905263	0.4354637184253815
0.41315261247325136	0.4318983921774587
7.620724673037363	0.36362112569140187
26.216829159044856	0.3041535088528219
0.6707045801531044	0.3774514668103313
0.46919167318864113	0.38007608260505676
0.1519386863927648	0.14585522903467285
2.9630646337283455	0.3579372897554977
5.802789868684735	0.3482507959917068
11.137718866945802	0.2922147632941088
0.02600874011941215	0.21038980062838167
10.90244105762539	0.2978773241723337
0.03944565191736864	0.35246029976694454
5.245624156170799	0.31891712279115225
0.08850441946895271	0.8376960854756251
0.046663396820556355	0.3378664739682002
5.3397101544427805	0.30455431060593185
5.40927033117779	0.32685883606555094
2.723613870328569	0.22214328176256268
0.13152073196067127	0.2910922073999529
7.495942536310775	0.3212808045990228
0.10697287787020138	0.36857985091103823
0.13821063800622657	0.27466185885264416
0.046087538871186315	0.4538122209644364
2.632770768819819	0.2857957210805435
0.0872951061801564	0.34229466776318124
5.260278795512389	0.3348627131119562
17.73444819715675	0.3297243859625272
0.18013509729164615	0.3064737634645284
8.96616043987183	0.3380905702202691
5.8069798129519095	0.35009709932146227
3.3202121054353597	0.28129770305744733
8.385512359460494	0.3312319891688778
0.03777948069188993	0.30426980617075766
1.1620108211922922	0.23827059555843008
0.07948305528882521	0.21152345674784248
0.3499558213975268	0.28363797938697743
0.0818817035087273	0.15965861521447286
0.6776312667620904	0.4500659711051322
0.6258809274271514	0.43029306694454666
0.7192380633274478	0.42781181279779434
0.3915089451420997	0.40104555575340767
0.0071129273475555276	0.13479186573556304
3.479357014886382	0.28747838628849753
2.0402490282345855	0.2591519003910649
7.642494931814509	0.30027245923531504
8.949554711487757	0.2979532306222115
10.782010758475975	0.3254223975399076
0.17532367501599025	0.18533975324130228
0.260660755213051	0.37024058282371025
5.536452324467109	0.33238318626674723
0.3655212534033335	0.2286073266495501
0.692102116341129	0.4229015149082763
0.06874068913128392	0.30666891567047233
0.03166905714059254	0.2154230163668027
0.06078001415431445	0.7243098058759128
0.1594203489299873	0.2529582367689737
8.601064371485506	0.5022380265379635
3.1753414589407654	0.29720065361736897
2.903566286403471	0.32144981671063466
0.07334062182547033	0.3328697744428534
1.3961622899252228	0.2023183916849924
3.4046495521541336	0.24116428309561763
0.03887057718756168	0.3353943409504343
0.0860971364462854	0.09087622198294358
0.8365208475282069	0.3012899201427704
0.5005480212261777	0.3605730544514692
0.590689893964392	0.35129944567408555
10.577035134181932	0.3267081885321136
11.845588326688137	0.3413899088041579
9.978525020857568	0.34095901589356076
17.149562353178684	0.32543015741996195
13.038100666686738	0.319801341942458
16.162515756367327	0.28833466846820577
0.09655584162017541	0.28873338706697854
0.5093878778059673	0.42886185131292137
8.230803692858908	0.32829912060574384
12.692106013793806	0.3445813838882975
0.8406783770577073	0.4658496380568956
0.7139581033432445	0.3524442384516697
0.20029779778182913	0.46108665568157103
4.201514537727299	0.2932717960263428
0.29699932942269697	0.37211013071365207
0.09137461416574581	0.25128147579399024
1.194685370426226	0.40120664651449195
2.835697334413044	0.313465130812083
0.12569491891574253	0.21366484494484045
0.03689824946806493	0.25011691005078057
0.36817267453499264	0.3872343765512593
0.37179276522216737	0.4206483250780278
4.404301211726029	0.35775460076889826
0.9953018272245555	0.290825568864585
0.9769201950539314	0.4326642407674832
4.45743426862942	0.27058167454194515
0.3592930649484103	0.4523917844249757
0.3502826105361974	0.4269045639408106
4.326371481519852	0.3134960663200263
0.1898197770458962	0.545261498714675
0.3875777299253039	0.24223335904969245
7.276493938259275	0.318989569503816
1.9905717999615893	0.36456827137414693
0.11347784215041334	0.1955699062124184
0.494258704853835	0.43503898864383195
0.5942088964711548	0.4370827727588141
12.863021663405027	0.2746629807064611
3.4541791914407565	0.31285528173469185
4.62241459216405	0.3337033946539909
19.496704925631512	0.32421223415984796
8.777322961746574	0.30591346613190146
5.898320189275257	0.31062632691541764
0.8024756774750357	0.32854593104757507
0.016245923160941516	0.404960972670193
4.448057222478043	0.2393703887996908
1.39640843427574	0.2281292307603371
3.045131440501862	0.2631962177278755
0.24071964067533694	0.2546603479658758
5.020218925729429	0.3292128947549336
0.7310886305082311	0.4003662349234407
4.918645005092776	0.30838035555966814
5.084837659246075	0.2960913818408133
2.462289400689517	0.30221030781571956
3.1795006851732226	0.3187059931247198
6.914452254680823	0.34908794765015716
14.822830941575713	0.2832367728405655
10.385887634093425	0.3280251332174553
10.87121444733675	0.33298500333435954
7.77759789076068	0.3168351045209161
6.174423095340339	0.3329858565420428
10.664536679976717	0.3134730141137904
3.8807285624487684	0.33664324526863976
7.450421145803431	0.3377620511112375
14.925304418497742	0.31312850375776263
2.8685054181223872	0.2611108880714077
9.908280098298164	0.3043289291022059
6.71051764138	0.3064256831085606
1.1386014200223333	0.3021648159795946
0.5809033922094745	0.4688126127336832
1.2733714505186424	0.3925762167841878
0.4500449720791008	0.3667319982322248
0.4033804775310848	0.15056485215199036
1.4790258693866483	0.37971130772573236
0.0	0
6.349431281203166	0.31873844252915046
0.5072690888960244	0.39367380802745644
10.106921093241212	0.32032610135665496
7.396160117007698	0.31427653974037933
0.04980772606154303	0.2012906035376087
1.0985645949800587	0.20411057975298771
0.587673347704009	0.39997705435221165
0.7193728773149072	0.22220949590438563
0.21986013978928717	0.2416832151329939
3.6433579207097813	0.3592002012112689
5.2182803152525565	0.30903225994593164
4.263232480574558	0.2480045287605647
0.8806269033931363	0.24928918983272544
4.261318968202032	0.3155810576635838
0.36330809521039276	0.38959453703230956
4.065072108937722	0.3473911230869088
3.0125978193648253	0.2932417147554508
4.537576112439987	0.2855542164446578
6.092788178616184	0.28747301294531125
0.009474014377471834	0.24128455209338065
0.06187334224192361	0.20674520031676352
0.12857545102177564	0.4692825713949158
0.3623580929782149	0.4283108223201391
1.7778633270582493	0.31074494970842453
0.0386428374538322	0.26270397176035243
6.227328710239723	0.3345446110495382
0.05012819634780908	0.40006680081441365
0.07918834597075222	0.29360741434798737
0.05614365895659308	0.5098537627301537
3.615211409812342	0.29323637420490845
3.3759051831663616	0.3120526965839025
3.6131781337483098	0.27982806731136417
5.049765988454986	0.3001281570495033
7.414348725690212	0.34568142811579294
0.0	0
0.08060035135636398	0.14470246651954735
0.12738483519338029	0.2412248943092811
0.019193567040455467	0.8262003913193144
5.897788075157856	0.32386841821670403
0.6754842237845947	0.3834436501734517
0.03606009938190314	0.34919644456005977
0.015785287646187977	0.5915097759680298
0.20737664148526586	0.22455370700693847
0.0843314796380522	0.1997737740261948
0.18762485839185253	0.5279507472928091
8.360769106858152	0.313342347192535
15.505192492948716	0.3446942843988369
0.06290281197444282	0.5893677119344046
0.042457916904564866	0.2937820291796256
0.09284961516209445	0.3501961929850256
0.33445196676388195	0.2343258870261306
0.03628130217570318	0.23592449255077758
5.056033076882812	0.2580354843735919
9.450849354868597	0.28938991082045346
0.17389145272098339	0.37461604811863763
1.5573933638200228	0.29794863189418014
4.865421216923395	0.3043786597896527
41.656066980952765	0.3014079131715208
39.172101751262524	0.30101874838739573
38.304177666960875	0.30835851428826033
0.748807283298199	0.35979922527847646
0.42151079241167033	0.24907789245556722
36.1820493054895	0.3117024815584295
50.0	0.29738845057738095
0.03858203367920755	0.31125880241562065
7.376028299172065	0.3352586246801449
4.032738685360998	0.3086633637752623
2.7228254328138397	0.24595781526636934
4.707508115627782	0.2844523775790403
4.991446683329673	0.4157554328503938
0.4627018031410073	0.4545127836539726
12.497640056508976	0.30783906233586517
4.032109479435142	0.26476359832327334
5.119965541874535	0.3388675711599349
13.673870200282172	0.3399832223521973
0.08161858690435743	0.1711305025624573
3.0738272806873836	0.2591573458305743
7.850743361057593	0.3187548330568208
0.8244192048412412	0.30836332494160723
0.36284346200910217	0.30121263924787134
0.41608665097801123	0.4089987297363014
19.208646707035744	0.3360658287508299
4.239002217159111	0.33604805783151487
6.870616119636436	0.33946989776987235
1.2920583470303173	0.3791045308278325
1.3428477771752407	0.3138723619234043
0.47569799664979756	0.46699466996008765
4.321544038490066	0.2928087671865896
0.08135806127996097	0.7705459542817682
0.008198735919596613	0.14250081472545095
1.855313304871173	0.29200132996266104
1.3434287292285298	0.24146930515166184
0.5847054872703158	0.23066452429803777
0.0783307724050806	0.29038693453032915
0.06379400153348627	0.17802610181197998
0.07450640207088725	0.6570413836509574
0.3829359044926567	0.4180797011502829
0.3588104465852328	0.4103180299578171
3.3705974165053467	0.291344413023116
7.685883302028634	0.3285094838767579
0.7226686263263646	0.346241564082618
10.785384318396693	0.33882679067395743
6.7179597456799245	0.3309619412307271
14.755595048314225	0.3172514150461943
0.03993412445236796	0.2543106341897788
0.08469720042992325	0.20615102384429157
0.13489878495041463	0.25303587397491223
11.720783582066769	0.2999408727326265
0.08289175261368105	0.3196785020049217
0.8733044127250936	0.187051690747254
0.17300365007849172	0.27251855077146747
6.669795519554016	0.3164380394143698
5.720489245242563	0.3418257926048322
0.18832869198930682	0.38177674777350934
1.0006755297736372	0.19924090972247324
3.51013307691171	0.28378149961827553
0.3825491909782264	0.39098072213604934
0.40642399807350377	0.21899482968783984
7.504681431163218	0.2631315937468787
6.290699185970863	0.34458956756715775
8.795687788198448	0.3266383863480713
0.06139574015737177	0.3483303100367106
0.06853114947156531	0.37154879535356744
0.0643272408513303	0.194254721060211
5.0877865342832385	0.2959708434730573
0.47246337758073426	0.24409450641477662
0.193523261306881	0.14172645684398305
6.689401373821817	0.34701147112673414
1.7038050516637318	0.32639960003812135
0.32914308422534494	0.32621658452375957
0.1557208041347033	0.3276654082684379
2.553211468883445	0.356757017366593
3.06633084892449	0.3275840584319071
0.033939108505834883	0.6543997192961319
1.8826626906419452	0.3311462447949491
0.28597342589370717	0.27703709565804413
0.025466102213458457	0.414159666946834
1.9597085405400467	0.35351231031922326
3.474605228324001	0.3461082353122213
0.38680342219449604	0.30897331116350757
2.7548107095057843	0.23733986098637375
2.340076096950228	0.2723771306962123
3.7773409673223313	0.28781929229460484
2.2730552759836775	0.3751396843030685
2.5028513475909224	0.34667737768504797
11.840738859914637	0.3316560597451278
0.39781181321024833	0.1521876111334792
28.494261873400124	0.3195100139183268
7.273942366829746	0.30891587801810244
2.411262830236714	0.3015706535132679
8.835277062828675	0.39207120912156396
8.240763122041368	0.3450101874620611
10.426773302532782	0.33799100372166224
0.0394023396300768	0.2746070723202005
6.897626963351603	0.3259114757316487
0.12746240721359334	0.2820553710002847
4.552012485605801	0.29855344373530657
0.3730550120984798	0.38550386240223167
0.1922123224950478	0.39771247853507297
2.451127176581746	0.3206288766871562
0.4996197711645856	0.31664591281270277
1.771756510288672	0.21739604298811513
0.11508134321123996	0.20697983840521944
0.16456840941268489	0.25006204935250126
8.430085962137115	0.3335715270297665
0.06466165380133615	0.06779353583101089
0.08190800041852912	0.29360741434798737
6.022944857315307	0.3258707391051702
0.8979154994244348	0.32060259316452
5.535639505592578	0.3006929640692058
0.159671493220125	0.3132117968928737
0.031237069429924026	0.2808327416371264
0.40676487959980423	0.43683130036512297
0.6673461628888311	0.38205501426030075
1.5503423905749452	0.3885972576910588
0.6231309483764879	0.4331656455029318
3.8154521575975506	0.33412868430199083
0.339798092870211	0.4243532804091403
0.10138520625803936	0.2530770787229864
6.964361761998586	0.2933726302789135
10.01786703666736	0.3244270907507324
6.62498161625355	0.31996751638337656
0.44886651259841376	0.3055944560096847
0.09558865398706837	0.6182693617568512
0.6646395010849194	0.34033739487599324
0.07255399844898919	0.30879407185412944
16.774789337811743	0.3394260261758958
0.0	0
0.9960895416065527	0.309962906993869
0.6744944332390698	0.3529816226638937
0.6529499939280807	0.3794501536767726
3.7436345619962017	0.32006833516358
0.1656436137166279	0.36656090348046455
0.03845901900734061	0.24065838878002185
0.5975904802602124	0.4102685340164872
8.553544894825146	0.33912637177392435
0.023957615794565366	0.26745794849021515
3.199605040022074	0.29686521125837345
16.82499888715782	0.32470682833019837
3.1902770594430936	0.2805605817343718
0.08935665344402863	0.3055184515993434
0.3386774042653303	0.22653827350201852
0.0422149199098728	0.10220487776648961
25.70179374411168	0.31678200257748945
1.9274773319097838	0.18825769456066377
5.448040006274165	0.30314537596252455
0.5390856559311584	0.4236274549804244
1.2515951784371355	0.25513611908219647
2.5413948577854746	0.3409236274972163
3.5604799368782896	0.3493745958609759
0.08509145934888389	0.28326769740108027
0.1516321790754424	0.20828600996704585
0.19561018962651835	0.34485942030594957
0.8896761349311957	0.22836834402784975
0.5795612530575721	0.366833499929725
1.1224876538247115	0.32710607240564976
0.6913760693990226	0.31576391758759736
0.03366050956152168	0.2908107570979664
1.7048048830090086	0.31569223727408996
0.0036616370160053144	1.0
0.07631008878969975	0.2528111750881632
0.2942877769120774	0.17204134718313696
14.152589553143986	0.3094149504262389
6.467225000245824	0.33230136015023887
12.631357223481805	0.32231213464924824
6.4532310206695795	0.3607518439799172
0.07474998606556595	0.29428160528276387
0.07108635488715304	0.4801694420229271
2.7401603115205213	0.3445660775768153
10.957013914154189	0.3192704992093841
7.067089659021126	0.341985291053016
0.1292877642253698	0.24141644411770843
0.05541162602192987	0.6659984127390128
3.6175152619018496	0.30209415768529446
3.2897217857187724	0.3324185610838486
2.2785224256346712	0.2824466673700696
0.06132206844817703	0.7465656227973844
0.1441714751010206	0.19512396029781767
7.751987732264691	0.31667001425872165
6.362596959402673	0.28584455578000123
8.57263617863784	0.32946993329930496
5.137725441767888	0.36347483299809014
0.41925686120554695	0.41956584769753785
0.3868777956022046	0.47631842232083205
8.196754077520248	0.33193211678674517
0.5874275178537579	0.4723078423553649
0.632966658136405	0.4684115714886896
5.053684520156548	0.320636315907067
6.585846937753621	0.3339041012898935
6.363722136987273	0.3179112492389536
0.6950522849699013	0.3714668867660717
3.648816608254894	0.30704832049034037
16.260416827964345	0.32108967442954806
7.728617688018133	0.314795668529586
0.0	0
4.3296579069096515	0.3644795519144348
5.29660435279965	0.37756036039507124
3.928619435018218	0.28481996154084355
7.075512001719002	0.31482964094840876
2.5086788417119354	0.3956154083323359
0.3640510149015687	0.25550280247451806
1.2853280112690408	0.39666046429941043
11.714985681443814	0.2975718988348926
5.046758027645798	0.33313036509676214
9.31311161102784	0.32742956305418514
2.0159183835314445	0.34293924935882425
3.5281820809861943	0.2762375830116978
9.302490234303779	0.3097879771502532
4.275823600434118	0.2789526849010083
0.2833222066999444	0.3071492520936259
1.6490318916382136	0.37638634348550754
4.241833957638173	0.33304411382643206
0.11795178151795727	0.28471523197237525
2.7301137728831764	0.37668195583019864
0.506152534488689	0.36771675620439304
0.4195252861978454	0.40800685124464386
0.04766592683981662	0.38931527770618085
0.32294187226066484	0.3627258457768326
6.2227856959532	0.30259444150913895
0.09267484147129612	0.09273914066694047
4.431577713221414	0.30442724770033264
2.288274172540574	0.3466611608441804
8.34242931031309	0.33972659689472157
9.829603769316096	0.3169790144923219
0.9140669693368011	0.32197159963303934
0.42787571528928886	0.4409048570801291
2.3406671157609096	0.28941154150440673
11.92888461639447	0.32992229547513074
3.3036155600549737	0.3326070773314875
6.049504420401889	0.30914169205274505
0.040727469367805406	0.8678776682446145
0.35377105521591584	0.4195611807146182
0.18234970534039904	0.5412480277224766
0.10985432642992186	0.28907670954828396
2.4685049022305594	0.30836633870287633
0.10829875169197163	0.32765014552837635
4.998951556514833	0.293725473152842
0.2980931067858488	0.458028410700197
3.9538386117525124	0.2823778659196044
1.4003797536780285	0.3043346478802531
3.744213588674429	0.27996142296596177
0.34254161418487694	0.38188007101106025
1.7153331429095828	0.2700187352941414
5.03468820848402	0.2936565116856398
0.7819095420590262	0.47629602560239026
0.473588802281034	0.2544816184304664
0.4140416348743472	0.21941627118445542
0.08119930628857448	0.3329702823263434
8.323294639809406	0.36705014548306797
3.3945541709331017	0.2835032110156638
2.7537611101035115	0.3545952134727108
9.962739852459947	0.3229031674310558
0.559434833866394	0.4046539740699443
0.4615029248503732	0.32898020005962125
0.03853350582480495	0.26039572739814004
0.037673513620967373	0.27241595069885166
0.0	0
0.02650349603279032	0.5019539943649528
0.022891453745259503	0.3146183018608443
2.152215849014526	0.35482652608332743
0.05705583364089605	0.3804851971818354
0.09602304034458428	0.2193895017217989
0.07440751421646193	0.2950807075104004
0.08068407298573624	0.4172913455495728
1.7673730676464778	0.293617073187419
0.22663435268937124	0.13624478309836335
0.118623540077085	0.04770270455642775
0.03813060224136263	0.42488947293814444
3.613709563322994	0.3191372411093498
0.045626211479970584	0.1768838550142134
0.029895003052180454	0.19078159407989417
0.6106519362937952	0.4165869614253365
0.6228993505339376	0.40800238259169647
1.3579099803053611	0.34756759405598314
1.3192993778043725	0.3524184893429056
0.44565930821817773	0.30889899765262596
0.4568890857643544	0.36386837934992605
0.039373106508467086	0.3585463897778291
0.09981192089447467	0.3260302245235519
0.2241438926291817	0.3300051927192713
0.022758767402865317	0.3681215772705223
2.965771178397994	0.3058340554596892
0.0861472704521308	0.264861948849384
0.07213177021950812	0.5238999100448347
0.0996201738070449	0.3739865845880214
1.7492902772805354	0.3227960848697877
0.4077399683948204	0.2281528902795291
0.0409249895582376	0.16491362567958223
0.20327609879366745	0.4929353547383115
0.07694077641122839	0.35383148433918543
0.5586850114663738	0.37780266766219467
0.1348571805658119	0.27927899299969056
0.07762938437531396	0.2592575361406599
0.4853574314741382	0.48820505207477904
0.7881263146769473	0.304207713660291
12.933846787893351	0.33587911053599095
0.29474044597257915	0.2806404273140519
0.019684972259265826	0.5452606181118483
0.9312601977691763	0.3833044045578392
14.37169906102092	0.3235593231034229
19.521585955030396	0.3151652350549049
0.036610843840560264	0.2791572110159252
7.078302710598272	0.2973106951575234
5.536312346977498	0.3117886737643198
21.229420377940365	0.30179334285464404
0.2863811029735235	0.5194668162184648
0.7112076846136652	0.43083692876155644
1.109241488838989	0.23660572106316366
0.163382786039238	0.47187577863394337
0.1332140049327049	0.468408793750042
0.4462653368217067	0.3106951284077272
0.12512773457543871	0.295678680629386
0.15031515683577285	0.3873614290099135
0.03561432155937659	0.4272446604539404
0.3358057183574521	0.3132763942612311
0.14924851992296229	0.2839337107428944
0.5611432384537374	0.3543009349129874
0.0	0
6.545292210977083	0.3196804706685931
0.5825513234213866	0.41932500363001873
1.0975940995116562	0.25378139640704644
7.241071015569304	0.3156473795728489
0.05169078867008602	0.19307550578437085
0.702613877190453	0.3724501777058598
0.006475117159099342	0.5821789332988406
0.4105315576793817	0.4123113684599967
9.479581068299588	0.3210080140928955
0.08260003584187808	0.40298580794902755
8.414198512508477	0.33039627289776957
13.417385997543775	0.3015255162682687
2.950392705537695	0.36871657730229346
8.521333414581804	0.3243857879933807
0.09672562985623381	0.4686064739214246
10.00597830054364	0.32869834795415837
9.12706557407956	0.339662098430123
11.157730117670624	0.3242621420469299
9.924410412514366	0.3242786232504995
5.440352242382887	0.2945585766951041
0.07635472304989945	0.2639029210277263
0.022059430863764586	0.4272127098912317
0.023327229790511616	0.45379985856601995
0.1470806275065106	0.2171931672088183
7.001435922709759	0.33375476723107095
8.05891891857632	0.28429010392694276
0.1182422457069733	0.28239005617996776
0.6704400367231108	0.3218187467259513
2.323145230013813	0.26393232587800664
0.39002999732012883	0.2593642657744001
5.4238480493009344	0.3351813960660702
5.314480994375011	0.34107455717529406
6.010078068719576	0.3534396575529611
2.560330129854175	0.30413883077852466
5.423580097958936	0.334207607898672
8.249138479550801	0.31595920836754543
2.7481390729189052	0.25752507554654236
1.7976772296024939	0.2426780180510431
0.03679717679352411	0.34871398909712115
11.463898614249583	0.31078320551876487
7.180686070785432	0.31936883683569234
0.46368969327049203	0.44821016409201736
0.3594409622093191	0.4312024872594084
0.11879236556794179	0.4114876153783828
0.9632164406478193	0.22143044618477983
0.9546927690205407	0.27812629686465706
10.745609432726669	0.36450574671983826
2.980466392591331	0.25891683901166757
0.39684069523877036	0.2821232508337544
6.495120370543968	0.3387031499740915
0.04405152147786686	0.6472106902794683
3.192873512805289	0.31496759823065984
0.08380934609567064	0.32401328668902557
5.153551129870775	0.2947169626164674
2.2355892322140503	0.316025513420665
0.02013118398946385	0.2596678790373698
0.16726172530252137	0.5431497221323794
7.0578955575003794	0.3300411145064851
1.7187594417665233	0.30759071005985605
5.509523888422969	0.30623092946050995
9.157177190125353	0.26782532111307034
0.024380940814204617	0.4742730570474392
11.447015509850901	0.32644685244478694
0.02850069842533625	0.1709335737206407
3.4056162885201147	0.31369885364895234
7.584496878200432	0.3220968479497549
1.050534385766105	0.2586652325445703
1.373359093731288	0.3144271087955389
0.35349208236878343	0.421119174106515
0.35349208236878343	0.421119174106515
0.6225500175222525	0.38214956615624357
0.35349208236878343	0.421119174106515
15.270013838508117	0.3370137619045831
9.426198006480524	0.36098334560799894
9.515385742341183	0.3186560001850976
0.09197182820606446	0.40816832688799504
6.283713975388081	0.36385502453786817
24.330436038473266	0.3106678558186693
5.454678820140055	0.3123433886445444
2.5380558756686797	0.2644088598982624
8.39303247485859	0.30872013540928667
7.581951194920726	0.32900083102834743
2.0670862389271334	0.22543082689512006
0.6530318167607102	0.38355883124242796
0.13373863196412544	0.28099189473240216
0.07533493765412777	0.29922882637722875
0.03577559042306525	0.3019188132955348
0.05700790902944016	0.4673635051675327
0.2658333554323568	0.26894323236476764
3.959963482300518	0.2746594571634739
17.119927023715263	0.3378324613149202
0.2986702150775823	0.2650251890437229
0.04983133030199782	0.10684944793848326
0.10494426997427256	0.4345565831726194
2.022143166549667	0.320347366791054
3.2768852459069078	0.34648283671824587
6.5934111871370815	0.32865314879242036
3.4186518501714653	0.3940956809120613
1.4026538012966263	0.29448371799144596
4.775017487745816	0.3856252639965975
0.262785742359956	0.38996213734677304
0.09224713429182106	0.3501752213394406
0.35648738865159946	0.4153693725241417
0.07132767303793473	0.40180843096226326
2.672861876224363	0.313076961180336
0.08405009963163515	0.39463321010893465
3.6142500711329286	0.3028205564024019
0.31155068999716024	0.3817562517347463
0.07259774405907474	0.37114022962691595
0.07715751405485027	0.3595570479280823
0.07614820547202034	0.32876211094192326
5.869873205925748	0.3238325232235132
0.03817736152494972	0.2639029210277263
0.029798491989440148	0.8480666032353394
0.031237069429924026	0.2808327416371264
0.3848467523017607	0.29613847292044077
7.077087355959474	0.29837332576076725
0.008641515204888055	0.6285062210938486
6.912793948287355	0.33039491861010517
7.006449423864083	0.3134317782359525
3.313585807206685	0.3808794554971436
6.045554393154726	0.32505805166830004
5.249194316352037	0.32867094015010406
0.02620933268056503	0.18684126014771849
5.809155570971807	0.35909651854433144
0.07709524145893447	0.24799457963211954
0.028622654945009863	0.3718367567979457
3.203963692754516	0.4024786767842387
0.18117266928743606	0.2735001908825114
0.8794851135076583	0.23066188522318135
13.540025665905175	0.30692371610329133
0.1476994959907072	0.18336308935436518
0.4735491471592889	0.2677134465667614
0.04478784717180897	0.1931201219579759
0.04068361533368563	0.5102576795031872
27.892833312984095	0.3273586122484116
0.051387645373482484	0.33905386733450193
0.37829524892082655	0.4442680469586228
0.18463559711015878	0.45222096246119764
10.545802749916255	0.31768635913698456
10.735579403102129	0.29132775130091826
10.776269490555686	0.3319404971532819
6.476856514738724	0.30925770453992385
1.5718406276964827	0.33762550389159807
0.7522778202336868	0.2403400709657273
0.025463810176012184	0.13517772614449303
0.0	0
50.0	0.3025346164004121
21.895948991198825	0.3203693924118507
21.70636189889798	0.3350780790906371
0.9628670798564983	0.35568277672610094
3.689372197741956	0.30421212273248294
3.2222149915953016	0.3387602510919046
41.09253110009374	0.3203480660346421
39.98121140954013	0.3160706381344097
0.3481435569922918	0.18657424170203676
0.1267745191101118	0.15535441918780277
0.051588938186052355	0.2752547150842687
0.10490677743018273	0.3497235085925273
3.778362244551891	0.3090332769781073
0.022449759563764896	0.6128228761031796
0.4747448648328243	0.49008759427043863
0.3947393050234658	0.42817115197521066
0.6399464439291485	0.39790199655378505
9.267347562170855	0.3340361303518936
0.2506129536237699	0.25289553007597315
8.633930714637213	0.3357711734076875
4.89369873553552	0.3174113573526276
6.155860073683519	0.3539823404252064
7.096914171589741	0.3424317474286458
0.034348786971778573	0.2145087619280511
7.862353428929168	0.28484417884058233
2.748174384648511	0.2714974459852821
5.639792545680952	0.3255629357918953
1.7579410892443672	0.3249510450920493
0.5409076531849192	0.3707939841785637
7.985138276308932	0.3314242050686271
1.6682534225446097	0.22672228305044867
0.17178490667956067	0.29297213135886563
1.9211600269993123	0.30343440920736775
0.16123820044305398	0.11538526798962995
0.5015682756673958	0.31230218040385127
0.08218719063692051	0.24890413107570508
0.8446676007440953	0.32556787256086506
0.12897985878782897	0.3669990814186218
0.09335131236911225	0.1195636867430599
0.12799057617083812	0.47938328903473104
0.45880357048379883	0.6433363912136967
1.7630913484150343	0.34578380228514827
10.213275787221939	0.31030201857316075
8.304195147085133	0.34292689279520094
12.519631605541154	0.3320249223901004
5.882496641811846	0.34991011768195446
11.306434858388641	0.3298180747443821
1.69303898078732	0.3074166337127388
13.616900980033398	0.30456505927406324
12.114595446970375	0.33501625362501375
17.75505597765454	0.30166287294221605
0.1387331344154398	0.3206963468130764
0.058250427355069245	0.43949410184072274
1.6940026404558435	0.2850547223034192
9.74242602069831	0.3024329088442628
4.253633326677205	0.3269479003143438
0.07636236332107775	0.29759169797377655
0.14989267049004323	0.19690832083888127
0.07614873737047097	0.2943179896195869
0.15222092043486327	0.2812478526620366
0.1826171407385592	0.27582551917777465
0.3290268983972372	0.387698740181273
0.13554345595045963	0.3468560663737024
7.803802862858781	0.3080208395866861
8.148064465031913	0.3192275436221686
0.048925516667886214	0.7032913146968227
0.7370545710323935	0.2918052139715923
0.030024229947933006	0.2518213772628949
0.030609405920898926	0.4193191132860363
0.037302209030026214	0.058661403407139254
4.49119756078335	0.27030935566647146
0.02543194339753445	0.38091278149899765
10.151393867747503	0.30376164258893934
9.0404513296008	0.36445209241103343
10.027772292924418	0.3324436846895318
0.09292291405029175	0.3083414888194775
16.48865969692126	0.31509160351414467
0.08189110884738553	0.1828278385148187
0.09292291405029175	0.3083414888194775
6.164944205528962	0.32106130819839446
0.08213485738820644	0.1764387838072787
0.7516934548982946	0.3854288854415033
0.01851493600607257	0.20114739665334266
0.11661539474751588	0.3014528555890795
0.05099331739077799	0.3983583098442033
0.23749232322215738	0.24329352591950806
12.65665103332837	0.3104166566289856
0.6329182740860534	0.33074559307739304
0.08921909111423172	0.30487778532661325
0.17707646378491612	0.44422784376763375
29.929160942319708	0.33204831935385215
0.38084835335922645	0.4498960737253205
10.797434164785418	0.3113307201763848
5.955787647371077	0.34039208140842103
2.3508430132731135	0.2998014872037507
5.563886974022076	0.3441316917931127
2.315493094296666	0.40837133797122027
12.03640130826356	0.32248883801116396
7.413071728857395	0.3276547903298489
7.356627023928511	0.32863566101068575
0.08946344688657944	0.2303922625780392
3.382741505827718	0.15846537177623837
0.47486435765212415	0.1956721100509161
0.31003928523858254	0.29767533979036087
0.5724779458188988	0.4391044073445829
1.02615068838683	0.2613873359410943
0.4974734367568925	0.1185537759544055
0.2474230094121994	0.23839129172955129
1.2512134086342923	0.2602456767297636
5.190624328273552	0.2986356034473402
1.041947513876347	0.2793095981137216
0.03342117837159423	0.17444331325374154
7.258824765207696	0.34039431591139035
0.07894752696076532	0.22105411406525247
0.7898825664551647	0.2882615657459469
0.03947156308376586	0.30845166663061646
0.038999744793240684	0.23872055396751887
0.10059895960496108	0.4729907600342466
0.6765483502157031	0.26247833232666684
2.9403378057585243	0.42344609867624156
4.700254797893567	0.3489862445637546
0.11749375503209254	0.3889506932556127
0.4908662899867006	0.4017177693148195
0.49805495399105193	0.41347898616197304
9.823856730623639	0.31712509565254837
9.164526964054916	0.32045515164313987
5.631632881553484	0.30922108246268326
28.557568408763835	0.307380154502367
10.979552729714017	0.32204831262943917
0.07418522186439144	0.40590407810206963
9.89903029651915	0.32177974523637864
0.16808756553939194	0.3654233279295864
0.2515334911623223	0.328153827817555
0.2715044083749456	0.2759921002340847
6.594649969420421	0.304946299641691
0.0	0
10.766128244713785	0.3450576252769869
2.4867749636781102	0.27770015465244713
1.1813691093674998	0.3341716677374165
8.695368539110266	0.3320964901293268
6.328254973104108	0.4276788319477475
0.0644027505305389	0.28949410158840344
0.03530541154525434	0.46979838435245624
4.192019123760809	0.3291020577624367
1.9725776077365271	0.3854239104742823
0.0575651345976021	0.5061400796881973
0.4806777978766056	0.3344855756708888
0.039720041068407756	0.34116080009110505
4.538502660592206	0.3502764007641626
28.61127295204406	0.33583119414709506
5.563715420306638	0.2902606741492166
17.8027894501644	0.32766687013549034
27.468406262987138	0.30951549081773294
17.023394149960005	0.3189658933065782
8.80441618280423	0.3391265597504572
0.5809503065887863	0.2831118286775535
0.15163512182696554	0.4374611399492304
11.87345012842189	0.3169775464652342
4.774023379389208	0.3230934762717497
16.548005165958163	0.298867658295252
0.39919453146500233	0.14678886806671945
0.2998780965688459	0.2317629562680324
3.690709693657344	0.2363856933705057
0.3794795741207949	0.40623621120400794
3.6881312185165096	0.2711841337189681
4.819718263601567	0.32513643802805653
1.5010127365546762	0.2828937398806253
3.940287337248444	0.35039332973816
1.6469982425062013	0.24322503551553756
5.895932536094515	0.3147821996274563
1.3451720985686444	0.26515477100009255
0.750810931270956	0.46106354958700435
2.5456509907876503	0.23612747134513126
0.07048771510805614	0.13763206614311824
0.5017357317887302	0.30505395746916014
0.5848584532174282	0.25499563946214554
0.8642485610808179	0.2816164162552922
11.24911258521239	0.3636585368526165
0.602880664612978	0.37704722048946515
0.44562356921885743	0.3933411303574389
4.422809618841096	0.24080896267113958
0.11568589385238214	0.40623532356173103
0.7893845436939015	0.2936215336685607
1.7075888807944049	0.32081015814896735
0.813422717814272	0.2711438959554345
6.187945343958572	0.2882398331972727
1.8376946881473448	0.28832783802732337
1.605101601750084	0.4371550058058377
0.27648190564216596	0.16284827087574374
1.6255725469530944	0.3033185732252973
0.11524971069698228	0.2385693791729732
4.2322630504243	0.3099350737507566
0.11661539474751588	0.3014528555890795
0.03742114472642903	0.29897857971714
0.07443326464171272	0.27972269810093237
0.7521654323819555	0.37241108824512575
8.154448981302199	0.2955831574903575
0.26863929490530064	0.25403789767985624
0.0688446090040456	0.451925967454511
2.8517987967349856	0.34704194839893127
0.12528594148113184	0.20896780365615103
9.840426614319767	0.32347518286532284
9.685204719386169	0.3149425916016507
0.13318211660510088	0.298645942283309
22.972784874429756	0.34397642901495207
2.1565301212271897	0.31248676101796286
5.410210008496754	0.31147335813684746
2.995684303485746	0.30872749447578357
4.319559354122528	0.33000276394302197
0.35160658406528567	0.39407346650183195
0.5044888997471291	0.36928148549089956
1.3728918953536033	0.3266006010612996
9.720154428184076	0.3028422065890931
0.8103366235935152	0.28094142038772585
5.316853911390966	0.33550881152420686
0.029643780776932815	0.15837360594273556
20.02435354025154	0.3388308504474675
1.5358146320058585	0.26908981841997354
0.16970406661057583	0.18183549430088494
0.4180436081895634	0.3003146481296626
0.09050779720279227	0.3091872243866651
0.042594321997518975	0.3096944861485815
0.1398981920511528	0.27834734574588615
0.08640674096514331	0.35464682882889226
0.03439502997495764	0.14426329712648717
0.04899189573877615	0.38281278577264116
0.9812831430605798	0.34654852678930786
7.406534568611397	0.3144334582661549
0.0775624039358532	0.3011917887512141
4.301927421629524	0.2931358052280226
0.4569711686684536	0.4057317914177866
0.6955736127791733	0.3709277554089508
2.039340024766107	0.3940129279102153
4.033460786192467	0.30131148569055427
1.4341943967491635	0.32140418523124525
1.4510683666864141	0.308377985698375
1.6499877515600085	0.29972432993581305
0.08622058145906814	0.2101722550563746
0.05535378042812554	0.34503469150870447
3.0570730824554513	0.25204034238845374
6.3867661180732815	0.311243662388332
0.32381181344599164	0.3626200204647288
0.011507346453015798	0.442742694877978
6.049072549885726	0.30252212024332376
0.024706667342250244	0.20765033832905114
0.4975762109710483	0.3960633626347453
5.500423922685444	0.34715893527017316
5.501047681354306	0.34721423234972415
5.11609782762541	0.3164314834010351
8.580293999151298	0.3619409833060625
0.16035414533860431	0.25713663777474216
3.928891185609459	0.33115983144843286
7.773447693154803	0.3325396546176885
8.598665939582448	0.3180432568591531
0.6005951799152213	0.3294613130387983
0.16628133862347103	0.3325766037286819
8.32315573186713	0.33089549738926133
0.015197622960925963	0.42328968620180235
0.07624218620654971	0.28808328657190413
0.0	0
0.8339311815129444	0.32214223639189277
0.0	0
0.04782445412281323	0.40922795410799917
0.24390253448849158	0.27126937365693715
0.08343446276392194	0.29017434655871926
6.272603431632363	0.37012027721711344
0.26702065375222334	0.2002880307107273
6.853010432903017	0.31994854165617453
0.03390227453698763	0.6878734614401742
0.015231549386232524	0.13305896008887544
1.7239324946392485	0.29488770767262207
1.5910684753896895	0.2984904289791235
0.053473656624416575	0.35635811605520307
0.0015967681074515693	1.0
0.04607604476279374	0.23883461550213636
4.053467646654429	0.31215049690907815
0.405656079780042	0.6516683088640766
1.0751547838894622	0.367700390134913
23.22175865159508	0.33110941869945887
0.19126852964334445	0.28153158533176936
0.2591426903505475	0.4589442922060206
21.50781000604945	0.30780845889894254
0.22516071753482517	0.5221846427335342
0.051452948767499965	0.35595106611210575
2.853669671961487	0.4405632312874549
6.906918033834996	0.32672991679113783
3.7772706333892097	0.35234087834296374
0.0	0
2.1306950815311763	0.341450848679404
0.0026039389085788416	1.0
0.4801255315180765	0.06921116097615394
0.06089458576943688	0.31241811771105593
0.4278284929947406	0.1895565483807891
2.55794831445645	0.30666477485606886
0.038727486087282485	0.16671874952333426
7.648004345952091	0.31623107035078674
1.3830321943859774	0.2958587093287003
6.024461107011144	0.2821109926272601
5.667621074555975	0.33641332322618467
0.05953545798965567	0.12348534495143523
10.02879950612794	0.3115473328224187
0.21787242843030194	0.32854670074917913
1.210054953529247	0.2552443085273485
11.745329705672505	0.321080233177579
0.19382376582000913	0.20049162302358348
0.5189731254667529	0.40408625445179575
0.180743352389098	0.18526980976307172
3.9110036282945098	0.2599395740105608
0.4750253101686389	0.42636217005487126
0.08452173623706802	0.2744194590265072
6.8639081910588144	0.31929277116071386
4.343049173666355	0.3388742200580446
4.828234691427541	0.3288822446680764
2.6727221987564085	0.28732510709168874
12.795875617649534	0.27045021272873193
15.411301256245691	0.256171724788056
8.434323717159813	0.33146241905193863
0.051346391263655276	0.443361980156936
8.713225865778686	0.29306210889004325
0.07832910239946522	0.3266421784137546
1.3434697152897863	0.30052706804411605
0.07798636423245064	0.26616939736792045
3.8460550408254197	0.29203834262945433
0.01851493600607257	0.20114739665334266
0.07443809164803974	0.17198791517167256
6.977849949046288	0.3427998161771298
2.249045797399545	0.24532882702350362
0.2128528155048827	0.25687642707686387
0.3679490143771688	0.44547054859402135
1.8204146294199521	0.4404489739716064
0.8286836528995555	0.3414225862043558
0.3679490143771688	0.44547054859402135
1.2925427667740994	0.3584805970071447
0.3414125127017569	0.4016813655262531
1.7775516188837017	0.3801668973815283
0.3983433436760031	0.37737150834378924
2.0686132993148	0.2794932387393004
1.2537173232047145	0.2804248334838546
3.652507648241395	0.3195775152835065
0.1004122698951659	0.199714360971536
0.9483676567283452	0.2544231249729902
4.199678552079742	0.31414109219540315
0.01746307557599731	0.1300205220958098
2.1897493726268977	0.32403268010465636
0.025415704877761805	0.2183989643608033
0.03896578370528759	0.2733259493204508
8.203598228577379	0.2792415306558361
0.804166481589622	0.4013914566777581
0.011490858880347985	0.45759623066160166
3.7176109351007094	0.30670262682731164
3.184671697696283	0.3820147832335128
8.305871304090537	0.3242368272850356
0.9081469457620664	0.32012514525555913
12.276733884761626	0.3147328480019575
11.761091543070618	0.31697378221204214
15.895351663323275	0.3115795012871343
11.69638303101415	0.32308159872557407
17.763115671440147	0.2928398916172024
0.19476027102878885	0.3191331074392452
30.39157803120653	0.29875833407784147
0.4845044283990842	0.28675234305006864
0.08921276208197129	0.3140631911176023
0.07067727406561872	0.5970732707795549
1.7301221860938472	0.36817004382367563
4.100349561809548	0.33406664122434304
0.044311446948121266	0.33824616493789894
11.037032302951825	0.306101151194656
7.85026005002752	0.32850565369765355
4.209711000875179	0.2687403671797238
5.602759813688076	0.29095291476758334
0.12958804520622355	0.3099586938268868
4.4376835316147325	0.34457715019766083
9.411389791428377	0.3152120022047631
5.496022246439759	0.3640997034439835
5.211705050289505	0.30689229507822036
8.44990039229482	0.336352396931465
5.3193825525843	0.3120342011304877
4.345594812171302	0.28161394839084875
0.9112524583739308	0.2948493316478908
0.010254728672909899	0.5938446585839549
0.02197910951024256	0.5616110944409443
0.023435650444308932	0.17721174032856504
1.4537275839058692	0.50807675175128
0.36243055448634126	0.4582268293236779
0.13053344184963964	0.02722357858828007
1.2752286159657915	0.3175093706545408
0.04635317925661727	0.23467151918726414
10.339201041661843	0.33126443858567634
0.01305184036692778	0.41717040926596133
0.4144542867789444	0.41928050701813846
4.906252129501023	0.3910514450862895
5.9821138916968275	0.34070562081006595
5.785903987760925	0.3675736073652846
0.15156341250490765	0.3281100959389759
5.413821958768364	0.3207953998094239
0.12568593361904815	0.07803454947224243
0.09186363209618884	0.36018148515813725
0.032071879200351545	0.509879034933735
0.3881153740943473	0.4508699099612164
5.550416958028924	0.32468050672343884
10.420504722696453	0.32287164718402367
3.9620225211093616	0.3333680910290585
3.5407439029726366	0.3293337962389562
4.436457330252693	0.34768366150934327
6.023705231868077	0.3052973882134943
4.292498382269345	0.34920534794218727
4.535235576679058	0.33088323618654886
0.49438470050934313	0.333029710792684
0.2730759810360472	0.29175081665103114
0.8436568327484659	0.2795480543521771
0.9597788032600699	0.3002461121729652
0.43882133932812895	0.30753725451745234
0.029053743134787407	0.40587418682775733
0.05315837207572389	0.47904528942121566
3.7244781111635876	0.4233216527144212
22.69215710076779	0.3187343965201013
15.751215643843254	0.29963798809336406
0.7865502435142887	0.40537624367989905
7.347241746034226	0.347831906337314
0.015589619726993888	0.36656208712806215
0.07727418016294567	0.47128482896512885
0.7973985093850319	0.2505726520096003
1.10415374687715	0.2278521336571138
0.9260612221292644	0.2516017671152342
0.856104438201164	0.2824562262648919
0.47211966654601245	0.4544105021670127
9.438179962576394	0.28406578235342994
0.5500555988001212	0.38992418719678856
0.0	0
0.06007069624012497	0.5485027628169804
0.11297273103944669	0.4104111171571569
0.2134241305031873	0.2921193769119388
0.06948458179730331	0.30209853353055394
2.638824755088501	0.32678890939542216
0.03215709901442533	0.3081341840610107
0.10077374867561824	0.18286462312073737
0.41642053417031455	0.3761319731765833
0.09839881282062886	0.2770344505864345
0.08755221839754437	0.3819967020363136
25.702967113723584	0.3166676833580706
0.05865871656653033	0.697208310628787
11.975620586093777	0.3144960391019246
0.9518801234491868	0.12113451110082467
0.12850324686379647	0.40392366694893933
6.7343368347332415	0.3868837600331042
0.1243296763653662	0.32388449755992244
0.02746388175707663	0.29523438970186805
0.05860480554198108	0.2650192724510474
0.07809777955514395	0.31918964333566135
5.154981943702614	0.28706749742251053
0.638632046796466	0.03440375052848367
0.3630474500598916	0.4378491265047204
1.1421453952144474	0.32688278764694384
0.5712222109749925	0.5488510518991667
0.15790372713130593	0.11754656258743387
0.4765226701538509	0.37210964332121377
0.19087984500386757	0.17039625661549493
0.2362041807227894	0.6296760371825446
0.2764983611122684	0.5741256176033057
0.519034826448893	0.42820649811203304
7.517446350361712	0.310413800776986
8.092056416769177	0.30438298538397035
0.3602711124858268	0.4335820784564419
0.38250664271966556	0.4138621856996285
0.4029245204068595	0.4103233131196905
0.3256643257259443	0.3519037302090778
0.3408185364250623	0.3964360017052627
0.3679490143771688	0.44547054859402135
0.3072002145351395	0.44929586540700134
0.09201744295078239	0.8104824817359915
9.352473489713512	0.3078758875162273
0.5814221723955815	0.30663325837844224
0.5639509242721442	0.4238842221240378
19.391315621067633	0.2986965454518731
1.2336678759665847	0.42791744353624517
2.943805907800147	0.2856110131748389
3.24005038102943	0.28827967313459446
8.554568686233532	0.2858487885658619
0.10225057716407833	0.298249030948842
36.25828587221546	0.32038321550438104
0.04913421932703869	0.2618302952973518
0.6095067407103725	0.42974645315347365
1.8868327857747575	0.2964808006906923
0.10218061249498978	0.27362961100771044
5.811894132489216	0.34683722522949256
6.18305707594271	0.334584696710155
8.446666149029946	0.3271225878215033
9.193322811472056	0.31897905204519894
0.09894040707109444	0.24564475830710208
0.11549417303168237	0.2888761189176623
6.939103744205424	0.2922416420077783
5.039613194639071	0.3002348928342059
0.08475531981550115	0.25006204935250126
0.09767246097069453	0.5283277871740384
0.14302830189479537	0.5274658311743563
5.935792895428994	0.3354233103697362
17.31195605082609	0.31590517661777273
0.008371243941922355	0.5375454143364928
3.592903971490388	0.25652204596204314
0.03273097901199105	0.20357434495958301
11.979159946479582	0.3248890643888691
3.7248070565035025	0.32363966443521974
6.378393040729405	0.3139151072921667
3.701888657158696	0.32599706365308867
7.238243149156447	0.2761982967836534
1.300177460436492	0.28184505475760174
10.20778235723184	0.32381641998959326
8.434241199608948	0.3157146154895914
18.724539420378484	0.3112731169948152
5.4199755646585634	0.2889357006810163
9.231992103862096	0.3368484961952886
0.150844385892384	0.24087372398513812
12.718252568118261	0.29719753197643073
3.1247833469999744	0.299063916629568
0.3946183281196307	0.4831162834559219
0.1575846143743206	0.8207078495171352
0.09549303950336367	0.2688662177116771
0.11655376950637313	0.3089289287212869
0.31963223101552063	0.32197574249541644
0.7328605564095796	0.3729491014666505
0.0786170270607518	0.41942897380886734
3.015098039983901	0.33754170999192695
3.479842783015212	0.3498229634874053
3.3835594130804045	0.340087320693572
0.8090780888667084	0.3206976243572761
0.8618415744532699	0.38692899465544467
0.035881335323409314	0.2984323275115072
8.097739753930659	0.3585834601294546
1.846483894551945	0.24138500760276618
7.0186564842700685	0.2986187595423008
0.03895214997303582	0.2875912492804902
12.390034848591712	0.3029191822956317
2.9115459267432398	0.3184222562090728
0.038486669699422583	0.3097728449867975
0.08163404623901985	0.8953745439613923
0.38267698477857204	0.4079680126484866
5.099077990825715	0.35308419079319864
6.425556631188872	0.3227643108404397
0.05812267850376298	0.2359226057120649
5.613809092124186	0.34039542450174914
4.739241848435462	0.2872452935638913
0.1662251360640079	0.284820057233682
5.813544002747962	0.30768759862300527
0.09552268067591556	0.4412718592112039
0.11645806636318178	0.5174348256048682
0.8804767889838834	0.330915901538454
0.5813689469355655	0.39956874347802
0.038114690897929016	0.32580630505781166
0.07821595525809892	0.30161892877534063
3.094161859448644	0.31718727343134917
0.04110466598713927	0.23850379974276983
0.038064463046330814	0.30306666128557225
7.208062861834246	0.3239128843858755
6.191122856023052	0.3409729614560837
0.07550376939014017	0.08703960814899006
0.5519448938903885	0.24265888311467151
6.68264207213884	0.3196261224456876
0.3456368617761495	0.35814154306052676
4.36772116865182	0.32708994412873693
0.3272771847120816	0.27018097041132727
1.144617963723667	0.22537361626891297
0.45837377548067676	0.4882898700899056
8.01939641922564	0.3716452755414114
1.844164010915689	0.36951292839515115
0.49670289082602104	0.2819070178016993
0.5946536802005883	0.3509465247251558
8.539406542938238	0.3238144571113266
9.363564357726418	0.30952023627067216
6.58522172750391	0.3348132454742255
14.910464213371286	0.33434585741822315
6.4124428818614705	0.3229504978179401
1.698671703422734	0.3073181440620478
12.189305355877693	0.30787590263099657
16.51511781230089	0.3384580123322584
0.26917640490469746	0.573511519738454
0.09050807065209882	0.6756806248777372
1.3624275833518624	0.38243689788153845
1.8082527482035664	0.22952662258122478
5.7436338956650514	0.3065247042276206
0.0778602072736568	0.27414441140209544
0.10473532875051854	0.22129663890514917
0.09574503505444934	0.46366675618312675
1.6297352220448875	0.29832858141752394
4.801981258125418	0.2959882386355873
0.7685347757984479	0.2986343970969569
3.931472031869942	0.3005871687047835
8.002970959805962	0.28728365557254165
2.4543607084922536	0.3665807426483006
0.46577056570172176	0.2394858647270627
18.97929720457166	0.30746094702661747
24.885353589375185	0.30555238015763775
0.034652670292334056	0.5313641744343275
0.034652670292334056	0.5313641744343275
3.9788673610783563	0.3020550176110542
7.061808495381203	0.2960233553938605
0.4739376413081875	0.4158028992187054
0.17270349415939942	0.2703960269365561
0.11681820871232028	0.27986545380815797
0.07614786311498518	0.39295876964680065
6.831661209577515	0.3061648340363487
10.464487978193185	0.3305984685649408
0.3326144212448948	0.3968809863598871
0.0398311765300055	0.4339832712611016
0.3581646006809161	0.32722011843399595
0.18166913416266112	0.33973382894693605
0.20300577778049306	0.3434804211137905
0.7272089544570477	0.3839969055368935
37.393130217198	0.3153381446451077
0.0	0
0.10025314034593501	0.06723710023037846
0.8649394613300698	0.22349194332968406
0.1667715329222119	0.18360983211565912
0.6582248500771839	0.32019003830267073
1.3190079866095996	0.3525420067204887
0.33360891858546343	0.4426523491912391
0.08588708779736029	0.7715877873677893
0.7155967348711354	0.4021766213783112
0.3787600712251838	0.41934004429843214
7.644042451178515	0.31305064443156116
0.05668905688069578	0.5334406993594183
3.753012357926381	0.31978632139491114
1.9231554404922047	0.32797732374878563
5.039318854956015	0.33755511251846826
0.5811045449572051	0.4257478812705708
0.7550406273708644	0.27093704241649635
3.092095470891208	0.30199348508499757
7.518600908005553	0.34062077573364863
0.08891177626281369	0.4831067754798423
5.503933746065448	0.355773808902577
0.16992942372670772	0.2124944138783414
0.11420739131874609	0.23203441220608387
4.021060871632783	0.34337627983819063
5.409806191586844	0.2660747218722475
3.571640982185729	0.36989940256936743
5.399014635391982	0.3250021608939347
6.240305409649747	0.3500027757609409
4.2032210603192945	0.3098635301020609
0.02208825768164826	0.29210460169410074
4.849510319717431	0.29183322403339196
0.10161656624012967	0.3636706201901768
0.0	0
3.7402815417146122	0.26824220573797725
3.8683420878368477	0.2852195337435862
1.9031676866633882	0.28556910938269614
8.80058375466417	0.3273494483869196
1.3974090743571637	0.28443996046394027
9.449941270128217	0.3254242267397189
0.14428101081395361	0.3076923329698965
10.309763579505255	0.33669261299112385
10.519975755476997	0.3210324605166037
50.0	0.32307494512894597
45.05697248311009	0.3065763554120699
50.0	0.32259165896980546
50.0	0.33174110253363265
42.98466714169213	0.31997727925603103
0.7623876563123841	0.4678254007288141
12.076709730336507	0.2800362382143081
4.304102442371668	0.33214823404062155
25.851407315982556	0.29712714567602994
24.794728286735534	0.3250843638569482
14.50152451228836	0.32901888208701113
14.022265738045471	0.33294769708569183
1.7381373198218253	0.41564982872955414
9.107477938803395	0.2710483930844936
16.3189196070014	0.32089906073814606
1.202530131257188	0.4474680587461843
0.08639718587300373	0.37331077200512613
0.28409687912532317	0.15050616712987983
0.7124534711924396	0.19623767729131428
0.730516352700431	0.6038990839428565
1.8440472050672294	0.4022706545765002
0.09388005686427563	0.2533057101711704
0.09388005686427563	0.2533057101711704
8.630266995804469	0.34226520617167383
7.241157261838384	0.32520474109149566
1.610124514216134	0.40596801954866046
0.15165437129277287	0.27638674812515746
12.81648962848849	0.3162833579095969
1.2692270348123156	0.4762628754306836
0.18344474968330657	0.1466665571299662
0.6517918929523189	0.28734805926053786
3.0202900305860525	0.3278479453551267
0.45397105442226116	0.3341672129244803
3.0598372612863667	0.3010749417388811
0.25188281470499146	0.1432412634615529
0.7565643494500147	0.34294525393437747
7.757313048903465	0.3092448262401396
0.3470167316983368	0.5711459801421865
0.0528804174653757	0.5589944974063441
0.129127777369281	0.30308140136196676
0.15043783661485308	0.29922882637722875
0.0	0
1.7346936217395785	0.39314239855965444
0.09815544235719904	0.654196096328539
0.06634779376174856	0.402478866615103
0.27477736165613104	0.2745076407631774
11.672099698852112	0.354162665188025
11.304086056238912	0.37607696571573673
6.7371764675176085	0.39833655033361864
0.1913798862931959	0.22293594378097248
1.9034456398883293	0.3799485679603793
28.263873361763665	0.31275291929433524
1.0817306008648828	0.4016290445943999
1.4358880151732674	0.29827081906423514
8.629070306704602	0.30791037999559995
0.35640140255057673	0.4747077513493945
0.8648466430739759	0.27163956683393053
3.272330902943137	0.2311776098487749
3.4797338213072306	0.3031314760801245
0.7333426842435753	0.46687422053911193
17.149882334974663	0.33818723180533483
3.165266483074311	0.35199168025393374
19.598679265792455	0.33854229333055713
13.482915511525414	0.3002647437649611
0.4659033593763563	0.36327505159774187
24.59838742163571	0.29102335620298253
5.6591080150320945	0.33630122922293565
0.08244196728605027	0.22549369518164608
0.37598173170689264	0.2584736549734479
3.108585492157346	0.2632561952127722
0.44879241948228193	0.28294434326598533
1.646105502588734	0.18519927759766322
0.1710631408820847	0.3513959982064008
5.460780643748672	0.2682452188611871
1.8738021692418083	0.30738956389057465
0.19814472875901276	0.4653643829847123
3.5160551735540526	0.2406323770745613
0.368518935862154	0.2686733899806162
0.12493806341365198	0.3449340215043055
8.58576433370021	0.29952136584068645
0.1950467381364254	0.43679475769047005
0.25443966999405215	0.28070994535796817
9.666494059063108	0.34972975293221265
8.881032792327533	0.30480585499675483
0.17865056139883834	0.2511533736372396
0.2504677486881311	0.4197805614569696
0.12774842646043277	0.2380304930742521
13.777033116950426	0.305393931156564
0.15275823530245877	0.3400856135849187
0.13259115000350297	0.45255931920583936
0.9433525485780248	0.44958119845000083
2.1023182630510147	0.3803513504209166
0.14998057087706199	0.28295005392038786
0.7653147369328359	0.4299325421557738
13.76859408755682	0.32876102950695235
12.00735050351619	0.33321719956177365
0.28475196937567077	0.4342025142346624
0.08532597818847362	0.7504778584449101
1.0660649566490488	0.2576479350454863
0.206311565759973	0.28072150064894336
0.09618585092157687	0.35040352239883943
6.929587625395167	0.33238738922065475
6.92496412334005	0.25349041400565114
7.081149247067338	0.2438283121448886
0.8234552298245406	0.4305044742578133
0.7612859949575853	0.4728878135446349
5.140056926835421	0.31573557220903664
0.731952554089105	0.40528183725542233
9.142244579722933	0.32127402945307176
2.24390216567041	0.23205956479549503
0.22254591681439267	0.2856157567516145
0.16347102139977107	0.35077691246350634
0.4855507856552568	0.341669185935575
16.19988579550762	0.30290870596950864
0.1454887939707718	0.7464416231011356
0.1443378830604793	0.33260772442850517
20.6320846168043	0.32087532797549917
0.16960387270107993	0.2460853378408993
3.394191979123384	0.3687610725077986
0.41059472579152534	0.3215245832497989
5.064846179788549	0.3155731342537354
29.21089653759876	0.29797767042542656
0.31777343729435137	0.18040067084158662
13.397512221086545	0.3386264127652491
22.670220927185536	0.30734226148369354
14.525577643189854	0.29028712127493056
17.877090182112678	0.292810753119068
13.371646092989685	0.3268377193356737
13.357654226607112	0.31647882916795383
0.025629706613344728	0.6128165989248068
0.088136562775998	0.7680561186055683
0.02067737121519389	0.5892192677515288
0.15954527839280938	0.31923863389581275
0.6425878112575497	0.39166976213759497
2.22046923114336	0.339125347059826
0.035842727205817645	0.3251431733692922
13.928836755275203	0.31657750965596454
0.05669074459019462	0.013652196912507708
9.847859630229626	0.29738075524503266
20.385314741309536	0.2976901297229333
5.467194474494322	0.3627026805867627
4.958586300775122	0.36109270494589446
0.0	0
0.07637911765122939	0.3400856135849187
0.20253622700075558	0.4439854524872427
0.3917717715660679	0.2559450375820988
0.07527006935575375	0.643065121624417
50.0	0.3135408350349998
0.18143981650142693	0.264510013370708
0.4248190077594661	0.16631597046180052
4.195066777950293	0.36571981505030976
0.2635961039613761	0.2756943725418823
0.8645728446453873	0.282667370310782
3.7414660698650937	0.35203062846454797
1.3881303102477998	0.38309377166548053
19.66432135912516	0.34014651514474104
0.6797937954949804	0.29887496648609263
0.5416034761949067	0.42498538465383756
7.137490542402678	0.3157272030332708
0.41546825634352824	0.2422063002738485
3.3060729732518195	0.3311806080736862
14.537479632687303	0.33542862712420085
8.050460495007323	0.3009064100967587
11.463733246492195	0.3347643273908201
10.56345922046448	0.3306190767783186
23.043026885697454	0.3456396642275329
14.943064718514735	0.30603537079871773
23.178780444726947	0.3092391831909459
21.25848547521182	0.330304481049894
0.4970190192099886	0.2888948948554006
1.1086929544763888	0.29123117508014335
4.462337182543611	0.37475656436163607
50.0	0.31875260254506055
4.38703634327101	0.26913209930051313
5.373995819281154	0.2577934571652877
0.34931777587919943	0.6039033764032175
5.512387596112304	0.32799326230566156
1.8691548741169284	0.17118526708580092
0.07819576826880002	0.3415253481616916
0.08940845796799028	0.5641303075624599
0.23744910587645526	0.7595801294293993
0.6320618211631159	0.36357773925902287
3.229938371522775	0.3080959296020953
0.9508599022662924	0.4289047324328526
11.335586864987825	0.3198448128539511
0.3890845662948582	0.3051895285701448
0.9192060838167344	0.3671214052275381
6.812508473683272	0.39875848415467513
20.379978983712398	0.33090474657208935
17.941408735636696	0.31388799677701623
7.413495555193246	0.29946407011503456
5.512963276053753	0.3301304466198811
20.520529312577754	0.2973324665396205
0.626602492441749	0.32460496984575987
11.908054922128079	0.32430970109414314
10.050234486185216	0.3233490942690298
11.808845120642948	0.33273076542586627
24.093883014056395	0.3179264914046985
49.54829741857465	0.3097575899078641
36.505655691284424	0.31790447026098617
4.564002401945979	0.2639465033754619
0.11690770156087706	0.30705901796912444
50.0	0.3308792552980472
0.5332578682054849	0.3813325778659513
0.552736021838427	0.14125161705470668
0.620761962167422	0.3256407675945879
36.11679684384088	0.303692029129384
14.437216685261975	0.37925119344064645
2.733753768695274	0.4137842705572551
18.716415473369004	0.37775779763521017
0.6793582987434182	0.30306666128557225
49.99999999999999	0.3384307276797385
0.20698295123478128	0.613852324691684
0.8690550183670789	0.46922419944369886
44.12823323979007	0.35523444401936144
0.6774445559800721	0.22345535659857774
0.6610184353644049	0.3912563488869123
11.082251869719256	0.3438765073622702
0.4597818290684148	0.1912429341104136
9.68638658122664	0.3415067247389662
0.277455679267138	0.3132117968928737
8.367459502800427	0.3938143368968762
3.6726093063944627	0.1903633442301507
0.26090993190768313	0.3068769479848697
50.0	0.3356884509664986
50.0	0.3269654460444811
2.2883910047398603	0.32761413435187375
7.450349371731474	0.3607049653491015
40.903165010833455	0.28645081154748053
50.0	0.34329457322051704
2.546960499281109	0.3055267450483811
1.1196840414039346	0.307137059000722
1.6947315247175787	0.18273959715742402
0.22910663312962246	0.40441223077396465
2.4418657757052915	0.4156608746085893
1.5452254158768726	0.27996184387610673
50.0	0.3330135142613537
11.79815173232685	0.23051469149294887
50.0	0.3720362992959587
