#abundance	rearangement
0.4495310220714189	0.5168450059913439
9.187318138091152	0.2126752023636002
0.03376129706781563	0.6388518773620597
0.16995469106690325	0.23846777168283606
4.734694494441641	0.2247632311788895
0.0	0
0.05072885029456957	0.4004720166422781
7.811370104365126	0.2163404675119583
6.47451617802625	0.22274725556354366
0.4637974802736057	0.5060932624954704
0.07820288466860416	0.43080148654707745
0.9370487007589996	0.5075108063729799
0.431519519951901	0.36323003810566695
0.7112037657917463	0.4025548006819308
0.0	0
0.4415690153079296	0.5081472359691607
0.0	0
0.02309895807802125	0.33877433016926595
14.786503140505646	0.24970182483567874
0.0398026670663698	0.022046793227409704
0.3345063180440382	0.3335437108263995
5.691876688723196	0.26774725662053817
7.17367687223167	0.2180481738404094
0.4415690153079296	0.5081472359691607
6.903961763913677	0.22585140310064644
0.6536308002261509	0.3945118448733365
8.340315820000402	0.2283907152924338
14.558858822512784	0.1838737598652812
7.317901630808619	0.24660560816062604
0.6532868265700058	0.0903306179236283
3.722594843942655	0.23203762102183936
0.00030450786049899175	1.0
0.041298808439704945	0.2804304517050785
0.023574593626004496	0.15206731493831635
0.4251251706962523	0.23857619214320566
1.0239634987898716	0.26780401255461667
0.015629269067584713	0.524876808812132
0.04515467740002356	0.2035715175596277
3.015582920467193	0.2321536105643844
5.657253869650202	0.23419573404945512
5.60582004887326	0.21067101859830065
0.04126931561916174	0.15921132367212712
0.5339785183607964	0.46799173268627947
0.3719196435539139	0.30756771596547894
0.16493614806569726	0.09073191409189144
0.269699387586504	0.4003056901451917
0.027326963582323165	0.30489741186779346
7.320110036560721	0.18753075609947917
19.82454397276709	0.22092607484876806
0.03051330261040496	0.24479608604413242
2.3163230704512414	0.2386332463893865
0.035329314145742016	0.7061631125291505
0.9117186426687489	0.517294469667918
12.488252318059377	0.20356947852660273
0.025201775133477575	0.2680898840353751
0.04144839009943931	0.24781370616643683
2.303822344692539	0.290093190902098
8.968925847504975	0.2123842539334853
0.628878200153286	0.2685098866418164
4.6905223222485475	0.24386122467064608
9.584329497629845	0.20660322441158635
6.8649146042795195	0.20829439735113814
1.1039035418150784	0.3093690431601406
8.543407578423075	0.2354834692413148
0.0320818530579144	0.15910398579721763
1.081840402094111	0.11263739234215502
5.759746611806237	0.1946268629232731
2.6602138831835176	0.2952778454672192
11.905252255105074	0.17757058879958046
4.747758984951493	0.24091968500249092
16.114151219743995	0.23286779681903788
0.451235878733191	0.5227374711257303
0.7355169631868828	0.48848473163256556
0.021618530519394816	0.24316060517518295
0.5065123900732272	0.5068618290475285
0.4354497993128903	0.4907495638405256
0.5608691651964817	0.4316537645523842
0.0818199277266948	0.18444511286220197
8.535276516521535	0.20151669013951895
0.472755039085	0.47891749704107567
3.44681473177398	0.2358911075393257
1.2209918304488017	0.16814722136419172
2.0373021668454014	0.2696374792342609
0.2324683019835585	0.293223832402782
0.06650952259686924	0.487605163099456
2.830071507441903	0.27977316703238664
0.0024338618977126423	1.0
0.024451104680461203	0.40403673070341317
0.304560810333002	0.17882957541978323
3.290474232293435	0.2673229380936831
0.02209629256089086	0.13304596612410646
4.116738657776218	0.23285196322418886
0.6537906796482311	0.19426276925053076
7.187335468912052	0.22542515794579868
0.0009811363745486903	1.0
0.7815700452710848	0.25176091801967704
1.619374216733146	0.2854651209750765
8.168925247581639	0.17223581238963395
0.041389816643829104	0.19997060863877228
1.3294882002511987	0.19756525613223372
0.0	0
9.59015689111646	0.21698339881216552
0.4534847316315043	0.5102123726082077
0.044770282475085285	0.46515555158871597
0.11026841009703754	0.15048569747375493
16.48949907242633	0.2043751822241152
2.143546373060195	0.458993806328659
7.019887885006622	0.2201077136646607
4.162992881793173	0.26291946489324264
10.364483687746775	0.22488192772956248
0.18756593444818623	0.7330720584491955
1.0738201307911643	0.3667618565512841
1.2822856261264575	0.34846657208251086
6.178997147021077	0.2353662598677977
4.598789675141353	0.2374690532546936
8.095054445390517	0.22239458461047187
7.4484366176186745	0.2110865699536906
0.7052386397272378	0.27368410667563714
7.496869302706189	0.23650614845723292
1.3962596709352957	0.36681849522903187
5.381939079108084	0.17521389770107515
4.315350155164891	0.24620314687242034
15.049535077796003	0.24983272907758133
0.48102858275890414	0.4647179023869307
0.9848573823791371	0.20216388193323057
6.96148441456668	0.2634988856158972
0.07291429770290453	0.4494977010703182
0.01921786219590451	0.2338386473667904
14.23349166097093	0.21476523302569062
15.269216411964294	0.22441013146041475
5.357649584086974	0.16400350025399968
6.234289521261426	0.24305158927550413
0.09871058548470077	0.468855344068151
0.03227470356347133	0.0762819434152539
6.941780736312495	0.23041774606938134
2.925758686462207	0.48473864853976273
1.665093320968275	0.18937950474924167
0.010656064784558565	0.24141211939223667
0.022834490094032597	0.16000908396619895
0.003983230192022716	0.27776848263522247
0.9379992458237933	0.6237342975031915
0.04010202406581529	0.2414394526822371
0.531024678391771	0.4659703750258761
5.83557353543453	0.25849658743487086
0.034809001358208934	0.07340887409410483
4.848121434402187	0.2162043662794259
4.711112709080432	0.21363556174928736
0.01932073149663418	0.32827349290810964
0.03726939726249354	0.5243052623062373
0.44942973994625934	0.5108916050121268
0.04258097241428437	0.10553606461104813
0.4726456949550536	0.4994438868073405
0.4469366669425909	0.4946735912174771
0.4787011458652118	0.26045883566150996
1.887062475761416	0.13512870288027357
2.8231025177879197	0.2641005734477766
0.26837378297094583	0.3951050494415804
0.04554983193424901	0.20678650534411835
0.24822516765993924	0.26523667609345336
0.6542877936670352	0.2803449112447318
0.5241090191257486	0.4023228449257447
2.5382330023744077	0.18093838376772328
11.366989759005502	0.24694740984910482
0.03519248748411406	0.04999228660498866
1.6230572377425794	0.3539812183271374
2.0110373658271286	0.10038128544942711
12.47915581285054	0.2271091114995851
0.20839562592083874	0.22098557664767765
8.031429687908528	0.24255944482593303
0.041070128335360855	0.17859535669694449
0.009162828597305588	0.7660883929102539
0.07933923130116519	0.4270839910839673
3.7645442593592358	0.27911700255437033
0.540253241593261	0.461090201226101
0.0017068540361528453	0.44741596851343196
5.673103089113385	0.24316097680293197
7.873272353599105	0.21246481633028394
2.542010005186357	0.290153340755403
6.153335335781251	0.23554394338497375
6.4096993420841475	0.22797556679190845
4.304067772730667	0.19342472381176043
0.024141521440701755	0.1134290111244731
1.247272530954408	0.24246869313534805
0.05586198166868321	0.2882717047641781
7.470317417022341	0.19748314155041422
1.5029617659950778	0.38288320364430833
1.2157577775348622	0.3546329506011137
0.04084800152902505	0.19274091906461327
0.018812168555788877	0.18922253987428678
6.739092432073408	0.2336109731890541
2.0979864084600397	0.13168460978225505
1.4233316528384197	0.17960092446776751
7.187749968342876	0.265383101154285
0.09768149323665498	0.37001603542697964
0.9937153406121554	0.4837486940205351
0.06097909629138324	0.192387569216133
0.024175036822527685	0.4412894657840855
7.933473754807805	0.2436750280659419
2.208010967876699	0.27443352861733106
2.4249912363653308	0.2523138930616073
2.436880683936532	0.35600398681724194
0.01400020043241579	0.4318907184263337
5.886482504136353	0.18729301091083325
1.6234896203145137	0.29572839778299503
1.6607279881923647	0.1632863679017174
5.152953447912839	0.21517723081259513
0.4644587634678026	0.49486057461912974
0.48826309796414813	0.5201242607755842
1.0930675871202764	0.21085463669488047
0.4532750549004599	0.5192982499484808
0.6562703133510367	0.4335368460666201
0.44714479722417094	0.4930398880416964
0.4532750549004599	0.5192982499484808
0.6288186801318071	0.22341339847874916
1.6550094262800787	0.29688147370809875
5.029933085693079	0.21756113497448
1.0882132460314007	0.3362207417449174
6.508073565072121	0.2017334401156522
0.6042492098836909	0.286495497324929
0.117424136743377	0.22017110708306484
0.019362553216611667	0.19825391939788625
1.387655474767613	0.35658097285906515
0.00022109881869370918	1.0
7.872426987857402	0.26408676566596906
0.005471454566531963	0.4117511020956291
6.168674634833652	0.2569059193098729
11.602962599602032	0.25668200475882613
7.940920897330382	0.2732841452601071
0.03748032545566532	0.2401039962808573
1.1025453713021338	0.31524583978647425
0.06367672794004457	0.2424253429162148
8.979887639710467	0.22759685279846892
2.5107901194472673	0.37326895877623845
0.0	0
0.0	0
8.925468369847152	0.21060992898508898
1.135823787268655	0.16788224986172628
6.321801403388921	0.21145481200821106
4.560078470859649	0.24509044836396351
13.191609214305867	0.2747465334809432
0.021885265043633462	0.14501566205129665
15.389957357412188	0.20621078065058812
1.5567893240361341	0.1427298318239453
0.04171811322396681	0.7675161955719662
0.24430768894467825	0.42082067670517453
1.5560548610482765	0.3203048628435494
5.5413032350463975	0.2497672425325839
1.1987791746385232	0.17377895319454406
0.7723391162270653	0.19817571517018498
3.0218133685396573	0.2924261038107094
2.5034141769591005	0.2064707285020574
4.23650699998781	0.28448128208941914
3.113112296200984	0.30631380174679806
9.456746876021175	0.28678076426894933
0.5811778267248827	0.44957939852472784
0.05295405152731629	0.13286803938760386
0.030108292302509453	0.019156703684182444
0.03692412446822727	0.22841650913986433
0.5096768185519545	0.4896882985651891
8.408409814304145	0.25806143446127544
3.7163442222867937	0.18486660762710475
0.14312508088734988	0.4224256700349618
0.524633979267252	0.46711664712811163
0.033371498993167464	0.2873514960247718
0.790957671484569	0.41077566397731047
3.6572697610071083	0.17969517326261825
10.790792276972097	0.2261959175942938
4.428067984235433	0.2814728156318332
0.03606342456388329	0.34644840419965445
0.09876511055656402	0.24905120312145104
4.708764242677397	0.19503410828753473
7.946570720523041	0.19042454441480794
0.04117804023644989	0.19640324531209333
5.194598180664269	0.2162441122265849
6.844289238023239	0.2246387747968701
6.980125292626624	0.20835084546915356
0.0	0
0.11073463086185581	0.3139339108685984
0.02878811165655352	0.07441795403635515
13.07756528842954	0.22092070130933658
4.3336593327715125	0.28721498082551744
0.1067308498558388	0.23141333689453888
7.607767206730262	0.21989723538326186
0.048504851856739924	0.21040304977339525
0.12884418714400572	0.11719501971246855
0.03253244543360086	0.4492725075137025
18.199102741663253	0.259285550935297
0.027601440298462197	0.3508848848336183
0.027601440298462197	0.3508848848336183
0.45091065018240006	0.31826529174621154
3.6844967205839394	0.241599468918561
7.014018238723495	0.19377127034814978
0.45091065018240006	0.31826529174621154
2.826993995944463	0.242695270038143
2.5679741094580737	0.2487330257230212
1.9627660917268397	0.2797421942178652
1.2636930377274886	0.2581422587933656
0.06440919257653126	0.27746180651689484
5.197650071620047	0.0740280178655361
2.459967168990886	0.20571492539685243
1.9670231609789548	0.22587083371546327
1.9758918797405587	0.32007890797492367
0.4585172562696108	0.51035178258341
5.1631850142388265	0.23774599198580582
1.0178134997291315	0.4990431612753854
3.483068928131326	0.2503873220084844
2.231236731933845	0.195712255401194
0.23615375241960548	0.21050869695843502
0.8441679809716253	0.19026454565459494
0.028434830493843925	0.3346407584528835
6.1985867324683115	0.20104080749846373
0.01927639393472128	0.1721037699350928
0.10394714335428377	0.04168949445012342
1.2732600254298372	0.22323111519808644
6.919911303348442	0.1886608285918265
0.03577530491716463	0.5181822743540361
0.12190501729741152	0.22809942026668892
7.27117789133825	0.25194637191470387
7.9774611872987915	0.25174022047657396
1.0860076341540308	0.1629528086947071
8.781220064989453	0.24802475291613807
2.9106079440930923	0.22417807205014056
0.7323140651135117	0.46093489046729363
9.145479718347284	0.2499882137688373
6.387092902365122	0.18630335070620227
0.06639771029732222	0.25880607631821545
11.076180916518405	0.18716209301987163
0.07212025113359523	0.4161941509518203
0.04201075006806201	0.061642820772925676
0.11585358196409834	0.07171134805932174
0.029338778393508395	0.421436819041065
3.509395444933794	0.1515301488930522
1.8593439611103986	0.2588200230223723
0.0640521729191474	0.06171096337361966
0.4869614558508291	0.4464426503372476
3.0387145385959244	0.18027501558302522
8.612064955621396	0.21235545375043374
1.4831559126344707	0.3082891616116431
1.5986070706394675	0.24168022226424007
1.6230637453481094	0.25342749774950923
1.4609420669287663	0.3386275562692055
0.09305553329166161	0.18545328924919455
0.8179129186340219	0.25016181702956863
8.273030188477883	0.20345461011510918
0.0	0
4.112101118776628	0.2121858698485126
0.02048515461624367	0.27539007494262696
0.045578241145602584	0.24932184393073611
0.009797996922518426	0.260063627912543
18.6136263164993	0.21809280159284303
4.865234851728969	0.2253620399363858
5.603956738107371	0.20677142412020347
5.870666045852266	0.23286127359209277
7.74095567931008	0.2191773605913445
5.629946327265504	0.20731793744418003
5.685852721056304	0.25030813599935614
0.04157104344312595	0.11790280139973475
2.698876725285061	0.21499708307111065
6.567944849012114	0.2529796719664179
6.817395187422612	0.25712867949617135
2.020682040704064	0.3925463573418019
4.619261196797124	0.23390719068545454
10.518753278535717	0.21241676118593053
4.982200824756751	0.2278107042332636
0.8670309091551013	0.2546984351477968
8.754512378013969	0.22615537112701237
0.6706548461374132	0.41878736175898246
0.7941386947606024	0.3547557252869746
1.5420604859322946	0.41617356691053237
9.194062322872746	0.20533694002186206
3.7349783929793974	0.3046055418299969
2.8775506102228054	0.18250003096159684
1.355341786150829	0.21778467891903386
13.947996688121151	0.181243458259589
0.038855488059609186	0.325438127329638
0.4415690153079296	0.5081472359691607
1.770828147995837	0.1104254035908832
1.7249631111978394	0.2877145144428239
32.69160031169565	0.25554992912508206
1.8254305297636764	0.15630918854796505
0.04585077411597463	0.15552465494605577
0.9763347140589378	0.3350636358833296
1.8185475476971327	0.26393231873588635
0.3275716832641237	0.3680178938549221
0.03041482535063707	0.09612277888238625
0.22044469759447083	0.4133869493984011
0.10977584701742572	0.1277595142004859
2.114935984210536	0.22141558774485776
6.986103816241841	0.20982858371484855
0.0439574242236066	0.23260858087692338
0.5589022650146802	0.4542140178307102
8.697412929423814	0.23038277411733163
16.156895657099348	0.23872783936217823
0.020856124121348275	0.20533374242308924
1.9695722716927624	0.33054250586924505
0.10797923524950641	0.2872252030884782
0.12324405534345452	0.33540746435895524
0.06311665436794131	0.38229585358901214
0.7000034216413894	0.34160337249479966
3.8870733060063376	0.3652052654812523
1.8437987982880528	0.3127233488189348
2.724439134455103	0.2935841456622076
1.5304772058824163	0.3158424809515824
0.019514875182271223	0.3330533725505777
0.04782257884257088	0.21510922272649285
0.04756576365338206	0.14058163538744217
0.04973930329080795	0.13743246379493365
8.101589035040055	0.20656514207610097
0.0590150506352824	0.15162006699428163
0.6233527181418175	0.44108764418427904
0.04631002244120147	0.22813683228051357
6.585476584909277	0.26610208356818504
2.133270997599113	0.11391687370733077
0.3766281623202106	0.17131516904116417
0.017348377513176742	0.638197815856156
15.149178833131145	0.2643202059155947
18.346924097524788	0.21762125209484018
6.223634053223895	0.2335273441112889
0.022620805699222046	0.1729844191275977
13.354798006912077	0.26830956926254695
5.594680760356262	0.23115526408954604
0.06449794914006438	0.17224815486908113
6.738701164992215	0.22172510437274356
4.714008649840864	0.2263322584056829
0.04458738606584177	0.2288825978219393
1.8414195071848458	0.24203372621923414
3.7278058670447662	0.20995463528707445
1.2535939069453894	0.3417264395630095
5.391423706671438	0.20107031641903145
0.03849436936034868	0.16627115496320888
0.02300708378039967	0.2078718455433209
0.4658305669854062	0.49939422915906057
1.054558853762489	0.4991981388933126
7.14206888077824	0.2132986793935914
0.0483247732268342	0.2230643590680749
1.3956452222373943	0.1378046766348421
6.197581598977155	0.2073085925273107
0.04158819444899192	0.1137957504063409
2.777659100124005	0.25859222665281845
0.44634781666857526	0.5077576742710689
0.44634781666857526	0.5077576742710689
0.44340761367385495	0.5008385977178562
0.44634781666857526	0.5077576742710689
0.4467749729085056	0.5127945418357225
0.4595961140579551	0.5064278674673518
1.4005112625822418	0.2756736126564624
10.248602743540504	0.24473791009600251
8.10201164910194	0.20753767997917608
6.229933083680529	0.18759444076929407
3.779383586791676	0.11573297444533993
0.6877846863598241	0.4374808470864466
0.46266036389072396	0.5046466139232461
0.46266036389072396	0.5046466139232461
0.49734159977793063	0.5076225044867073
0.46266036389072396	0.5046466139232461
0.012631041874152113	0.4867671363574528
1.8175281582474963	0.22743890881939163
1.5342314013679963	0.10001562545598497
0.04690552832177794	0.22753568345056185
0.06845888341595084	0.18751330243057976
10.190086654239991	0.21958823149582196
5.832314626408441	0.24269760410817054
7.58220932574361	0.20028471910214615
0.029016625891241304	0.3208111286179524
11.695730647950967	0.21531032493127608
0.08917477213168354	0.2288825978219393
0.13955025187575446	0.2219558666417376
6.913306660455222	0.2281587184016054
6.654389377971714	0.21740053767272158
8.547429713933932	0.20452186518851817
0.02092916389536771	0.15517820690615075
0.031909733138464055	0.409278852684091
1.7210907775023307	0.12309268946689923
1.2387812912240268	0.23894475751862285
1.5033212726103986	0.2211025115463003
2.658207199225204	0.3393316156316916
3.1252754864156045	0.3587217632520506
2.1950010454068423	0.3283292028388401
13.307208172104389	0.23668447981531993
0.43969579609480924	0.5018309680000833
0.011041136097357336	0.7108595179583923
8.0993174531332	0.2446732198322067
43.46437471738487	0.22124549557318146
0.0	0
1.271577457753486	0.43675657789344213
1.0655224954473577	0.28777286139616054
0.5918695075713855	0.48916367098391933
1.687747089829991	0.2533554937121626
2.61725544151211	0.20079261901400391
1.0434758373416957	0.1754835549029983
14.180724071235447	0.18525171741230395
7.175882322096685	0.23639002906609197
2.331931596056231	0.1741346555627855
7.110835843817206	0.2194069141925734
1.550585684961739	0.43259163911337317
7.550237577633301	0.23158518888380458
2.4685402863022974	0.4876865112000829
7.7249004141976165	0.2374230944762489
1.2481293155840034	0.13867145968233366
0.07634373944809723	0.19224029838903456
0.0	0
0.9994942310718198	0.4867761824186922
1.977015353190156	0.2620606067938476
0.6445484546737654	0.24782966969702983
0.5433355035204228	0.36013797689248783
6.204708764322897	0.17758345727094624
7.838088543809361	0.20019877242020323
7.464182175422126	0.2131480646121389
0.015132195751735422	0.6508946228055544
0.336318133109976	0.09268187146997207
29.3348039937103	0.2152301385416688
0.04188881185014197	0.29893242737513886
0.018781793751263005	0.2508888727234355
0.6390777608837822	0.14149307484546564
6.108420377331464	0.22419901860883332
12.740914112873838	0.25122666578785857
10.16105035947637	0.22054917810790386
9.30873280315278	0.2261328304559048
7.458144959168545	0.2212584064694882
7.218456527754882	0.20834005212022066
6.236491573310047	0.21363674222606635
0.41468042444509967	0.21522576025011692
0.06680668257719923	0.2662538861860866
0.4466641141088775	0.5081062471308948
2.491538287009073	0.3724158297705522
0.03829208420725361	0.15324644458591272
0.44643701124561236	0.5077043748133652
0.01167863850424683	0.11512716722638336
0.013539013327149225	0.7255273076671842
0.15684566467489805	0.21641517060818666
0.019944596919090594	0.5128321823239395
0.0	0
5.2752946298908325	0.24254156775240548
3.8514344472873203	0.1783525596243534
4.000482225647475	0.16917147944890887
1.291127253731232	0.35379837862719193
6.321149615394319	0.19328498813793962
5.338398978240582	0.20068079995760993
2.1900887645801053	0.22297598635047788
0.5009747370174857	0.44591633871222824
0.041174309683490784	0.193591284730934
2.403949369269918	0.26003273060325655
0.5195296077211458	0.5057426149310497
0.06533690934001098	0.23104270497608118
9.581045678482079	0.2565369543955714
6.663662494226744	0.20878567996800035
0.08005577752365486	0.2605269341833543
8.12904226728504	0.2615541341706245
4.417449148371482	0.22964613139969345
2.107960761293841	0.20632777518723686
0.044114540484691656	0.4219305489122769
7.978963853226951	0.24916632677391037
0.04151224055512589	0.1856306321240771
1.0331185961936493	0.5066800927870094
4.958179331458346	0.31887562486596555
12.778077219420988	0.21539262060689038
0.45159848229832195	0.5021902388526548
7.147765070294198	0.20525309462861335
0.005056432557040563	0.3465304138484082
0.6589406074678763	0.3675858640384215
0.1931157187595194	0.10761931856982208
11.475119517665407	0.2219745307225254
0.052400037623579185	0.18671314714938325
0.13651726776452724	0.22819747470076512
14.645128979495937	0.25036623193914154
7.863410961163554	0.2149762381558519
5.391443718267245	0.19278082820843429
9.224878404379277	0.22793234675266824
7.687269574658116	0.24078091657106823
0.051699110855063686	0.14311368430883117
0.05254531464461748	0.14822543191029375
0.23723884071613768	0.07917020071950369
0.013071832111867316	0.3422272884961865
0.6950897125649937	0.14855697877662216
1.0057033190280695	0.31559317105678897
4.593526961728773	0.21740253841095353
6.221492568012037	0.21617962777359742
7.252958536223455	0.22621449314951814
1.7376512386852727	0.2912373918055095
1.4669940853067416	0.3058864368471341
5.25847003952804	0.19826501053575193
1.298274622375008	0.3243030968803461
5.271413719773676	0.20547722549726108
3.345688916315876	0.2380369019986431
6.788800040429697	0.21041117714916446
0.0	0
0.022185511968257337	0.21663864287869306
0.0004153497746499261	1.0
0.0004738715798463042	1.0
0.8976407571029164	0.12279078208116204
0.24510467746856357	0.010530997928271845
0.5699450687317655	0.24549326294640847
7.01939943779487	0.21767471022139742
25.879726911078155	0.23020534720953356
0.5843034926246784	0.4520675020872088
0.4995248422228047	0.4675234419399923
0.0574495702461001	0.25572375416763354
4.168815316296604	0.1850557310931758
5.041598467547993	0.2359455101733133
8.829979281488205	0.21084738489379487
0.029963154336082924	0.2183874311975755
9.96293089591681	0.2375567912728809
0.02289310029659283	0.2521075622746214
5.264537952419105	0.20893027745600637
0.006312338644411013	0.7036792508494691
0.06988596785024334	0.38959554427576115
2.9946069695439927	0.22832101104092384
3.420411174376454	0.24472015480943854
1.9266177017415962	0.27236986127018087
0.035702380351074654	0.08768470127075687
7.087675749607093	0.21216625540299297
0.04092813789474352	0.1628724421550836
0.05633680872907883	0.16603960730535913
0.02613639480942745	0.34798672641504597
2.5510543737429403	0.3355549398629091
0.05301884654154072	0.1797965041142218
5.889543392983758	0.21302680487597914
15.0309200912062	0.21674418983741076
0.026305721780062054	0.1779932165895251
7.653158890602247	0.23934219908807955
5.62142352693089	0.2294040869707012
1.9462024989702258	0.2975972954990628
8.62768106744705	0.21658959974081077
0.020027754677426603	0.16943757742735507
1.279563621758338	0.4048979827338721
0.03541740425933362	0.04139608845442497
0.5198243054960048	0.4959647062265337
0.09948355781584287	0.42797584306325936
0.3464846006348624	0.36735808177122353
0.3309763083474808	0.3867925667499956
0.43541229020229166	0.36289833635685004
0.05720012776779352	0.26123057466349886
0.019581410327832168	0.24560992483277205
1.9863179434537128	0.09103210497879038
1.2536173847695977	0.18726445993380644
7.559812584720937	0.22563585058513738
8.11432273154472	0.25995661920954805
8.646138234513524	0.23240904833071818
0.09101442828135863	0.04952725342822976
0.8942615954928056	0.2508365534189463
5.6895130974046175	0.24161147496397853
0.2768939274630505	0.27532144898554134
0.9453425171494396	0.5080084191278107
0.0410070357093209	0.20824558844249402
0.0007160347124018547	0.5756832597865497
0.026208959823253587	0.19226289158539336
0.08917477213168354	0.2288825978219393
3.0226284664683556	0.1918310019774904
3.0098183660760998	0.25800674578377963
2.537799283860387	0.3494678575210937
0.04065824988189275	0.191925110225606
0.5613223756446336	0.25502925644300306
2.301704445481783	0.21546012486969093
0.01860355060103576	0.184430636696226
0.07856779449845953	0.10627836504115547
0.7815884765645208	0.26497670366501025
0.572897036479129	0.46641656626880806
0.5615402425722809	0.42486603359103414
8.574523179287779	0.22783517565812417
10.409027436484596	0.21360953130745836
7.918552557594828	0.24658349940174829
15.321037807289153	0.23252177162408622
10.644233883765112	0.2270381021968744
13.142213962255479	0.22748671181225655
0.04214160745278053	0.0723027902838675
0.5276175444765986	0.5037272915135521
8.45632225234498	0.2104984247004483
13.627477124118872	0.23657358098770492
1.6164928833168735	0.3929894391649517
0.6210367788695905	0.2630249987682111
0.17438831102501529	0.28631696661950556
4.231967477366559	0.23380285028455158
0.4739231053565432	0.5037806147524224
0.056250313735348625	0.12993159912941107
1.6343253516032559	0.3274548198645097
4.43149667103464	0.15659445024804824
0.09148395748453968	0.2352575858543591
0.0	0
0.4650472273790744	0.4852158578930926
0.44714479722417094	0.4930398880416964
3.52537990022315	0.35425613792419514
0.8118038494385723	0.2784819869566342
1.272125173622057	0.4699314635184373
2.806636902781287	0.18474807370492868
0.4449493063231951	0.4969158338311554
0.44714479722417094	0.4930398880416964
3.6474435485249455	0.11447164455826718
0.034708808800956385	0.03835519270305714
0.24745999712948413	0.31227593744433574
7.079304069443414	0.21681114475918395
2.977388496037432	0.45321134204865104
0.06264315922039952	0.16006380625974065
0.518286096087139	0.5069216632099792
0.5521281363760049	0.47891173461788916
10.206902386026327	0.22977008216190045
2.2454748803226323	0.2285814309475764
2.739080411802374	0.1644803160682941
17.423531608329657	0.23004064443985398
8.269469552626354	0.25229298021076324
6.12745277159189	0.2708935537156542
0.9989201411150589	0.27842214361958056
0.01543542334838322	0.401163897789596
4.108330473612366	0.2241921884309534
1.858111799113796	0.15626463687998252
3.0207368866575157	0.19332475362347165
0.18183257545887305	0.16134195936104517
3.4452798069762047	0.24083808970788909
0.5579558895221859	0.4456560183792122
5.664768483983642	0.19094020016292734
5.512683291642351	0.21133735437562315
1.900286824524042	0.25794844182249027
2.1180664603345636	0.23975463733673827
7.70795731409181	0.2339863557784815
14.83001585323915	0.19502970067994077
11.527355576030434	0.21713069250065734
10.981356355505685	0.23486809533131503
7.488449650579992	0.24120718324681917
5.492520673012954	0.20620603276746663
8.839605697950935	0.20895907866301605
3.640829693476471	0.24952394711806172
7.244740980564364	0.25154191869394144
12.795981603199165	0.21880840542242394
1.516043847126532	0.1651493208075373
7.944099229151175	0.22396948956658616
6.3588220008050795	0.27105806861951093
0.9226526683851594	0.20610198337988125
1.0614230491071355	0.2965325168492846
0.9374246482615948	0.2620765718578743
0.5260299469539101	0.4418287116010902
0.3451991023894862	0.30543872132965455
1.934346836031784	0.2060240781972989
0.0	0
7.607435245252945	0.18589223698040355
0.5319864389325645	0.45664477114108426
9.611475717089766	0.2130996759975602
6.793112818767309	0.21465455663364866
0.009227835169571152	0.1550757680918248
0.687284567794983	0.31467716406846924
1.1377409805553682	0.26523199952467524
0.43913141688296814	0.2036902150355545
0.2220958168084971	0.26350294031218935
2.3992988508359345	0.21902417544976238
5.553558357656269	0.20252268318327274
2.589998018598034	0.2062863384178761
1.048952468579801	0.28872803554273696
4.369059599905316	0.19352717462105312
0.5188900711921394	0.4973253391340421
2.3762223564894076	0.20996374262075676
2.0999224550317086	0.23920800004066628
2.6045449456233762	0.1944654368427291
4.003647368321579	0.15819023401341684
0.1296490241395177	0.5450408826981565
0.016292282455712872	0.6546920681858993
0.005342527018788865	0.7932198914463665
0.4600284330802049	0.5062765183168882
2.380728583291687	0.22605669795370492
0.020877125861835873	0.08741435065843127
4.1608801205812345	0.3311751019304405
0.028060363839273978	0.18960439010670002
0.030405669803840442	0.19169991280208906
0.023052954877279496	0.19251082906159486
2.3196125072793117	0.1925956193216025
2.508352144645025	0.30598546598722876
2.1789353364258615	0.21906938504005227
4.994488897995787	0.22757951866061393
6.883752213310963	0.23312720171526227
0.0	0
0.043716552281158755	0.0156251688713337
0.07356106192164881	0.14666952281579893
0.008609460288975539	0.3403590232810869
5.601364994142701	0.2080247712130751
0.4461192616726054	0.46097333724740713
0.019174385763718205	0.22682565003362065
0.039393129647471575	0.36328161467375475
0.10526347029100849	0.0974502684576223
0.048351373772063014	0.08834584241496174
0.08631324644896185	0.25503865465910985
8.274160539958572	0.20331846121031122
13.220751347303434	0.25796712273123973
0.0014398960367794347	0.8929709087857782
0.022056320224280605	0.2755399446377563
0.10504888206306885	0.3751241190112671
0.1541450344800317	0.20033308226384458
0.02072233275271124	0.21492185049598328
5.516558826539891	0.2387924966037029
8.04449743688981	0.19323640786659788
0.01971002997192742	0.32476399725012073
1.1969196917588893	0.36168287793467224
3.21505304773021	0.24307310259235163
39.819096264478134	0.2298936850804629
38.21534526987829	0.24571172613167264
39.54507523030388	0.22500565141507203
1.0126711483587387	0.4737717548185949
0.2621483971470384	0.1433154910337789
34.9373913700032	0.24621444115391802
50.0	0.23942525060317493
0.02388636601517803	0.2297078292529044
7.934104648867626	0.29877712734121337
2.2857255246407266	0.13359851534020506
1.6795357637535602	0.2676615101966939
2.356188987439352	0.10868416455736278
3.753473200563703	0.1721697261063579
0.3527812582086123	0.24653715424691366
9.984764550186377	0.240901770450314
2.650838182899712	0.26827191578535875
6.026507758757609	0.24077269702221082
14.903402445995999	0.23864307649686262
0.02440237740053735	0.32301889856640503
3.2699344364782563	0.17541993268030007
5.843836272775448	0.21970821659588965
1.4174517603223304	0.5005349162878204
0.592103001921922	0.4960891609189355
0.4973551416534022	0.4734983489201156
22.60261978487291	0.2282965481517843
3.0330811859188453	0.1846967697348067
6.733249667385938	0.2252051468651092
1.0605986855270528	0.19922152959700745
1.3491026714890657	0.3417841639424393
0.16112541574806358	0.23220653395122856
4.376982920286152	0.22597695993548078
0.0	0
0.02075621116218995	0.3809009284662873
2.3237993951884968	0.2187536895275482
1.063185592568739	0.27994627966918445
0.5770313605829805	0.2917983559820949
0.04305321782536216	0.23990156236138788
0.1111719002255386	0.38577929325066046
0.0	0
0.486040123389523	0.49617440783379296
0.4430306910522878	0.5019415860796287
2.1066332110275496	0.3195788701537793
8.53648761581574	0.2221010333711988
1.1189343553526243	0.4846196289283117
11.129014100392183	0.20371876927318988
6.503876607199325	0.24763222854504885
15.441121379945447	0.212586137802216
0.020164313928172195	0.260067030890073
0.04936218311287618	0.2205129970081506
0.03503238636730803	0.3728118152019535
10.051591981658675	0.23710666794926852
0.026189454298044538	0.28868021376967
0.7153917160916353	0.23987712080180662
0.12479974179814034	0.2800831524096914
6.447339650926095	0.2116754040919064
5.911559606655435	0.19597802017163116
0.029002590294478468	0.11194510426103345
1.1229959544461598	0.31073248455875013
1.9571951865227422	0.1111445831167758
0.48490579360195046	0.45642902588304896
0.12240901245049159	0.1469608565963029
3.884165525413909	0.23744821265441524
5.300427868617646	0.2503850968083368
8.10762356570399	0.21048456131134793
0.07412508450580055	0.25143329729923647
0.08150180926409316	0.24422778631683278
0.05519603755179794	0.15404464983406094
3.470471682143123	0.2493767272634849
0.1313114864355759	0.2505304520221177
0.07296383985677289	0.014303818357325467
5.414997353321204	0.30332704916044445
1.8627742306814423	0.29210722086112423
0.8878400370991612	0.12697932024736025
0.05327810201993375	0.24320764063165054
2.7985617161198344	0.2673223152899407
2.8586731414845925	0.256017961754384
0.04490762363403217	0.312330543147211
1.5134373436735484	0.24540876046912424
0.715297354871395	0.2961599156939319
0.027218158195993457	0.23068891487012225
2.04277347019525	0.16882017375391178
1.9781163521470093	0.17424438198967393
0.13244226028075107	0.1220859310136918
1.666543612139694	0.1132078496428929
1.3801807728631712	0.159716939370226
2.6575721543401665	0.3200891825350019
3.556952125668298	0.2007818576224971
1.5251984243865633	0.17650884927804272
10.26062443995167	0.2192133294133721
0.19539216571847076	0.28605360844275224
24.806691797308623	0.22732830841630028
4.599270183250945	0.18536154936794244
3.1574844186997812	0.2867323420142993
9.351542679924455	0.2671857775499759
7.718938213612421	0.24654015759220432
7.739801050349062	0.22244486247573322
0.02245373915178819	0.19473489329223403
7.784269322510682	0.22552432033060704
0.3956369759712913	0.32141328765944177
1.9284237076676136	0.08965561001246512
0.6453526182636605	0.40423744212972673
0.06317684869096911	0.2267012980045712
2.6254658365115984	0.3102195413116487
0.3148250852466755	0.19281289861766251
1.0703242815631804	0.24842376753905276
0.06222416257233203	0.18258002065390888
0.08354366161879695	0.20352974628006765
7.361787092224213	0.23516667500447536
0.030851467385176898	0.0754748093571866
0.03155312982434355	0.19169991280208906
6.064118795100163	0.20801592526356566
0.8622339890373679	0.21918891118338277
5.650982902695832	0.2135304400644947
0.088379496329785	0.2478513217703298
0.0390149487718258	0.4836224537099338
0.4963608242223223	0.49148265690768494
0.6408153754373213	0.5053404049847721
1.1378988029427326	0.28573092415671086
0.7517063192036482	0.41466698182845657
3.943715144136587	0.2477879225549502
0.46293984301213364	0.5123179084600635
0.06735699670359707	0.10681217299357051
7.708561120598946	0.22818097558408124
8.30664009400723	0.1913355208796252
6.829637819473045	0.1974990224498698
0.3947592635102862	0.16169740894356757
0.023938573413018086	0.6404155832984353
0.3893434279817329	0.31050147012860674
0.01946325239050466	0.14798831919800723
12.39646558396665	0.23292785937301716
0.0	0
0.5712358020884377	0.3357779492844807
0.9397967946575423	0.17099600584945066
0.8221566105901064	0.40984677983749596
2.932600999884728	0.24318100424733213
0.01813357878598478	0.15460154488748162
0.026837307616900702	0.3807909140826204
0.5355164913807131	0.4684739046896139
6.629576350302258	0.18355720477283755
0.04125682951490521	0.25505417803534647
3.2899879008819948	0.20885446613052844
16.725336379478506	0.2199785390605318
1.9742740999727293	0.19538784296273679
0.04429730559490813	0.2623577957400931
0.4220226367930258	0.3160927021269302
0.04980746012337487	0.41349871556571494
24.57649559090007	0.23674444917532028
1.804012576601155	0.1389418666794616
6.642129242453594	0.21876137274553553
0.5597027129059076	0.45166429675883274
1.2428982922440717	0.2509421610691381
2.962906468638188	0.2701916421647697
2.4491307326318195	0.2135045328571803
0.026007082958108906	0.24152631430492266
0.05090762607476881	0.3666802798739899
0.3098453957070099	0.38881361638759865
0.7910270788867245	0.2651278355245405
1.1522983683230597	0.17140144812048985
1.3012944789446097	0.3676632284491121
1.1978128582263166	0.278617373296431
0.03199216693900572	0.0920548974951639
1.4228353068135573	0.23181618957856767
0.0	0
0.04114656854122515	0.3084219466442121
0.06665990442268363	0.21815809426582966
17.043206826744733	0.21733773787183147
6.675330130363108	0.2289412834552164
12.391280257805585	0.21633495976541042
6.918874768679651	0.21460471125903807
0.041201866003042834	0.19138027273977273
0.045986028245416956	0.2535791267832499
1.7974962639269103	0.2132827048750461
9.777341582888747	0.2341438367161493
6.3421648177333365	0.25575295242469326
0.15917791433809544	0.7280789781121294
0.2037512990975817	0.23777265341410012
2.8597180984034245	0.23324974719978522
2.7387652356325125	0.28545689661613416
1.9659767637093384	0.1671898082151497
0.17458829359819933	0.23529216245821244
0.03730524090631532	0.10773508917802219
8.13858899297636	0.23629196586724222
3.043673735828613	0.09609679451075531
7.319558146649685	0.23966943909259675
5.698483061067171	0.3560862578900609
0.5000570828575196	0.4908829748912797
0.5510433137858832	0.5186504037713661
8.53001358379167	0.21966965916455616
0.9738254975629689	0.508962278644964
0.53445848343904	0.46241239764075687
5.803682277651617	0.19872344390733065
6.341758599401475	0.2163872265420051
6.487574134976271	0.19561576404700334
0.7470441525416984	0.4210416569000934
2.717984580330624	0.22564108834168725
16.284939287825317	0.22843537993200522
7.979348521090414	0.25609471848113174
0.0	0
2.4270012376096597	0.1784694889302713
3.708992239185436	0.24381892300034144
2.4768648888060465	0.21041361112664217
3.975790394225987	0.12222686704407278
1.9176677091112548	0.23706891246491463
0.33559198691513414	0.3128542632308619
1.463453863479156	0.49840547089339166
6.566477630346214	0.1321836730504018
4.348310892278004	0.2503986901677859
7.970153234293185	0.17898552876783558
2.2778448859726383	0.42785669217874533
3.638036530976378	0.22128166812619693
4.97106630194878	0.16232274848376577
3.866144235054983	0.1906532374762575
0.681341980637907	0.36289981196086657
2.5389484897473107	0.2520308044067046
3.2405108721813116	0.33181249670095325
0.06083867409276365	0.1757286317652077
2.060905502828091	0.24445474733869443
0.5064685045976353	0.4551799082785521
0.4943039678618497	0.4952463181094336
0.07043222824669697	0.09953595468121536
0.45188295927519884	0.4907495638405256
6.5639616454546	0.24528457709717968
0.06589056057821409	0.17436541122099364
4.234087496328515	0.33469039767438635
2.7005595244376797	0.3003887305039508
7.243364785570848	0.241618429283704
8.384429653237433	0.2280419147425692
0.4257519594899206	0.2487457629444804
0.6406353541133998	0.45949195439539026
1.2373692921994264	0.12894863371665194
11.926915170157388	0.2287122606893759
2.964860784040433	0.1937871951136929
6.1390417131744615	0.21430343995155005
0.011352047466884112	0.5508459855737062
0.4665505322969757	0.50610380019728
0.10719463152712286	0.5934355675914387
0.06359144360715129	0.12116105202683927
1.7032479587816451	0.23619795067666785
0.06428560970968511	0.22542503614502554
2.688006696319517	0.13252753469074577
0.36709352158706493	0.5090422083835382
2.2548887613452253	0.1879365391282057
1.2290328405882327	0.3300239156657381
2.16976937664386	0.18297989101194456
0.46319224989995084	0.5077576742710689
1.1833479139752061	0.32823903534146703
2.6445447947227465	0.20335449668444366
0.46704973075639583	0.20961343433545665
0.136673591175484	0.22981490618422634
0.18182606660721595	0.33825962095254913
0.03888067024480884	0.24056801494353955
9.712297105653725	0.21165290874416287
3.2156363491936717	0.2826003685338013
5.5698628429998465	0.35243453041617867
8.496665617869862	0.2180246323519565
1.0772880090309018	0.36333599209342476
0.40853588982136313	0.7353592706696878
0.021404896260169576	0.16620894151123963
0.02176210755972632	0.23340523764255025
0.0	0
0.01891315963016344	0.4341050540915255
0.0332689858594609	0.14557089568992876
2.007652401677587	0.24113877941290365
0.0689017387870855	0.2804557582106995
0.04536464350309186	0.30239317131392973
0.04238953799161223	0.19274091906461327
0.0015661673995273184	0.5467187710896539
2.1766961832065532	0.28340785141507296
0.22791162615647312	0.0797664615403344
0.09044449321207362	0.1262661765160295
0.02890482561987089	0.5125226112752004
2.235871750718179	0.21458911651674184
0.014901027259596432	0.9399024077367204
0.00871552630860271	0.897250512609053
0.9584813443713084	0.4681400965233488
0.727624371283451	0.5322863070819909
0.8057180613525547	0.12146118160639509
0.800404478214318	0.12180512365400338
0.5144361134033353	0.4701639334911995
0.5144361134033353	0.4701639334911995
0.021413375891636263	0.15921132367212712
0.07251909159961371	0.30099858518166445
0.19533430797152113	0.4723492732435676
0.03765567942975924	0.2485004714426537
1.6174031496650616	0.20663432414313587
0.040062492967427796	0.1244227973308742
0.050577364689411514	0.31192257217368924
0.020427078397508867	0.07500052969158234
2.407328877384958	0.13489432137991555
0.04353568482739962	0.18490951325211247
0.01681101191200629	0.24441848119743403
0.19196372819904983	0.24985812067283328
0.044658927292031435	0.18226514454910933
0.6460537076404236	0.4910416278720619
0.06010023703907276	0.3614663376319746
0.04183494721964766	0.2304813893864132
0.4693633817555201	0.5005948420794598
0.8047781477590394	0.3635921942671071
13.39969216194557	0.2554892076788765
0.4730631468511721	0.5309307798924771
0.010604687576001161	0.1917502085633182
1.4513125599615166	0.2377237825335854
16.64016975565909	0.21320569354631583
20.5420762242139	0.20286823888824743
0.021609673121655616	0.24886207888798004
6.454834786503946	0.1941431382665013
6.084602765508157	0.1834518313695171
17.71017455291446	0.22215907809332486
0.11806996128558131	0.21746567618580956
1.0610194358461122	0.2807737294961136
0.8309316653975642	0.30374572178957837
0.007261986386694733	0.2520486452432333
0.2013070183189743	0.2775231714199159
0.2002635783817677	0.18750524313693054
0.039168193339847036	0.12582254477914945
0.20635973761628318	0.3991402142451602
0.008587736087417771	0.5963890038732736
0.34916015772735676	0.23726210287932062
0.08547032312418201	0.43427067964718996
0.5852761782137511	0.4714478432726109
0.0	0
7.119871718245233	0.19277767729828887
0.612558224786843	0.1842677772122242
1.1757383070469212	0.2752275696436843
6.751006209324575	0.21927493209876125
0.017555295138978563	0.4892322959105707
0.7314604927798108	0.4569323359619307
0.031718963461049125	0.3948350307145454
0.5619005607966916	0.5207070050044381
8.671479763167753	0.22101530253639898
0.06539340082602275	0.21749376196820744
8.033796759617372	0.22662343541585173
10.85595502627358	0.21543921900702176
2.1101069295737918	0.18501087902803096
7.754489724008221	0.24192078076396967
0.11222313126659979	0.27801823998027486
9.261411996957802	0.22207248441086092
8.431602482527893	0.24521649182158547
9.330791999472556	0.208883397664918
9.173748397046795	0.23188210389027533
5.189921549977246	0.23859067542061216
0.03854709101335822	0.20974672160876584
0.05331309145240783	0.3793033970396557
0.05485160084482776	0.37983816665549197
0.03579722809081602	0.0459327215080709
4.730445867803965	0.19825797010114748
7.19141060783105	0.17230724452781285
0.17936507908365146	0.2220627654344719
0.3261360868351677	0.10301829176869777
1.7892299633077924	0.31940784061798894
0.5509801911954796	0.09017260225286021
5.0445098507558095	0.2242685644825926
5.377373552608512	0.228117198933508
6.4611190694637735	0.22473921322669427
1.8886378329366211	0.20184269394927373
5.927894275898832	0.2219743981285217
6.660678835331114	0.20935248040807178
1.9160302580539277	0.1706932335391907
1.854187367567331	0.2691183732039947
0.02269235311269294	0.1574352732827666
10.246719964662459	0.2609549078132875
6.311542005607269	0.24146733034610332
0.4850948161058863	0.5004301121175933
0.4686675304468661	0.4989697467254
0.08005914640223949	0.3903720586126678
0.671761662750651	0.2275775033409715
0.5918355353350593	0.23769401887942515
8.28319558420606	0.2768188055128504
1.491815445303511	0.11799812770288098
0.514950278785244	0.3376797139450551
6.601554319750634	0.21420642769319434
0.017119646992672988	0.027053501385408654
1.5380263265409315	0.010775522839706902
0.017475739973462506	0.17874939019097408
4.268392188099102	0.15041809659800098
1.5397420908774568	0.2970250625473983
0.014503754416612582	0.16859347252496348
0.048656437010253566	0.5871867605969326
6.810095397321129	0.2226210118403898
1.5379699922409047	0.3055202392028093
3.18719694790517	0.22251037327124096
5.896495488278423	0.2227741837916806
0.03235380822135844	0.2816137037958804
10.332055356721614	0.21253600989370072
0.033054796577482226	0.4489915873238877
2.1627445261957514	0.21462252574149585
7.27906345625979	0.24375512327437746
1.0236491036908728	0.4140010020981876
1.6080209648410868	0.14403950985561917
0.463520483885959	0.5081062471308948
0.463520483885959	0.5081062471308948
0.9267127337859099	0.5079320224317938
0.463520483885959	0.5081062471308948
13.473844309644727	0.2063632846321977
8.321749118011041	0.25463925964759865
7.256904567562902	0.17718963888856956
0.0019439433765055278	1.0
6.768036176561472	0.28420731182583875
22.761866585529425	0.22253468655430578
5.099640794146253	0.24298164155964114
1.910230639443257	0.4323641730944561
7.0101045939905955	0.2920343948453731
6.93519563778702	0.23752575609408008
0.9917481532865816	0.49817071433469295
0.6431593982650539	0.41991295252705774
0.05725223425884981	0.16669821364792922
0.04346176248502107	0.2124806467146601
0.02203845675633721	0.15885228206110694
0.04152028765090123	0.19525202581849088
0.15780952326459247	0.1940387524086855
2.4122328088048515	0.2041248054041877
14.317884985301143	0.22553227960726596
0.3703443526686967	0.2123805611947146
0.0	0
0.29319687077605516	0.5488754312899983
1.4067685781423709	0.29084604749261783
2.0992695432137154	0.2707939811015431
5.845229596679481	0.22595486267290477
2.878592676739928	0.2673691658514264
1.2209951282233906	0.18449567626051644
3.3568137049335727	0.29396468707971535
0.125194521369835	0.3457838654576642
0.04662296122012662	0.1651766056241704
0.09585677897531941	0.32291558249598085
0.0015787533700754204	0.29546169748963785
1.916942430122885	0.20344377340924671
0.12528563488123354	0.35190863267958294
3.7644200830412906	0.2154539119901478
0.17576194179419016	0.17416488198639815
0.004370685649187541	0.1929269175139644
0.03840990795618332	0.2756805129699464
0.03929928698225609	0.14685709539188796
5.234731333685528	0.2183275342497455
0.01927354550667911	0.20974672160876584
0.0006603733230679327	0.7927981783050668
0.0390149487718258	0.4836224537099338
0.08112038252025333	0.3358226820065653
3.567456930265358	0.13779438541909195
0.035145362233022136	0.04983863405010722
7.14512442626099	0.22145826102699584
3.847600356247343	0.22490478121807866
2.3429674333291093	0.21639544806633007
6.038960552418715	0.24065645682548686
4.7255755486794415	0.22814166950694917
0.023996479599543284	0.3522975846116195
4.563845304484309	0.15820720374620864
0.043188686814864534	0.1907282278493971
0.00620526064536928	0.5258548907413504
3.570373756341078	0.3154093413813465
0.08249427862657889	0.2521319477124994
1.3214784526189916	0.24055624720308127
15.097860359052861	0.18729948850065872
0.07852339621022157	0.09296126200180373
0.2872618801536603	0.16330767417757797
0.0014681398931478615	1.0
0.02246007903434798	0.2920110072292739
25.369808565817408	0.23921081225300692
0.00933163795098471	1.0
0.4703809107209403	0.5192982499484808
0.6681083403354242	0.14344267198945795
9.740628093096594	0.20340240948926372
10.200188908646396	0.18119991196511323
10.105517726869722	0.19987029614101703
3.566819448959804	0.15959480010785917
0.4834837644306464	0.3214070313771876
0.5037472396964863	0.350580663004045
0.0121073345291985	0.42485875099084597
0.0	0
50.0	0.21059419811526503
19.272469629555538	0.23575674287999612
19.531267579964037	0.23711572928472205
1.0554263473692984	0.4133682523239306
2.591273339180221	0.24043802100096778
2.436332521525243	0.23849618241246584
42.55998808501572	0.23230956838767494
37.11327637888247	0.2247390427012271
0.13051399212363943	0.3814999514655011
0.0722855396980419	0.4082035299666659
0.025110175530754945	0.29003898850122817
0.09439417004309571	0.2575655366012548
4.786374661344289	0.21174152044782005
0.030784413514803374	0.24193783220073017
0.5135169507035672	0.4801099771365368
0.47170878843322644	0.5219502380833347
0.9743552042875028	0.5060932624954704
7.226416695227995	0.1607014604076543
0.05058412144377919	0.07045496148531272
7.920450609684356	0.20177219479330336
4.438890084664114	0.23722975500040985
5.230046434897837	0.2277388421853042
6.463461642124857	0.22192189462685596
0.02222080422270571	0.25964369586337704
6.915634681098214	0.2195671499017789
2.8407689241618272	0.20590278025814668
4.544516616319996	0.24387165911795966
1.4174240785268648	0.334704534794035
0.5314856992722283	0.4553897384133356
6.433039860669861	0.17792165456275627
1.1143880421126713	0.3613910030044872
0.08632074283960614	0.2030762052728947
1.5267995844188353	0.32424761231267246
0.28400204957213404	0.337407840540629
0.6928680608436122	0.40081078813707816
0.04700456657919796	0.14619080482717617
0.5914351406090994	0.44573717773205007
0.09188791282766001	0.21067170181556902
0.032655237121393246	0.11569749411041483
0.04478216450596451	0.31069691389075704
0.5398370411216104	0.3690721990876022
1.2126254438873865	0.22926992960885953
8.66418306015078	0.21861730905435886
7.534156011951426	0.19861075549532883
11.070888517885205	0.1746024158902737
6.650049313062836	0.23771058069063536
9.215474925402702	0.22510647465578448
1.076096910172316	0.31548907358656036
9.764362641524345	0.19827490001011486
12.12974438930062	0.2306356125038562
15.587470203551133	0.24026301917028808
0.07780273487386402	0.15658676003071745
0.07236767402741984	0.31399963763004113
1.1881951441718193	0.32643462113959804
10.301644951004905	0.22302229617733352
2.0601671723565076	0.08192300191336847
0.043242194330891943	0.20185828097752062
0.09061547129630398	0.3412313983883051
0.04480446386633677	0.16035128679244198
0.10663689466466779	0.2960990279024505
0.10490353645721906	0.2555123426856549
0.1142638662734093	0.06322576111549369
0.03363789030402391	0.1924447779787139
7.848592128791199	0.20098436424528093
7.3929200844853975	0.1713850555122588
0.0002322444534723946	1.0
0.26697172999517854	0.23413257735624113
0.08283385331312476	0.2754391236488785
0.03514687049063333	0.26397012844659445
0.014621071959649535	0.42127639112510146
2.540591190911426	0.13371393653246888
0.0	0
7.60605716471444	0.23410047146781288
8.214011319196205	0.2279746917117728
9.362676782222914	0.23188922773013446
0.06495650455797627	0.16956490416679573
13.473563118881408	0.2113784184708713
0.06934650866192321	0.27919925191442296
0.06495650455797627	0.16956490416679573
4.02521775241454	0.22054344833599768
0.04591954021623554	0.15768513383905908
0.6511387152224739	0.4227827096868848
0.02256456215338551	0.1647990125010865
0.06756360235671671	0.19141461507925192
0.0012795213250084258	1.0
0.20492506303829838	0.15945416171087406
13.169650278783728	0.21097158106801658
0.8695863810978298	0.40806912042772414
0.05021845956758411	0.23468823616767265
0.052710876445253414	0.3831763384565013
29.77617634484755	0.21592511250486873
0.4657598783729419	0.5008385977178562
8.936511130291068	0.25325362940460594
5.86530798201735	0.2663470367101497
1.3840481696703844	0.29127673638208534
5.975901650905216	0.18947630746584782
3.6111986774209757	0.3020006952765792
10.418974547688267	0.2306413459897833
6.360495475677941	0.2534556011636005
7.263929682685079	0.24626926054216403
0.0013797213272479995	0.275333146038289
3.8265797578238545	0.17049967832833338
0.5784420844282808	0.1819661932364437
0.45743399291222075	0.24311659638301653
1.5086981310565362	0.30137212547017217
0.39000897640999965	0.36601995853510216
0.4104185520748403	0.33187138353564893
0.09022717828610734	0.3355368641471051
0.5414899748484934	0.466741332239939
2.9346671270573537	0.11948552318580491
0.4548703378163872	0.4540894068110515
0.04194335433798097	0.42632063467185427
7.4971046757798385	0.2754055746696866
0.04094667407431408	0.2302038329618865
0.5776673346240399	0.29275414484859763
0.022058567898748528	0.1782177942846162
0.02171519285645141	0.17656862724525152
0.019625497726867898	0.3605049529664198
0.34131973278497457	0.15835782683600477
2.0060099029935836	0.2837096611680286
3.0075718333390467	0.1715829361908609
0.022848306703074084	0.5664589816887716
0.5653649837148009	0.4796795455516037
0.5685276322117373	0.48257402351529505
7.143015569934357	0.22146284765538413
9.373312334978227	0.2344793097534022
4.36588576779418	0.2894987938876386
24.67680314004921	0.21549976260775747
10.238893164533694	0.20993903997410163
0.009380453909440825	0.6751630177284863
9.708153196004412	0.21255924824408204
0.08667410951476673	0.22133386196915958
0.20985744313407856	0.1571876892513008
0.23739867840480397	0.2055249162502608
6.977598526087011	0.21932583606798448
0.0	0
10.441068707808055	0.24166377261008296
3.083417443273548	0.20750105599590563
0.5758764993086406	0.2131888328588198
8.1437391754053	0.21703970495490021
5.294045754075413	0.3801176956632233
0.04677673630174058	0.2729614371595019
0.039218773338177436	0.5075144892638401
2.404390710483726	0.1935376779434998
2.401421918499065	0.18169738482140654
0.0013270172656420583	0.45550689866671884
0.0905212650102722	0.1752875833606768
0.02242779888524444	0.1808195446382065
3.7475515016373095	0.25224752198620676
22.324260484472692	0.2174878290917771
2.877297263468094	0.267110804938835
18.937457985540448	0.26893862491673903
23.29494360001527	0.22386420676483815
15.041087693124387	0.2055757132826105
7.46284091989515	0.2339954027381625
0.5239232177761101	0.22968709008280325
0.02369745482563954	0.12284340278914903
9.381825810906001	0.2023047314222372
3.708768724862694	0.27584085468601716
15.459221592068657	0.19415541232025182
0.42348020688992527	0.23640194867253977
0.12272455152984632	0.14611704467492773
3.963613369013237	0.21257000938102438
0.2187278985944214	0.44515137887725104
3.486388957536048	0.2115567357367773
4.449398113646627	0.22573162003720754
1.1980933752745289	0.1769900670427725
4.52122600005385	0.22065941371588407
0.9907234330206622	0.2546372697317742
5.124758197482963	0.24619212438426527
1.364107313491084	0.26304892300639254
0.8085401314278541	0.3156355430255396
1.666053606758405	0.12054827203757058
0.03267774931101891	0.11630670331602933
0.3156647055305008	0.36282378609288096
0.3610798811035519	0.3344105735717336
0.5129111017486927	0.31200337008806583
11.857666612406025	0.22337762602678476
0.9402020771950038	0.4939514418422854
0.16096177652982574	0.3089728829489453
2.534970602244131	0.14295255158298378
0.17514263390383436	0.4265003282786855
0.8513091826871422	0.2558972100907631
1.0697166973231997	0.23504778858473244
0.5307607447942024	0.2202979506683691
6.529771095000489	0.2111470312451433
1.4909151147380606	0.3192261958281943
2.711694646104185	0.6164965306719671
0.05331604723333296	0.22995308176665688
1.3142984979329388	0.42419810243714834
0.19994146141433777	0.31037830124364313
4.5359603226309035	0.22274651481069757
0.06756360235671671	0.19141461507925192
0.021061787478847075	0.2414394526822371
0.04314577731259469	0.20873301164333233
1.63445848534555	0.23390400962266844
8.388214226238444	0.21876320432621188
0.24196001007826112	0.4337622826745925
0.07425379440848914	0.21338234057973662
1.602990457766198	0.181055938663849
0.03391006160240942	0.16382014572702103
8.317304090584926	0.24049219328396584
8.252348732670612	0.24178678663134742
0.03305946539227535	0.07103151640964032
19.588199654391314	0.22371357196793873
1.4591891089302942	0.31354092889830915
2.944650356357705	0.18883437964488567
1.9107143210050916	0.23369957695676322
2.6164206069206988	0.2232134736005517
0.1801793955096176	0.32642346964083063
0.5412906025657533	0.47825860837920414
1.2182409131444163	0.36122250937968176
7.653752532546842	0.22651371851286653
1.1216507238365483	0.44448429881006973
4.373771132049709	0.22339487744551176
0.006596994637484543	0.04944507067633046
13.396821713684652	0.24777745691643493
0.8196293760114873	0.26461182848541887
0.03525386859200952	0.06892114081316829
0.43704633581827673	0.2869717185263442
0.06401779177188857	0.3202663884619737
0.04867448835888862	0.2538569261242181
0.090797029414202	0.4090784656414105
0.07159153767986981	0.3294636654701598
0.0325499166345268	0.07795939092207203
0.04906670205909909	0.23660809641229152
0.6156175047147877	0.25816317107160147
6.519614069600967	0.2752517299484979
0.04802818885569762	0.2267675740290816
2.938021370267163	0.1950919069721694
0.49319813117853645	0.498320313292533
0.742679250935577	0.34194835741746243
3.1762167797050402	0.23366462740200628
1.8275337008848163	0.01988459607298583
0.5701973912110078	0.0678257096344749
0.5733073710992135	0.09241306896408634
0.6111699911110693	0.09020815844044854
0.0378216436100378	0.0915382194670388
0.015372055540007921	0.2764000609000262
1.781543729979453	0.230922289939673
4.01365078039312	0.2220806485005287
0.561388423299816	0.5213254525794164
0.029218018795631517	0.14486745801969647
5.712898782930491	0.19006733545220217
0.024869106903149165	0.40072138778078337
0.15418297962853453	0.25590501493529255
5.875562017980943	0.20738744393520553
4.964209671689462	0.2177177656271505
5.5651059347216005	0.22479838318120457
4.805102430816934	0.21111836743353266
0.13527662938816096	0.21922553554682195
2.2419250919778437	0.23600685120504647
4.349746901967487	0.19277386840304372
8.472259583224941	0.22595475223702646
0.6264178175634249	0.4349935526326214
0.07717208476797092	0.3409374136095875
5.66225620673626	0.22252161494224088
0.004586370731803995	0.3954568307330752
0.04372417718479276	0.23470731910915912
0.0	0
0.6165001843133667	0.44171141182153967
0.0	0
0.06654820749359235	0.29042151525055604
0.10363735885093162	0.14902855105452734
0.047289209408152406	0.1762619807011857
6.017626295508079	0.25724193711931576
0.10715329159274098	0.23294481840287667
7.942744487434686	0.2040752785837621
0.05400820366896111	0.32918036785180244
0.02922964943456688	0.3708484502646823
1.4423831997575887	0.3225965321787589
2.212530010727512	0.24241739125085277
0.0012211886950297681	1.0
0.020430155640522064	0.15904294505745936
0.03189002614715696	0.13647286268118142
2.4441202552635852	0.20402044848111506
0.08185699249286607	0.08560303812338114
0.9762755832955411	0.3904359227741051
19.41691535699108	0.21444343051885445
0.06633023112109278	0.17724277131808006
0.05349458710262773	0.05988145679435658
17.5417642099861	0.23515442311254528
0.15705606930966792	0.34880321489506066
0.029525718414497155	0.16560226237979128
3.2657497973108836	0.36147167544573255
4.086512211929719	0.22237740642540385
2.3823322344097924	0.2278255763364682
0.0	0
1.8011477422084514	0.36184007460353224
0.036301446977798205	0.5986476809596534
0.16068072054609156	0.3869756887465552
0.020678225811249156	0.14842613900577653
0.18623971470948894	0.09045125480403472
1.8302380576701471	0.2745973448806513
0.023426611640558048	0.2629010243129288
4.738156768027758	0.21805369633472665
1.3059545593294544	0.3406661428697265
4.739939425181296	0.21991430872014822
5.329893826410952	0.23265764914527493
0.0	0
8.042949212999885	0.23373632611735304
0.04500309130797687	0.21888508910196974
1.555767505992866	0.23730301135794518
10.80878867971027	0.20832594337643748
0.1780643838193338	0.26951852811694027
0.21501842867328352	0.172608618560014
0.09446623345326816	0.06613132579014631
4.916096737150949	0.1949811495799726
0.28737290190016773	0.2301121451474629
0.045667631763334125	0.16223096946215299
5.760677136352607	0.21498762456503726
3.186812683023685	0.2877638705571976
3.93006909020772	0.209171268624517
2.7196230417786373	0.08580832224676183
9.350407873896089	0.06087076222872598
10.673897791391868	0.07610417807523522
7.4789228428297525	0.21571753401264493
0.021960313640860905	0.26974502293161917
7.812806428667182	0.1989639760492389
0.045607445200184185	0.1535643066089846
1.5163250306536442	0.23831668099153688
0.020433088335912886	0.38041547353855903
2.4031982050459373	0.20357715439162063
0.02256456215338551	0.1647990125010865
0.1244726243504565	0.352118239958703
6.34183316638537	0.3147056675800839
1.6351266219628349	0.3175352473361501
0.06085198835313148	0.2392156800945411
0.47612473924548465	0.5192982499484808
1.529764629987451	0.45561160051088306
0.6143858904113871	0.4565814552366473
0.47612473924548465	0.5192982499484808
1.1350456347599245	0.42951451347391867
0.505620419151977	0.4974977699737242
1.891578010147942	0.49066607685799213
0.48189615584857487	0.49522495085165275
2.1732365448058353	0.37627807912437067
0.6950043848891201	0.2775554206656115
2.433021741018627	0.22869894452427372
0.06659968672068338	0.22015982260451264
0.6266757552046317	0.44598423715686464
2.2111777289256547	0.12002286927741282
0.027504717909015947	0.27879669652463784
1.5809003303144094	0.23018759108100742
0.0007194583808847702	0.16476291436513896
0.022971608359892905	0.15515695895532686
8.602639822204463	0.2249932896962512
1.245708163249795	0.24913466690456912
0.0636849717354483	0.17240228852966197
2.248199597251866	0.2153185036841086
3.3261272341306967	0.22893090120287485
7.666378809361035	0.22273928154670763
0.9294479572254724	0.41449219230569473
10.102165309540341	0.20910186611719328
9.8026295304508	0.1932600283457812
14.783578770505963	0.1862671096678633
10.248334597916331	0.21540293892388232
16.391851056400114	0.19049631818894497
0.024819312582025688	0.26434096539479424
26.90939573318561	0.23136008211788459
0.5171006432755169	0.481888512695627
0.04459713430603279	0.13725530576190198
0.011331479670788255	0.6644543075625658
1.619071987438822	0.26755673419536824
2.496645530880535	0.19343071303460857
0.021975111716686473	0.2508715433942752
10.433048055587392	0.22351401881838645
8.164443942532918	0.2072716316715316
3.111029109357746	0.1965941812358854
3.2298081415310818	0.18636563428600558
0.06882649149938656	0.2428885036100854
5.035291433144334	0.23891327007809812
8.040797932278712	0.1976117376535403
5.6020433097661195	0.22490538917985306
5.738402299948019	0.24044594397438585
9.33471090979037	0.21491046712618633
5.101736226208869	0.21801004781121644
2.7575921705195525	0.21779668374382086
1.0242047542217552	0.46456367754867606
0.03023932600671455	0.07441795403635515
0.007685082023012488	0.5018578163671237
0.02589959926573401	0.31352427894450785
1.4171433199278898	0.48394624531229646
0.47424755258740703	0.5046864737428801
0.060006197558208615	0.2597461245103699
0.9470382677165343	0.10717342442603862
0.022545851727629553	0.4419006226287216
9.890152983283429	0.23724996171737428
0.007346489440552812	0.45707926808470306
0.5191973962776585	0.4745697785119019
4.526713359210465	0.2796247912254525
4.99144622658573	0.26847802816365324
4.974790327267097	0.26070751556562444
0.08560304971923288	0.21888184915082554
5.445152809052659	0.20219237026657833
0.04029665835401772	0.10926584452342876
0.05167488592976821	0.2477209008653515
0.06088058086215718	0.3708765663447955
0.5127778617054598	0.5321109546896268
5.224806287402244	0.2340835823282967
9.736015189679824	0.2115909565040406
3.6809643834732158	0.24430727883800002
4.025468444434651	0.18583961560193407
5.283728967233913	0.18538646475098977
6.660383455086705	0.19948960346764186
3.889565261916952	0.24582432936361295
4.4671858351749245	0.2183053303782745
0.4756558455201784	0.3211528661934887
0.31629469105924773	0.3908535091489385
0.3249850730278762	0.35466373010529934
0.9156016663761707	0.1857695499283507
0.44310399253843685	0.3316170323991663
0.007571157495845567	0.8855319508162878
0.06725696794055402	0.36967949798698907
3.802822768761038	0.34214074447092613
21.753524668141623	0.2603599971565363
13.627115161467287	0.23089637090077672
0.6802249482996088	0.4381327161508955
7.291121129824017	0.2388924313707821
0.03762632966313754	0.31101319441240544
0.07027386519522595	0.23493650885633105
0.3834476478100712	0.35148068546462846
0.40693691339720833	0.36162893758716647
0.3893510316636567	0.35993118515875744
0.40470125002410906	0.34455272876355236
0.5399812305296945	0.49279451400709756
8.085493393774343	0.23603091282686495
0.482652819115076	0.4509335358746699
0.0	0
0.09814282924767503	0.33848149617811873
0.11569367717766112	0.22914235300319008
0.23916721021416948	0.2900664665069492
0.00513924746966044	0.5536099995786021
1.8417914740233639	0.294574299807551
0.005001643305626016	0.6534516455272855
0.01724288019612255	0.10095156205425397
0.5005316994323633	0.5094106708935728
0.03421399075662415	0.086834225335239
0.09598595956977721	0.06919461207907554
23.29099149956872	0.21357876987874064
0.04029388111012215	0.2989993606578601
10.783262466942391	0.22156593091368643
0.8106707016864969	0.04603707706091819
0.42573655666014115	0.2038956124571244
6.211860487224296	0.2490547519898381
0.06827874567805667	0.23925803119442807
0.01629210589204758	0.22095344076747303
0.05135557445040549	0.255444959498668
0.04722804319211412	0.11515226369423157
6.705994265982658	0.19181954299926976
0.043022057288410624	0.7531450692328808
0.2944407829375725	0.3782002898472093
1.0320130158137455	0.1287032578479889
0.7340260561259261	0.293580987478216
0.1125950910805628	0.14831798653861258
0.5340933281097918	0.47499651452803127
0.3125723364164144	0.2977506940425955
0.16206315653187767	0.3274249063713801
0.18137484407007895	0.3141391960824885
0.5355282177501146	0.4753353253726825
7.205278204965045	0.21022800516298595
6.367772047779801	0.19698829780612845
0.4785429122251328	0.5090779136238534
0.5301640716614618	0.47032672491625627
0.5012465381105633	0.5290668105506313
0.5042464568023878	0.5104108686667843
0.505620419151977	0.4974977699737242
0.47612473924548465	0.5192982499484808
0.5002054469243782	0.505641948112325
0.0	0
8.79197608116044	0.2477179943592487
0.8011145123072121	0.39605904333108893
0.2192236341689917	0.2549624557902655
23.500376108377687	0.22809399081427748
1.1164757717372074	0.48367754212882835
1.8377380886322847	0.23323844996020338
1.5805152630741182	0.16938701629204417
5.023866867619885	0.21765142247480787
0.06787581943882866	0.3984351017027274
32.7584807730459	0.23221424403635715
0.03395808232339461	0.5601168740092968
1.5430673837278286	0.18100306135884187
1.5091660512648246	0.28842899950354833
0.034321726467931135	0.021832160380699503
5.595883201683121	0.23298716645833953
6.124047839781779	0.20832077107416513
7.188063304929395	0.19704807288250034
7.864587442576871	0.21883163908195252
0.01972583440281035	0.10162413165100433
0.05130318859061414	0.24696040650654716
6.53308190259412	0.21025457731022903
5.3326024753001855	0.20363760068573228
0.04228190727691015	0.20352974628006765
0.03382466280727654	0.5341219775037016
0.05665701964254476	0.18043369195954184
6.351206237891332	0.22984788458872435
14.469791455055839	0.2116164368699868
0.0011251013565838637	0.44015511666987417
1.6249505763049537	0.10461062508570242
0.04204666961517886	0.3679378752197534
10.324682318050632	0.21585319383459656
2.63578901948989	0.2414584823648088
6.446946798384529	0.1718682883884272
4.902115426487924	0.16363771888677248
6.469297192155013	0.15076505420640374
1.858448336318303	0.23170655616988917
8.530977731633715	0.21374386622168726
7.446721608487091	0.24309332820136664
15.016311052146365	0.23924597548336654
4.2514145804430195	0.21612075238649234
7.59705859691163	0.22025887127802862
0.10644132406577385	0.40464488824604944
11.260462326466715	0.23223541785703217
1.4922180621532384	0.06825730204437909
0.05098479521526824	0.2388866433100486
0.0	0
0.029981514597456987	0.02710585445918555
0.04978562001740263	0.4059832985401492
0.5019882520261735	0.4972102530073527
0.6177741939116379	0.4463389881065299
0.03649193047552338	0.16705937512054725
2.7523779520301193	0.19287220503969732
2.065946384502149	0.1272212620724013
2.866481942941309	0.3200628323297377
0.7298982974483971	0.2623704122916435
0.6237319208392338	0.4285863865671742
0.019770320441270528	0.19835243567727556
7.805142710264394	0.20432838660645838
1.5182212344065034	0.3132223325928088
6.923329708757957	0.22820263490565262
0.01939537637894608	0.1710714372891138
9.2188881051996	0.21651196155893263
2.381952292979366	0.2230756332897313
0.02202400566923872	0.1939331339736355
0.0027492517632505065	0.4690846799538158
0.47392593021563145	0.510806106347051
5.580597262677941	0.20525783352148427
7.740338524689159	0.3246486663975216
0.11068770628020719	0.08461453065399793
5.132250899330815	0.26052158853660007
3.127599473063686	0.2230925356007887
0.04176752493763234	0.10440730368901825
5.854196358675617	0.21302508168206935
0.14247317147154498	0.2566101854128585
0.04898210243090156	0.4871393174302245
0.8367021482618481	0.22856364152162809
0.5958781064733311	0.4632527883288794
0.020416928761830985	0.27333247602905525
0.04542043482742113	0.2624643793115061
1.7255809815601808	0.09691778769238356
0.02579661575689897	0.16073580949950644
0.01964748931526036	0.14503798485982322
6.243819559574616	0.2121583775324858
5.804606619096823	0.21972238736009886
0.04169364410701351	0.1699577130414336
0.4235970056410287	0.3134761226127022
5.081225455287473	0.23252453381038057
1.0052847285206001	0.24559610495460607
2.4869773324084465	0.17769884061997665
0.25548109901909377	0.27733761862447265
0.9258097160514879	0.3189494207281008
0.5519000229331354	0.5103928020150783
7.547258609689053	0.2660285555341645
0.8851272362126199	0.2627168897048747
0.38212925444459134	0.31160249565255566
0.19248144701657935	0.1565025081220626
6.901057417903494	0.2672874045651529
8.729457807964918	0.21396149151530097
6.658122971771624	0.21792338270379813
12.686891968045428	0.22823330883159554
6.77010460411006	0.23970218475251745
0.8459577929315478	0.20918222154001057
9.27594279814817	0.21400350538185875
14.48833247413474	0.22063013274739537
0.17151045739447893	0.3699311584884823
0.019314633799803544	0.39778170444556177
1.3576253399050349	0.4602999784367041
1.2943394717668795	0.19878817819326558
5.564116651346987	0.20764146756799923
0.0437334332851827	0.2271160320524966
0.06717107567067711	0.22312425914260955
0.0040109588504233335	0.3429981821945588
1.0235906162972999	0.18803026386048563
2.768765396134322	0.20309137762030763
0.9948977977567806	0.402997989941793
2.225449615744833	0.17185590729826986
3.41798667335494	0.1889477937100809
2.495176715443105	0.2594566976663651
0.12181859919758095	0.215000647786386
15.599840584471416	0.23391292406514633
20.653223440815673	0.2383581948946871
0.010602785011125422	0.6861898603601121
0.010602785011125422	0.6861898603601121
1.92095182908828	0.1521433610292317
7.621467437172333	0.2019154807170147
0.5751263388957354	0.4747575587554856
0.08709869557059284	0.18714426509330373
0.06215209386711917	0.2622945909190844
0.03856823074832649	0.7871819350507798
6.889482797800616	0.2907924481252679
8.767276543850295	0.2088932830409224
0.5017173347690048	0.49477060259224565
0.00907240061433171	0.7692596863370578
0.11634159378735084	0.08421633051923999
0.07956935327496784	0.2747377641715784
0.11326348440488547	0.2638462172530932
0.4083049133647369	0.2848387849786099
37.375359867635495	0.23058119053499607
0.0	0
0.0021892639356843584	0.3602774665787543
1.0208656137792007	0.3730045740780534
0.060155930005991724	0.24739572605676272
0.327939015856494	0.24777898827357558
1.8966536823738063	0.14910650209161483
0.42691044243873794	0.5037700492656253
0.0	0
0.9493338464320887	0.47966941912997685
0.4696854540783984	0.4930398880416964
7.296009078099179	0.2210457968167195
0.018841755773231997	0.5179628834551634
2.3629650676085907	0.20073344912357952
1.1827344933488642	0.3859862597000904
4.460573269384948	0.2302499166071647
0.8276823912149026	0.5382523403754311
0.6422285415249613	0.20115471197977208
1.7786735542970704	0.16861008991059276
6.773441320799168	0.22950257136852845
0.0052907764716638925	0.7714855877294027
6.527320178031314	0.23001655940046864
0.04404839733734113	1.0
0.02973193686712858	0.4992237040924544
4.651248735570272	0.21967079684908447
4.887695406483195	0.26785587473232075
2.2152935763594037	0.23507487479986264
5.127099758370039	0.20948509176304136
6.4863899338705915	0.21124905208780828
3.3766252702874913	0.20646527803627454
0.012823406181372858	0.38655288184119885
3.3426933787514868	0.24017476684403288
0.08663678672704765	0.3023250823673599
0.0	0
3.3486807519513118	0.3221395058510202
2.3032092344312582	0.18042953552722865
1.6195188749325067	0.30276369286303517
8.1723632576475	0.23565577835297027
0.5275968787749933	0.20874421475040714
7.243352025161322	0.2024074297696597
0.038416230185471384	0.32458519252050255
10.474018160801188	0.2505942834153038
11.563764439410294	0.2114746780763941
49.99999999999999	0.24840906948166533
44.39659466012302	0.24650097474332738
50.0	0.25512545758324423
50.0	0.25866197762773596
46.34863415433236	0.24452739019076367
1.0029529416573215	0.5395221974225326
8.75947177559918	0.15831003117748735
2.4967558204910283	0.1978014301535133
21.894749676070326	0.1909426121530131
27.499485539150964	0.24020658641760886
13.663366560017158	0.23336527592773848
13.058934815813112	0.24179938734561593
3.412366973890697	0.21996434473356996
5.391310116008179	0.23831073394174085
14.472664452226894	0.2504765721412171
0.9903917971613653	0.49289803344522687
0.012928619130664796	0.2980228263033086
0.5652280688065738	0.1980799651747706
0.5514091620124452	0.20633639283430358
0.09923376964838454	0.26184823160035514
3.9539622745787004	0.1930603926780661
0.0	0
0.0	0
6.274722422633903	0.29091206596512387
4.389032000684289	0.23085727690842278
0.4400806080247999	0.3116080313260065
0.05121594719016256	0.6119335794072577
14.546299180714792	0.19233523326450963
3.598371156052336	0.3430361702999547
0.10442517202650513	0.18305905403244468
0.3927527788608199	0.28005449941652427
4.265919745410173	0.17598696388662613
0.31108697172276645	0.16137100572125276
2.2917031773480456	0.33735546684612516
0.06914782143972455	0.2536026250825591
1.5872962618094624	0.33572677296152287
7.957856549799531	0.22835528105920833
0.20124660004494435	0.3885354549676753
0.06507372588273257	0.15656820732669838
0.08196080333010865	0.20116023885982764
0.08873964395451492	0.2124806467146601
0.0	0
2.347123630815653	0.5048248542230939
0.028959467931418018	0.06319558812965156
0.3646507433488415	0.28469701660518093
0.10348648755887417	0.24696040650654716
12.293569978920383	0.2190847020050528
11.316304818155816	0.21296300954767375
7.449416546762766	0.2259790232343119
0.0722390067630763	0.09808616528086207
1.3731302013176394	0.4331553775684983
28.851614814180394	0.21098896553242927
1.1164467349381315	0.493303956927128
1.209772988080454	0.45882224437980973
6.465069621353541	0.2247008071262745
0.4139596967419448	0.24127255282134968
0.25449470523996764	0.18630636981595947
2.7237890596494183	0.12742170918838033
2.541174605390773	0.15029684764356105
0.983296252601312	0.5024006673313003
18.152964671317076	0.2317224533108206
2.9388217407148427	0.3055700264345947
17.32078001940012	0.2299394570584615
7.88632637975837	0.1326836906317178
0.0040095446806727095	0.7674705207160458
21.81957058609955	0.22882060088374243
3.629760607118825	0.23158366228226165
0.04881427109827262	0.047426439412045183
0.15510300452442985	0.11875997202952153
1.6819698146060105	0.4467374531272683
0.2346193139064455	0.48845581864523757
0.5095623270551223	0.28318969178865844
0.3564332326064664	0.41983301456439015
3.6578525348469437	0.24722187709638013
3.0012327881313388	0.3520694421103661
0.14241484385563558	0.5049727313713052
2.07443313621164	0.19900784537931157
0.16893456764605236	0.07866311647837841
0.07309646442046945	0.410876538733341
5.041474790957431	0.20336835435214115
0.07250901428340886	0.19891916633910153
0.06840185307274271	0.16382014572702103
11.103474347853338	0.20854933055007488
9.421445456462177	0.21426524210382822
0.15786360263748508	0.38605643254130817
0.05530734581177739	0.4513484874424305
0.04630744862082058	0.24971491783411792
8.211621617349318	0.178582993267964
0.07838131856656323	0.17738383159205906
0.16077567945486052	0.5091004468156186
1.0257825416120985	0.4889028178345581
1.0782975494613358	0.3890362221773379
0.087511714871942	0.2025080372496031
0.9341971036870724	0.5003691894561351
14.483571650510868	0.20279561616639777
13.066885919969952	0.21662010364405432
0.035710840818669966	0.45002846967507676
0.012592612856262455	0.2998328960721964
0.5788818113373505	0.2527573718170513
0.06039158361013739	0.21360543971587168
0.00379620041414084	0.4845658923254964
8.866872617797389	0.23269829725211136
4.260007838694529	0.09928304718711574
4.358210669569452	0.10568729865428014
0.9588576686816709	0.5000366924985564
0.9305781829795025	0.49897276416666414
4.799010796966725	0.2876579802867754
0.9837380323985369	0.5128493456715142
10.082314680018175	0.20824891635697862
1.337906586625135	0.1802056975279992
0.14719324315080787	0.33859961965620133
0.08494328990831404	0.17075147808760124
0.37286186482191097	0.3530616268041504
15.727860127610915	0.22388633377303963
0.10876838701117542	0.29954114119199765
0.0840374354100942	0.10682617952527354
20.952244511767038	0.23081537594249685
0.09306599569265107	0.16446200321314586
1.754208659330041	0.36041295980649096
0.28454295371476773	0.14043962959748557
3.528843140086237	0.1511105001161731
23.87929982709983	0.2418868129082306
0.5930692260469765	0.3516268351876147
15.876191560747463	0.22006592791261703
18.943907902552077	0.21926597536813994
13.235131802980398	0.289306544203736
16.269523154904277	0.20863894796967372
11.522395908877293	0.21401452876741364
13.040638752035916	0.23477008090909765
0.0007182165161881043	1.0
0.0038820718176561285	0.01222226644642385
0.004275520008879995	1.0
0.04874493252562102	0.21266958239891193
0.9356142091362343	0.5081472359691607
2.1996404275241077	0.34279707496091627
0.03881182884427656	0.4069519884331979
10.285250152376994	0.2819453008756169
0.013507527161788175	0.42125417234056156
11.195924977497498	0.23323324682362656
20.034428685433742	0.22200850704060335
5.0934199822831125	0.21270228844169278
4.64524764860514	0.22323105411106617
0.0	0
0.039190659283281616	0.17738383159205906
0.07233703577653552	0.3508365538475771
0.15720339413710735	0.1440431142438094
0.05202908019061967	0.337744052646064
49.99999999999999	0.22399926214412905
0.14254006638618832	0.2280540067054403
0.3184453567378727	0.15336495461475932
3.204897980216372	0.23366079436724074
0.11529925547843577	0.04427780738812096
0.28732811382444506	0.12407931033950571
3.637876117113604	0.36916993708584384
2.596072518879515	0.4220045961911034
19.289715723988085	0.22242511492678474
0.39270414340880155	0.21980360468903737
0.6491957858896911	0.7183989144537446
4.813444756524458	0.14855931088942148
0.11592017671153107	0.16582976684061193
5.57920912352286	0.3142251536684889
16.062816064559357	0.21127065955211966
6.852258777265363	0.20980550995689504
12.356111523887906	0.22398149514212454
8.181354909629091	0.22713378804780116
25.12178222527568	0.210168107464383
19.292284504397646	0.21264963415055707
26.319608151508408	0.19960360298616348
23.891634369750626	0.21913088852519402
0.17628887049462524	0.036869964467516496
1.6863523927611621	0.49961572014959904
3.8263582203127244	0.4225904700494244
49.99999999999999	0.22364237245083246
4.015327438837386	0.19521619428330178
4.800464412032283	0.14245694442683454
0.7195986769997161	0.2288706036842141
6.15917632847929	0.3085997712883867
3.006892059759552	0.31695764176465163
0.09545810869226115	0.3182665249590374
0.1765288579924516	0.17282203211951763
0.4335714415235278	0.347972719245155
1.5775392410182427	0.3100709732489889
6.291126182731624	0.11866608247808488
0.9935705280248001	0.3110661555519434
8.383517547313048	0.15124813097245965
0.2847195167651757	0.6232729120552156
0.746607316853373	0.10228988523716709
13.348998327978826	0.29021773966116104
26.406609064968436	0.21929283336798563
27.45197490413188	0.2164892437535531
7.126684517656534	0.2631707802321925
6.440875638513976	0.31887308127969693
28.846372892761075	0.21447843343140105
0.33935854334405297	0.2357261090418631
10.80436807927982	0.25573082078735326
9.543446020020744	0.2475777536174735
10.222339572953103	0.2220748247044399
28.50110560866155	0.2192634389605302
49.99999999999999	0.22403594326428353
40.993447567162676	0.21344638496953913
4.435330511881885	0.24862169294196113
0.08570404781105603	0.22377100920452514
50.00000000000001	0.17069491344517201
0.31192143523464333	0.3061778336374244
0.18186449889102285	0.09315792600739158
0.8836478284358734	0.5331586553778451
38.567107857218865	0.1990484905249899
15.973938661913802	0.24515218110652565
3.7712210715990975	0.4568447531959935
17.291046700185387	0.24806849210734788
0.4006752004229107	0.1450379848598232
48.70822368605751	0.24983738000164757
0.06973190724395124	1.0
0.8232981049009103	0.3392168533996108
46.642507623887546	0.2311647907586839
0.2783517631688112	0.028032368239287297
0.3251443868836183	0.14286606709973465
10.385605203266604	0.21658319348000943
0.22444485278366488	0.10459945811244266
6.827129003787656	0.3112779762315454
0.1504770663524484	0.2400935726828662
11.409989872936649	0.4850429940897402
2.2516699894083603	0.17250736886903584
0.13955402518968227	0.2518007805322479
50.0	0.19942478347954137
50.0	0.2249035722274418
9.744286957081425	0.16296885806953312
8.705288955451342	0.3898680466251709
20.714758927681785	0.09277678815722949
50.0	0.21717602782735146
0.4920161196801646	0.12254802140711282
0.3672353250701321	0.1435297312267814
0.48436384382735936	0.13077408779435729
8.076339222173363	0.37823612694285136
4.774567743613953	0.6427434900533966
0.6057267522596068	0.07600279875739809
50.0	0.20273772039468774
16.131749349665508	0.3599183037645103
49.99999999999999	0.4402826853782733
