#abundance	rearangement
0.343189653088	0.408823453763
9.19065257273	0.286074607005
0.0287894275558	0.185565738294
0.110297266336	0.696791134884
5.56649711556	0.281280753514
0.0	0
0.16984710203	0.33312414741
7.61922504267	0.308409664941
9.41009239912	0.326360113213
0.41999975935	0.495931611611
0.118703061705	0.32069209672
0.905312703187	0.416488899533
0.940553743923	0.352407987733
0.764785325703	0.368548485382
0.00179906207962	0.345507152956
0.335639019514	0.403800011688
0.0167992615132	0.0364241299594
0.0255385227169	0.680655505384
17.9093072048	0.335360528156
0.158347966757	0.291301294896
0.181634860319	0.253164015267
6.56355677098	0.323285679598
8.12255493116	0.32986400437
0.336050294813	0.413242034046
7.32556332625	0.342032094483
0.463577735275	0.294266883144
9.04625825795	0.33587452784
18.5321054675	0.298682174215
7.74057856137	0.320830635706
1.47528731379	0.284400177391
4.88058722688	0.279668848544
0.0563582416701	0.498736777597
0.0852876525027	0.332394821712
0.0415165325824	0.174382482709
0.625622677925	0.420943225619
1.60230530672	0.252180249193
0.131331172766	0.278601542338
0.0347727260086	0.417525017649
1.84305507038	0.353132594486
3.25009949046	0.349074040808
4.97526280606	0.336187961537
0.0761315418324	0.358546389778
0.488189188681	0.329019346917
0.478719908625	0.346733462028
0.175084168803	0.368716263153
0.213485031055	0.28729533033
0.0489101675515	0.247801998331
7.8581460671	0.320496635638
23.4141204662	0.316666996393
0.229143170745	0.60502817461
4.59588333805	0.287763989529
0.0542467632923	0.411686532917
1.06568720548	0.365841737044
10.8636432014	0.301100346901
0.0297027650924	0.297534415367
0.0772690825283	0.27432706938
3.62297344012	0.274065577211
8.40116685873	0.328845882939
1.16379218361	0.302209767136
4.82558936969	0.323962685758
10.206807869	0.324139528984
7.30258408711	0.342112631662
1.52582151131	0.324575512831
7.40233578688	0.298739079864
0.0199062452457	0.564784271433
2.16548847975	0.328049796543
4.69816266321	0.276716738807
2.84959886412	0.254297456976
11.21475528	0.249031954612
4.00030461455	0.263027204288
18.8838880902	0.324620726049
0.337499387844	0.414728017354
0.545506626472	0.406785305865
0.0883963304236	0.560042194719
0.39249397699	0.449276993899
0.337196194356	0.390826843879
0.760564619835	0.39667496027
0.0614661349055	0.428603886801
10.1738361534	0.311491401429
0.380017461461	0.415836826755
5.53807643313	0.312411438028
2.05064743211	0.271120094991
3.37033422027	0.321826036053
0.267094680741	0.283739705432
0.199865993514	0.688699841332
2.52330692554	0.267216720469
0.0203918536766	0.189406294241
0.0462258978567	0.307761463291
0.898195219842	0.164364775492
2.95117324595	0.411318909334
0.0416713923728	0.267870668926
4.78385152579	0.421895266465
2.00392565342	0.263999951789
7.02684893545	0.318786371222
0.0536012800102	0.626721536937
1.18127780563	0.250218142727
2.03259802828	0.34846923649
7.71134949251	0.304620598937
0.112842555288	0.276667339329
0.807683545475	0.359352644152
0.0885010515651	0.152058431985
6.80487820022	0.347362911553
0.309736795957	0.384524136503
0.112192149709	0.428460795342
0.184745254113	0.337500841512
18.884455011	0.312916166753
2.88797697664	0.330999334968
8.65895197783	0.313719580478
5.41019907767	0.330020000196
11.7419314398	0.328297402467
0.745488580999	0.0936838847286
1.33921184138	0.33210737199
1.14443107933	0.33470594561
5.97053050388	0.348276691056
4.41343697522	0.36060064074
7.86486782048	0.327966568113
7.67268432123	0.356339355834
0.515781289922	0.186330525689
7.91483976523	0.347009568449
1.98329921102	0.278117910476
8.38407709365	0.292333569126
7.27241753198	0.305832431875
19.3443337677	0.326988569772
0.5236311852	0.367354859421
1.12031911317	0.367173872259
6.38784294834	0.374156786072
0.348789773645	0.282252390545
0.204892185253	0.262078063613
11.6305687221	0.313415740198
9.42410798694	0.334186418605
6.23942712534	0.305675330174
4.35054045321	0.346598760639
0.165840495668	0.267512512661
0.125970395774	0.251232228398
8.55561747362	0.316168226635
2.03276958283	0.326577294168
2.53651981744	0.267570223704
0.00756662105597	0.306037774966
0.0346220595031	0.260348376711
0.00261276099914	0.00861124318822
0.66867586365	0.373567409751
0.0702476048531	0.298978579717
0.343591648929	0.321719643041
6.20142396434	0.358352775788
0.184970798401	0.221575257607
4.51778235292	0.302804775851
4.23283148343	0.32688159298
0.0237963988835	0.198942102818
0.0470544070168	0.729746909266
0.38047844401	0.426210097646
0.088541301052	0.242612113034
0.38260133702	0.40258663306
0.346708535086	0.407781567794
1.31989563888	0.227174739441
3.65000827253	0.290499183062
5.13221832299	0.293700738721
0.0502532573249	0.767515236027
0.0742391491296	0.312394800775
0.214698695469	0.628918453823
0.992061865807	0.357280135937
0.623739773173	0.312973737048
1.88861664764	0.2232202958
13.6686977167	0.320824191392
0.100810805875	0.283761837502
1.93793308148	0.314338025324
3.67343589886	0.293778367726
14.1679392753	0.289006337824
0.199857129761	0.517383155836
8.35468367783	0.329638974827
0.0736390701553	0.29401663469
0.0416094788281	0.849433631523
0.149552760201	0.261191010589
5.85879334948	0.323074158262
0.614272775334	0.383023659082
0.0991094665189	0.292071278947
6.48149134034	0.320659573582
9.83245819775	0.319249512905
2.51980935578	0.350698166315
8.45521242426	0.320238726529
7.81316652569	0.324964043584
5.46031982957	0.300994243318
0.0422576419558	0.345338191945
2.04785485156	0.364563808846
0.187875980498	0.212776268531
7.89017674412	0.316554581622
2.03159241685	0.308673870102
1.28311813668	0.310368090595
0.0719369041912	0.29508070751
0.0347629898891	0.34254084637
7.1390876317	0.324467823371
2.33735381747	0.356828756598
2.18100035103	0.342681125198
8.34980760085	0.342005518951
0.0935152707835	0.23073373703
0.754169017037	0.377612143919
0.102455223853	0.328755998557
0.0381984075223	0.245294191722
7.86953183435	0.335067005426
2.89543839219	0.327239877798
4.44593786732	0.326192891745
2.41728160983	0.329034967621
0.0189111206558	0.208106855456
5.54274050944	0.330427220688
2.01112237417	0.330098267731
3.3547300511	0.297365265205
4.55058466231	0.296814041071
0.42337585531	0.497395225861
0.36639855886	0.421662069214
1.32960193088	0.228985608598
0.333841275667	0.414254882615
0.445124825774	0.494667066574
0.350282610536	0.426904563941
0.333841275667	0.414254882615
1.20373126897	0.242563193101
2.18513071941	0.307719963559
4.53449984907	0.351136356068
1.23834437558	0.259630762982
5.326477707	0.306680686204
0.863765811478	0.279545283542
0.136656897313	0.320014817631
0.0367080239315	0.318538275315
1.90733548242	0.342053928672
0.0459219030744	0.703291314697
8.28051644112	0.313340365999
0.11032616264	0.887106301042
7.01815089608	0.332517076461
10.6548857837	0.336270583909
8.44848439539	0.314479074085
0.135895238451	0.171510993729
1.65066861752	0.296887528519
0.100760691346	0.295636165736
6.62027437658	0.353859142737
2.5819780677	0.326338013051
0.0	0
0.0	0
9.90912599502	0.294549495316
1.02664150329	0.379792392497
5.99697687541	0.359200322587
5.12239467675	0.313611318129
14.8226274821	0.346040003556
0.0305327105662	0.297257448629
18.3190830516	0.321852667456
2.83549458103	0.317275370469
0.017850896587	0.367496705633
0.399558044162	0.409715367762
1.46309596304	0.306230301707
5.23200024562	0.31516356846
2.0614460111	0.307673558426
0.616101509687	0.235675497682
3.53727415548	0.344454598673
3.68962712504	0.329222732608
4.40578003836	0.384383054267
3.86850330514	0.366600453737
9.93771621489	0.369951904728
0.677402793243	0.448913942282
0.124097565691	0.27532475527
0.113107681487	0.285203238017
0.0513535657913	0.266946872094
0.463133897003	0.384839883437
8.06808542735	0.32131057612
5.16507999013	0.35855869676
0.169191488586	0.236247971122
0.58932852727	0.360647405183
0.0218094272112	0.226488682935
1.02540309259	0.368603833817
3.64543764561	0.287254866633
12.6648737731	0.319746139108
4.48417755568	0.255421638953
0.0572064423659	0.181378887882
0.253894365164	0.509534668052
4.39065792533	0.38431723877
7.70855808471	0.344464273787
0.072892733642	0.299721322785
5.24408272779	0.360912742771
7.74848160317	0.350254909954
7.78638686419	0.344445225063
0.0	0
0.181096867197	0.544983350893
0.00962517492393	0.593844658584
13.6672906516	0.340976687742
4.26413966291	0.368362278946
0.194916548443	0.292548612576
10.9566047823	0.301177872048
0.106385967968	0.18792006575
0.349047707394	0.294020674617
0.0295307405664	0.314662694683
23.239229265	0.316482592454
0.0160630973222	0.460795829279
0.0180067649321	0.308701442768
0.444125474095	0.317677300675
6.29063899342	0.301750267153
6.98271446407	0.318317821206
0.444125474095	0.317677300675
4.61261035949	0.338991296334
0.94991727258	0.398860672209
2.81052600349	0.290982592785
1.97113484654	0.401494123971
0.193255234433	0.396551733873
10.9178933283	0.299378508068
4.66599710617	0.29458732392
3.06853796083	0.338867510996
3.22416890206	0.316520530617
0.37445743615	0.437005340226
5.00886611276	0.323674385815
2.10111839303	0.387528717235
3.73213688052	0.321499193746
3.52737116509	0.299946033814
0.19829332279	0.171886503522
1.06341368569	0.2852731738
0.0472183076593	0.323932358247
6.60888698267	0.334326183961
0.0368150273011	0.34961066375
0.280391749052	0.400128252802
1.75244947021	0.295947369812
6.96326111379	0.321582070318
0.0664465909653	0.218791227469
0.186949142515	0.364629629279
6.89135318751	0.336168473167
9.97132536977	0.343819411762
1.58546212425	0.25050101013
7.45204626746	0.309747099312
5.56209455776	0.296019911784
0.529372532556	0.334005988365
9.54640816315	0.324415043975
8.83433603025	0.320814979641
0.0876290877467	0.249357726436
13.3331337958	0.314994289695
0.0723645332751	0.477817505317
0.119386312237	0.327330556737
0.280791230135	0.278872841682
0.0461356121853	0.245049591863
5.70270163161	0.2589930777
2.59498655761	0.295340422549
0.0919788659378	0.710783009701
0.494182978778	0.397799258424
5.24178751055	0.315660270138
9.70968264581	0.329787264808
1.78190386417	0.305505565516
2.66735442748	0.319907182252
1.90766982665	0.320488466006
2.42866813748	0.363720787817
0.258634437815	0.257424457896
0.921972373022	0.310463765041
9.04222249976	0.325876396403
0.0202886772777	0.0513442125205
5.36307203167	0.34763036542
0.0370863783604	0.338240179334
0.0607159894947	0.47213631297
0.0635399086944	0.143906779493
17.6915552657	0.315785610972
4.50597128703	0.287072003867
4.93906484167	0.30067773923
6.23097940193	0.322424616041
7.66358883825	0.330041859098
6.2389075259	0.324300881242
6.07281679993	0.324100074981
0.0745558346157	0.279366071269
2.66089332621	0.205040501831
7.809037261	0.318884557769
7.18214934967	0.326561679946
1.77662316432	0.357636379235
4.9652767957	0.317758549777
13.0028500694	0.3341273381
4.80690093999	0.340187314265
0.340914898225	0.30877575755
9.67093605346	0.323631992189
0.876299899052	0.284103077167
1.23607627457	0.281385393846
0.746656939928	0.373604601275
11.6108616663	0.329013424286
2.17242626995	0.442577099442
2.30020363847	0.287525955403
1.43996699702	0.225435096621
8.90345704962	0.312263072489
0.0474651605595	0.330600563764
0.355928912602	0.415085617637
3.40187637172	0.302956617452
2.35336534346	0.325620891131
38.4993317589	0.331989148257
2.9990960129	0.323016782786
0.0774548376402	0.241530436654
1.17098382051	0.261855637335
2.55100286244	0.339221370829
0.269089076197	0.31017569478
0.0760785968394	0.0996089030292
0.285329545705	0.452579994811
0.12025078962	0.340897936872
3.53788836531	0.329547891613
7.06589922713	0.290130447022
0.139252128476	0.363301358834
0.663871251867	0.387082927246
10.7677281138	0.313910894371
17.6576350253	0.32535457213
0.0382106102103	0.29347416936
3.90640368132	0.329922446824
0.219729897455	0.329534221007
0.0368085855531	0.526670868172
0.0333201397877	0.586873652835
1.28950717353	0.191125341217
3.66678563839	0.331309511349
2.30984411644	0.322859931061
3.40697115106	0.387532150793
1.74866287122	0.378310414281
0.0628968979961	0.183362054289
0.0707996912445	0.216630302004
0.0543784407436	0.229280514821
0.0633418400374	0.157707820796
9.03344463272	0.326707229389
0.0784357568866	0.230057828666
0.459545725846	0.321306732476
0.0430672343504	0.243908537676
5.67823719829	0.338066210146
3.63838750676	0.267273440411
0.861826084081	0.241575226443
0.0146010159668	0.145895850276
18.7948585262	0.302476091316
19.968592999	0.333732327544
5.85326679173	0.349321261786
0.0251955027026	0.405679606101
15.0359609851	0.302905122589
5.93109734991	0.33026632129
0.0533056669572	0.516990075973
7.24512922294	0.334688083976
5.84529233328	0.31392702756
0.079710174465	0.252958236769
2.65972084765	0.324293001865
3.4845893918	0.330917102043
1.37659612945	0.319801072364
5.73212206694	0.332096647948
0.073280138569	0.309462099204
0.0744152596992	0.397400693236
0.460967044439	0.412673891731
0.740602607565	0.358640908436
7.1557708008	0.343960776638
0.0489772648638	0.318781038085
2.51428584224	0.30681660556
5.25664696488	0.275988423368
0.124057670481	0.354160899476
2.66486934564	0.411796864827
0.342200573812	0.425309065563
0.342200573812	0.425309065563
0.366539668789	0.45347171279
0.308371515527	0.403601859022
0.349754657198	0.418190510158
0.348603128055	0.431689538236
1.665837235	0.279530774954
10.9745524471	0.338158200627
7.43074675871	0.312682156317
5.46945759111	0.30363613618
6.7691619516	0.299003404395
0.466611218515	0.332206088333
0.455473278985	0.397250057713
0.473052822102	0.419649392637
0.523232359639	0.429271369025
0.455473278985	0.397250057713
0.0235558889217	0.222662057014
2.63661790172	0.264044729238
2.73888202286	0.298161729513
0.058976609367	0.183741547868
0.171539305328	0.233361390191
10.2911607244	0.33081309399
6.01023649327	0.323311486074
8.21842418783	0.334828660444
0.0375941726228	0.572653486371
12.6914424292	0.287454940622
0.15942034893	0.252958236769
0.278107079735	0.340921998181
7.32810827293	0.341573739434
7.3001522179	0.338173842088
9.69174157897	0.328185936713
0.0370804210093	0.305949356793
0.0796789803151	0.276254276185
3.15766741892	0.315849588414
1.45062143208	0.31220863813
2.89160679031	0.265317973147
5.08078769823	0.380977373472
4.29156139422	0.362866780456
3.53160361323	0.366176319053
13.7054594217	0.328191783937
0.369238119717	0.413253469839
0.0559232454198	0.666703317738
7.31651751566	0.372029666843
45.0146016798	0.315858170278
0.0774500491172	0.718242995824
1.79750644039	0.322225053788
1.97985398383	0.368568746934
0.488843880322	0.406723735542
2.42818665133	0.289651720137
4.59237920487	0.330192798971
1.41870631009	0.303724337835
15.5119457768	0.322269675607
7.92588803496	0.311833495495
4.12138166397	0.374838819761
6.30090077439	0.306720989606
1.4197253677	0.380363386602
9.11291175833	0.362734679828
2.01633581036	0.398357318333
7.37810127937	0.317133052224
0.952533828041	0.338139471889
0.0991923115247	0.138694874682
0.0471384027689	0.815270547023
0.8071726244	0.437542095664
3.06818537321	0.28358298326
0.874371034429	0.404590587056
1.03609639251	0.246942524869
8.00033672645	0.311949046547
9.7102637176	0.303653892296
9.29605676618	0.2993416285
0.0174327565965	0.728274595272
0.512585165252	0.269102507127
26.4591335115	0.303879231379
0.0742609806981	0.276039260863
0.034645199666	0.319774749859
1.24880654986	0.28562955007
5.32128481303	0.325839817935
15.4758986139	0.315498634717
12.3830123995	0.327467345653
11.0805589459	0.293277124438
7.26297183894	0.321954997231
6.7857576964	0.290294939922
5.76989767608	0.305836995925
0.695695726619	0.400394047461
0.0536807896696	0.171106234933
0.341754812393	0.421119174107
2.24029293125	0.492798210025
0.0754058825311	0.338162791866
0.357734317624	0.412286112922
0.0307469113043	0.387936058371
0.0431015855208	0.779619533936
0.198280232056	0.455834683748
0.0193684581792	0.465843375733
0.0319537110228	0.447403149685
4.39473195189	0.380968143881
7.01651114998	0.297955064035
7.27678966594	0.290975694071
1.19092329147	0.27930812127
5.44647931568	0.295066032854
4.49150546938	0.322262402669
2.78358120967	0.251952614454
0.991647899802	0.35282425698
0.0714179037492	0.29495933969
1.83519569323	0.357781233357
0.656502378953	0.479630489284
0.162742544375	0.393440099933
8.52040872454	0.299592172654
7.4738464164	0.302529184932
0.289935626144	0.435265695732
8.5624240781	0.333867084375
4.02601900452	0.357748179058
2.76908556676	0.317377325386
0.15201061925	0.33246533776
7.64108228175	0.293045822239
0.0769587351619	0.293620833804
0.884868517856	0.471534372197
4.08270625604	0.39682367088
12.743476051	0.333044795981
0.33554363804	0.412980608545
6.36302115985	0.346416227539
0.0120369404034	0.35755356218
0.833071424664	0.467537378721
0.273247716707	0.165677725045
11.2981005088	0.305115793287
0.0776544197294	0.156858604557
0.256927582124	0.313480165139
14.480823113	0.262004994655
9.23405823517	0.309629509046
5.77139119139	0.308440110174
10.2729965803	0.307057599657
5.74759701094	0.335568004371
0.0686473235637	0.268202836599
0.071312259581	0.285707338751
0.251206249235	0.246846224391
0.00568428620304	1.0
1.26993365557	0.290758873935
0.513414845651	0.413943939489
3.96410898073	0.347046744566
6.83050293615	0.344106898927
7.97382432391	0.325498886002
2.30883239601	0.311551268916
1.83121849896	0.308167912836
4.58317720039	0.337851566872
1.51566791913	0.336961658023
5.07583611196	0.319499392752
4.72616409041	0.315826642063
7.58692538113	0.322409787421
0.0	0
0.0350621648126	0.314580467513
0.0243199070999	0.83707373738
0.00626083942449	0.513915392313
1.88398338566	0.170822229657
0.0797876875091	0.435463718425
0.413152612473	0.431898392177
7.62072467304	0.363621125691
26.216829159	0.304153508853
0.670704580153	0.37745146681
0.469191673189	0.380076082605
0.151938686393	0.145855229035
2.96306463373	0.357937289755
5.80278986868	0.348250795992
11.1377188669	0.292214763294
0.0260087401194	0.210389800628
10.9024410576	0.297877324172
0.0394456519174	0.352460299767
5.24562415617	0.318917122791
0.088504419469	0.837696085476
0.0466633968206	0.337866473968
5.33971015444	0.304554310606
5.40927033118	0.326858836066
2.72361387033	0.222143281763
0.131520731961	0.2910922074
7.49594253631	0.321280804599
0.10697287787	0.368579850911
0.138210638006	0.274661858853
0.0460875388712	0.453812220964
2.63277076882	0.285795721081
0.0872951061802	0.342294667763
5.26027879551	0.334862713112
17.7344481972	0.329724385963
0.180135097292	0.306473763465
8.96616043987	0.33809057022
5.80697981295	0.350097099321
3.32021210544	0.281297703057
8.38551235946	0.331231989169
0.0377794806919	0.304269806171
1.16201082119	0.238270595558
0.0794830552888	0.211523456748
0.349955821398	0.283637979387
0.0818817035087	0.159658615214
0.677631266762	0.450065971105
0.625880927427	0.430293066945
0.719238063327	0.427811812798
0.391508945142	0.401045555753
0.00711292734756	0.134791865736
3.47935701489	0.287478386288
2.04024902823	0.259151900391
7.64249493181	0.300272459235
8.94955471149	0.297953230622
10.7820107585	0.32542239754
0.175323675016	0.185339753241
0.260660755213	0.370240582824
5.53645232447	0.332383186267
0.365521253403	0.22860732665
0.692102116341	0.422901514908
0.0687406891313	0.30666891567
0.0316690571406	0.215423016367
0.0607800141543	0.724309805876
0.15942034893	0.252958236769
8.60106437149	0.502238026538
3.17534145894	0.297200653617
2.9035662864	0.321449816711
0.0733406218255	0.332869774443
1.39616228993	0.202318391685
3.40464955215	0.241164283096
0.0388705771876	0.33539434095
0.0860971364463	0.0908762219829
0.836520847528	0.301289920143
0.500548021226	0.360573054451
0.590689893964	0.351299445674
10.5770351342	0.326708188532
11.8455883267	0.341389908804
9.97852502086	0.340959015894
17.1495623532	0.32543015742
13.0381006667	0.319801341942
16.1625157564	0.288334668468
0.0965558416202	0.288733387067
0.509387877806	0.428861851313
8.23080369286	0.328299120606
12.6921060138	0.344581383888
0.840678377058	0.465849638057
0.713958103343	0.352444238452
0.200297797782	0.461086655682
4.20151453773	0.293271796026
0.296999329423	0.372110130714
0.0913746141657	0.251281475794
1.19468537043	0.401206646514
2.83569733441	0.313465130812
0.125694918916	0.213664844945
0.0368982494681	0.250116910051
0.368172674535	0.387234376551
0.371792765222	0.420648325078
4.40430121173	0.357754600769
0.995301827225	0.290825568865
0.976920195054	0.432664240767
4.45743426863	0.270581674542
0.359293064948	0.452391784425
0.350282610536	0.426904563941
4.32637148152	0.31349606632
0.189819777046	0.545261498715
0.387577729925	0.24223335905
7.27649393826	0.318989569504
1.99057179996	0.364568271374
0.11347784215	0.195569906212
0.494258704854	0.435038988644
0.594208896471	0.437082772759
12.8630216634	0.274662980706
3.45417919144	0.312855281735
4.62241459216	0.333703394654
19.4967049256	0.32421223416
8.77732296175	0.305913466132
5.89832018928	0.310626326915
0.802475677475	0.328545931048
0.0162459231609	0.40496097267
4.44805722248	0.2393703888
1.39640843428	0.22812923076
3.0451314405	0.263196217728
0.240719640675	0.254660347966
5.02021892573	0.329212894755
0.731088630508	0.400366234923
4.91864500509	0.30838035556
5.08483765925	0.296091381841
2.46228940069	0.302210307816
3.17950068517	0.318705993125
6.91445225468	0.34908794765
14.8228309416	0.283236772841
10.3858876341	0.328025133217
10.8712144473	0.332985003334
7.77759789076	0.316835104521
6.17442309534	0.332985856542
10.66453668	0.313473014114
3.88072856245	0.336643245269
7.4504211458	0.337762051111
14.9253044185	0.313128503758
2.86850541812	0.261110888071
9.9082800983	0.304328929102
6.71051764138	0.306425683109
1.13860142002	0.30216481598
0.580903392209	0.468812612734
1.27337145052	0.392576216784
0.450044972079	0.366731998232
0.403380477531	0.150564852152
1.47902586939	0.379711307726
0.0	0
6.3494312812	0.318738442529
0.507269088896	0.393673808027
10.1069210932	0.320326101357
7.39616011701	0.31427653974
0.0498077260615	0.201290603538
1.09856459498	0.204110579753
0.587673347704	0.399977054352
0.719372877315	0.222209495904
0.219860139789	0.241683215133
3.64335792071	0.359200201211
5.21828031525	0.309032259946
4.26323248057	0.248004528761
0.880626903393	0.249289189833
4.2613189682	0.315581057664
0.36330809521	0.389594537032
4.06507210894	0.347391123087
3.01259781936	0.293241714755
4.53757611244	0.285554216445
6.09278817862	0.287473012945
0.00947401437747	0.241284552093
0.0618733422419	0.206745200317
0.128575451022	0.469282571395
0.362358092978	0.42831082232
1.77786332706	0.310744949708
0.0386428374538	0.26270397176
6.22732871024	0.33454461105
0.0501281963478	0.400066800814
0.0791883459708	0.293607414348
0.0561436589566	0.50985376273
3.61521140981	0.293236374205
3.37590518317	0.312052696584
3.61317813375	0.279828067311
5.04976598845	0.30012815705
7.41434872569	0.345681428116
0.0	0
0.0806003513564	0.14470246652
0.127384835193	0.241224894309
0.0191935670405	0.826200391319
5.89778807516	0.323868418217
0.675484223785	0.383443650173
0.0360600993819	0.34919644456
0.0157852876462	0.591509775968
0.207376641485	0.224553707007
0.0843314796381	0.199773774026
0.187624858392	0.527950747293
8.36076910686	0.313342347193
15.5051924929	0.344694284399
0.0629028119744	0.589367711934
0.0424579169046	0.29378202918
0.0928496151621	0.350196192985
0.334451966764	0.234325887026
0.0362813021757	0.235924492551
5.05603307688	0.258035484374
9.45084935487	0.28938991082
0.173891452721	0.374616048119
1.55739336382	0.297948631894
4.86542121692	0.30437865979
41.656066981	0.301407913172
39.1721017513	0.301018748387
38.304177667	0.308358514288
0.748807283298	0.359799225278
0.421510792412	0.249077892456
36.1820493055	0.311702481558
50.0	0.297388450577
0.0385820336792	0.311258802416
7.37602829917	0.33525862468
4.03273868536	0.308663363775
2.72282543281	0.245957815266
4.70750811563	0.284452377579
4.99144668333	0.41575543285
0.462701803141	0.454512783654
12.4976400565	0.307839062336
4.03210947944	0.264763598323
5.11996554187	0.33886757116
13.6738702003	0.339983222352
0.0816185869044	0.171130502562
3.07382728069	0.259157345831
7.85074336106	0.318754833057
0.824419204841	0.308363324942
0.362843462009	0.301212639248
0.416086650978	0.408998729736
19.208646707	0.336065828751
4.23900221716	0.336048057832
6.87061611964	0.33946989777
1.29205834703	0.379104530828
1.34284777718	0.313872361923
0.47569799665	0.46699466996
4.32154403849	0.292808767187
0.08135806128	0.770545954282
0.0081987359196	0.142500814725
1.85531330487	0.292001329963
1.34342872923	0.241469305152
0.58470548727	0.230664524298
0.0783307724051	0.29038693453
0.0637940015335	0.178026101812
0.0745064020709	0.657041383651
0.382935904493	0.41807970115
0.358810446585	0.410318029958
3.37059741651	0.291344413023
7.68588330203	0.328509483877
0.722668626326	0.346241564083
10.7853843184	0.338826790674
6.71795974568	0.330961941231
14.7555950483	0.317251415046
0.0399341244524	0.25431063419
0.0846972004299	0.206151023844
0.13489878495	0.253035873975
11.7207835821	0.299940872733
0.0828917526137	0.319678502005
0.873304412725	0.187051690747
0.173003650078	0.272518550771
6.66979551955	0.316438039414
5.72048924524	0.341825792605
0.188328691989	0.381776747774
1.00067552977	0.199240909722
3.51013307691	0.283781499618
0.382549190978	0.390980722136
0.406423998074	0.218994829688
7.50468143116	0.263131593747
6.29069918597	0.344589567567
8.7956877882	0.326638386348
0.0613957401574	0.348330310037
0.0685311494716	0.371548795354
0.0643272408513	0.19425472106
5.08778653428	0.295970843473
0.472463377581	0.244094506415
0.193523261307	0.141726456844
6.68940137382	0.347011471127
1.70380505166	0.326399600038
0.329143084225	0.326216584524
0.155720804135	0.327665408268
2.55321146888	0.356757017367
3.06633084892	0.327584058432
0.0339391085058	0.654399719296
1.88266269064	0.331146244795
0.285973425894	0.277037095658
0.0254661022135	0.414159666947
1.95970854054	0.353512310319
3.47460522832	0.346108235312
0.386803422194	0.308973311164
2.75481070951	0.237339860986
2.34007609695	0.272377130696
3.77734096732	0.287819292295
2.27305527598	0.375139684303
2.50285134759	0.346677377685
11.8407388599	0.331656059745
0.39781181321	0.152187611133
28.4942618734	0.319510013918
7.27394236683	0.308915878018
2.41126283024	0.301570653513
8.83527706283	0.392071209122
8.24076312204	0.345010187462
10.4267733025	0.337991003722
0.0394023396301	0.27460707232
6.89762696335	0.325911475732
0.127462407214	0.282055371
4.55201248561	0.298553443735
0.373055012098	0.385503862402
0.192212322495	0.397712478535
2.45112717658	0.320628876687
0.499619771165	0.316645912813
1.77175651029	0.217396042988
0.115081343211	0.206979838405
0.164568409413	0.250062049353
8.43008596214	0.33357152703
0.0646616538013	0.067793535831
0.0819080004185	0.293607414348
6.02294485732	0.325870739105
0.897915499424	0.320602593165
5.53563950559	0.300692964069
0.15967149322	0.313211796893
0.0312370694299	0.280832741637
0.4067648796	0.436831300365
0.667346162889	0.38205501426
1.55034239057	0.388597257691
0.623130948376	0.433165645503
3.8154521576	0.334128684302
0.33979809287	0.424353280409
0.101385206258	0.253077078723
6.964361762	0.293372630279
10.0178670367	0.324427090751
6.62498161625	0.319967516383
0.448866512598	0.30559445601
0.0955886539871	0.618269361757
0.664639501085	0.340337394876
0.072553998449	0.308794071854
16.7747893378	0.339426026176
0.0	0
0.996089541607	0.309962906994
0.674494433239	0.352981622664
0.652949993928	0.379450153677
3.743634562	0.320068335164
0.165643613717	0.36656090348
0.0384590190073	0.24065838878
0.59759048026	0.410268534016
8.55354489483	0.339126371774
0.0239576157946	0.26745794849
3.19960504002	0.296865211258
16.8249988872	0.32470682833
3.19027705944	0.280560581734
0.089356653444	0.305518451599
0.338677404265	0.226538273502
0.0422149199099	0.102204877766
25.7017937441	0.316782002577
1.92747733191	0.188257694561
5.44804000627	0.303145375963
0.539085655931	0.42362745498
1.25159517844	0.255136119082
2.54139485779	0.340923627497
3.56047993688	0.349374595861
0.0850914593489	0.283267697401
0.151632179075	0.208286009967
0.195610189627	0.344859420306
0.889676134931	0.228368344028
0.579561253058	0.36683349993
1.12248765382	0.327106072406
0.691376069399	0.315763917588
0.0336605095615	0.290810757098
1.70480488301	0.315692237274
0.00366163701601	1.0
0.0763100887897	0.252811175088
0.294287776912	0.172041347183
14.1525895531	0.309414950426
6.46722500025	0.33230136015
12.6313572235	0.322312134649
6.45323102067	0.36075184398
0.0747499860656	0.294281605283
0.0710863548872	0.480169442023
2.74016031152	0.344566077577
10.9570139142	0.319270499209
7.06708965902	0.341985291053
0.129287764225	0.241416444118
0.0554116260219	0.665998412739
3.6175152619	0.302094157685
3.28972178572	0.332418561084
2.27852242563	0.28244666737
0.0613220684482	0.746565622797
0.144171475101	0.195123960298
7.75198773226	0.316670014259
6.3625969594	0.28584455578
8.57263617864	0.329469933299
5.13772544177	0.363474832998
0.419256861206	0.419565847698
0.386877795602	0.476318422321
8.19675407752	0.331932116787
0.587427517854	0.472307842355
0.632966658136	0.468411571489
5.05368452016	0.320636315907
6.58584693775	0.33390410129
6.36372213699	0.317911249239
0.69505228497	0.371466886766
3.64881660825	0.30704832049
16.260416828	0.32108967443
7.72861768802	0.31479566853
0.0	0
4.32965790691	0.364479551914
5.2966043528	0.377560360395
3.92861943502	0.284819961541
7.07551200172	0.314829640948
2.50867884171	0.395615408332
0.364051014902	0.255502802475
1.28532801127	0.396660464299
11.7149856814	0.297571898835
5.04675802765	0.333130365097
9.31311161103	0.327429563054
2.01591838353	0.342939249359
3.52818208099	0.276237583012
9.3024902343	0.30978797715
4.27582360043	0.278952684901
0.2833222067	0.307149252094
1.64903189164	0.376386343486
4.24183395764	0.333044113826
0.117951781518	0.284715231972
2.73011377288	0.37668195583
0.506152534489	0.367716756204
0.419525286198	0.408006851245
0.0476659268398	0.389315277706
0.322941872261	0.362725845777
6.22278569595	0.302594441509
0.0926748414713	0.0927391406669
4.43157771322	0.3044272477
2.28827417254	0.346661160844
8.34242931031	0.339726596895
9.82960376932	0.316979014492
0.914066969337	0.321971599633
0.427875715289	0.44090485708
2.34066711576	0.289411541504
11.9288846164	0.329922295475
3.30361556005	0.332607077331
6.0495044204	0.309141692053
0.0407274693678	0.867877668245
0.353771055216	0.419561180715
0.18234970534	0.541248027722
0.10985432643	0.289076709548
2.46850490223	0.308366338703
0.108298751692	0.327650145528
4.99895155651	0.293725473153
0.298093106786	0.4580284107
3.95383861175	0.28237786592
1.40037975368	0.30433464788
3.74421358867	0.279961422966
0.342541614185	0.381880071011
1.71533314291	0.270018735294
5.03468820848	0.293656511686
0.781909542059	0.476296025602
0.473588802281	0.25448161843
0.414041634874	0.219416271184
0.0811993062886	0.332970282326
8.32329463981	0.367050145483
3.39455417093	0.283503211016
2.7537611101	0.354595213473
9.96273985246	0.322903167431
0.559434833866	0.40465397407
0.46150292485	0.32898020006
0.0385335058248	0.260395727398
0.037673513621	0.272415950699
0.0	0
0.0265034960328	0.501953994365
0.0228914537453	0.314618301861
2.15221584901	0.354826526083
0.0570558336409	0.380485197182
0.0960230403446	0.219389501722
0.0744075142165	0.29508070751
0.0806840729857	0.41729134555
1.76737306765	0.293617073187
0.226634352689	0.136244783098
0.118623540077	0.0477027045564
0.0381306022414	0.424889472938
3.61370956332	0.319137241109
0.04562621148	0.176883855014
0.0298950030522	0.19078159408
0.610651936294	0.416586961425
0.622899350534	0.408002382592
1.35790998031	0.347567594056
1.3192993778	0.352418489343
0.445659308218	0.308898997653
0.456889085764	0.36386837935
0.0393731065085	0.358546389778
0.0998119208945	0.326030224524
0.224143892629	0.330005192719
0.0227587674029	0.368121577271
2.9657711784	0.30583405546
0.0861472704521	0.264861948849
0.0721317702195	0.523899910045
0.099620173807	0.373986584588
1.74929027728	0.32279608487
0.407739968395	0.22815289028
0.0409249895582	0.16491362568
0.203276098794	0.492935354738
0.0769407764112	0.353831484339
0.558685011466	0.377802667662
0.134857180566	0.279278993
0.0776293843753	0.259257536141
0.485357431474	0.488205052075
0.788126314677	0.30420771366
12.9338467879	0.335879110536
0.294740445973	0.280640427314
0.0196849722593	0.545260618112
0.931260197769	0.383304404558
14.371699061	0.323559323103
19.521585955	0.315165235055
0.0366108438406	0.279157211016
7.0783027106	0.297310695158
5.53631234698	0.311788673764
21.2294203779	0.301793342855
0.286381102974	0.519466816218
0.711207684614	0.430836928762
1.10924148884	0.236605721063
0.163382786039	0.471875778634
0.133214004933	0.46840879375
0.446265336822	0.310695128408
0.125127734575	0.295678680629
0.150315156836	0.38736142901
0.0356143215594	0.427244660454
0.335805718357	0.313276394261
0.149248519923	0.283933710743
0.561143238454	0.354300934913
0.0	0
6.54529221098	0.319680470669
0.582551323421	0.41932500363
1.09759409951	0.253781396407
7.24107101557	0.315647379573
0.0516907886701	0.193075505784
0.70261387719	0.372450177706
0.0064751171591	0.582178933299
0.410531557679	0.41231136846
9.4795810683	0.321008014093
0.0826000358419	0.402985807949
8.41419851251	0.330396272898
13.4173859975	0.301525516268
2.95039270554	0.368716577302
8.52133341458	0.324385787993
0.0967256298562	0.468606473921
10.0059783005	0.328698347954
9.12706557408	0.33966209843
11.1577301177	0.324262142047
9.92441041251	0.32427862325
5.44035224238	0.294558576695
0.0763547230499	0.263902921028
0.0220594308638	0.427212709891
0.0233272297905	0.453799858566
0.147080627507	0.217193167209
7.00143592271	0.333754767231
8.05891891858	0.284290103927
0.118242245707	0.28239005618
0.670440036723	0.321818746726
2.32314523001	0.263932325878
0.39002999732	0.259364265774
5.4238480493	0.335181396066
5.31448099438	0.341074557175
6.01007806872	0.353439657553
2.56033012985	0.304138830779
5.42358009796	0.334207607899
8.24913847955	0.315959208368
2.74813907292	0.257525075547
1.7976772296	0.242678018051
0.0367971767935	0.348713989097
11.4638986142	0.310783205519
7.18068607079	0.319368836836
0.46368969327	0.448210164092
0.359440962209	0.431202487259
0.118792365568	0.411487615378
0.963216440648	0.221430446185
0.954692769021	0.278126296865
10.7456094327	0.36450574672
2.98046639259	0.258916839012
0.396840695239	0.282123250834
6.49512037054	0.338703149974
0.0440515214779	0.647210690279
3.19287351281	0.314967598231
0.0838093460957	0.324013286689
5.15355112987	0.294716962616
2.23558923221	0.316025513421
0.0201311839895	0.259667879037
0.167261725303	0.543149722132
7.0578955575	0.330041114506
1.71875944177	0.30759071006
5.50952388842	0.306230929461
9.15717719013	0.267825321113
0.0243809408142	0.474273057047
11.4470155099	0.326446852445
0.0285006984253	0.170933573721
3.40561628852	0.313698853649
7.5844968782	0.32209684795
1.05053438577	0.258665232545
1.37335909373	0.314427108796
0.353492082369	0.421119174107
0.353492082369	0.421119174107
0.622550017522	0.382149566156
0.353492082369	0.421119174107
15.2700138385	0.337013761905
9.42619800648	0.360983345608
9.51538574234	0.318656000185
0.0919718282061	0.408168326888
6.28371397539	0.363855024538
24.3304360385	0.310667855819
5.45467882014	0.312343388645
2.53805587567	0.264408859898
8.39303247486	0.308720135409
7.58195119492	0.329000831028
2.06708623893	0.225430826895
0.653031816761	0.383558831242
0.133738631964	0.280991894732
0.0753349376541	0.299228826377
0.0357755904231	0.301918813296
0.0570079090294	0.467363505168
0.265833355432	0.268943232365
3.9599634823	0.274659457163
17.1199270237	0.337832461315
0.298670215078	0.265025189044
0.049831330302	0.106849447938
0.104944269974	0.434556583173
2.02214316655	0.320347366791
3.27688524591	0.346482836718
6.59341118714	0.328653148792
3.41865185017	0.394095680912
1.4026538013	0.294483717991
4.77501748775	0.385625263997
0.26278574236	0.389962137347
0.0922471342918	0.350175221339
0.356487388652	0.415369372524
0.0713276730379	0.401808430962
2.67286187622	0.31307696118
0.0840500996316	0.394633210109
3.61425007113	0.302820556402
0.311550689997	0.381756251735
0.0725977440591	0.371140229627
0.0771575140549	0.359557047928
0.076148205472	0.328762110942
5.86987320593	0.323832523224
0.0381773615249	0.263902921028
0.0297984919894	0.848066603235
0.0312370694299	0.280832741637
0.384846752302	0.29613847292
7.07708735596	0.298373325761
0.00864151520489	0.628506221094
6.91279394829	0.33039491861
7.00644942386	0.313431778236
3.31358580721	0.380879455497
6.04555439315	0.325058051668
5.24919431635	0.32867094015
0.0262093326806	0.186841260148
5.80915557097	0.359096518544
0.0770952414589	0.247994579632
0.028622654945	0.371836756798
3.20396369275	0.402478676784
0.181172669287	0.273500190883
0.879485113508	0.230661885223
13.5400256659	0.306923716103
0.147699495991	0.183363089354
0.473549147159	0.267713446567
0.0447878471718	0.193120121958
0.0406836153337	0.510257679503
27.892833313	0.327358612248
0.0513876453735	0.339053867335
0.378295248921	0.444268046959
0.18463559711	0.452220962461
10.5458027499	0.317686359137
10.7355794031	0.291327751301
10.7762694906	0.331940497153
6.47685651474	0.30925770454
1.5718406277	0.337625503892
0.752277820234	0.240340070966
0.025463810176	0.135177726144
0.0	0
50.0	0.3025346164
21.8959489912	0.320369392412
21.7063618989	0.335078079091
0.962867079856	0.355682776726
3.68937219774	0.304212122732
3.2222149916	0.338760251092
41.0925311001	0.320348066035
39.9812114095	0.316070638134
0.348143556992	0.186574241702
0.12677451911	0.155354419188
0.0515889381861	0.275254715084
0.10490677743	0.349723508593
3.77836224455	0.309033276978
0.0224497595638	0.612822876103
0.474744864833	0.49008759427
0.394739305023	0.428171151975
0.639946443929	0.397901996554
9.26734756217	0.334036130352
0.250612953624	0.252895530076
8.63393071464	0.335771173408
4.89369873554	0.317411357353
6.15586007368	0.353982340425
7.09691417159	0.342431747429
0.0343487869718	0.214508761928
7.86235342893	0.284844178841
2.74817438465	0.271497445985
5.63979254568	0.325562935792
1.75794108924	0.324951045092
0.540907653185	0.370793984179
7.98513827631	0.331424205069
1.66825342254	0.22672228305
0.17178490668	0.292972131359
1.921160027	0.303434409207
0.161238200443	0.11538526799
0.501568275667	0.312302180404
0.0821871906369	0.248904131076
0.844667600744	0.325567872561
0.128979858788	0.366999081419
0.0933513123691	0.119563686743
0.127990576171	0.479383289035
0.458803570484	0.643336391214
1.76309134842	0.345783802285
10.2132757872	0.310302018573
8.30419514709	0.342926892795
12.5196316055	0.33202492239
5.88249664181	0.349910117682
11.3064348584	0.329818074744
1.69303898079	0.307416633713
13.61690098	0.304565059274
12.114595447	0.335016253625
17.7550559777	0.301662872942
0.138733134415	0.320696346813
0.0582504273551	0.439494101841
1.69400264046	0.285054722303
9.7424260207	0.302432908844
4.25363332668	0.326947900314
0.0763623633211	0.297591697974
0.14989267049	0.196908320839
0.0761487373705	0.29431798962
0.152220920435	0.281247852662
0.182617140739	0.275825519178
0.329026898397	0.387698740181
0.13554345595	0.346856066374
7.80380286286	0.308020839587
8.14806446503	0.319227543622
0.0489255166679	0.703291314697
0.737054571032	0.291805213972
0.0300242299479	0.251821377263
0.0306094059209	0.419319113286
0.03730220903	0.0586614034071
4.49119756078	0.270309355666
0.0254319433975	0.380912781499
10.1513938677	0.303761642589
9.0404513296	0.364452092411
10.0277722929	0.33244368469
0.0929229140503	0.308341488819
16.4886596969	0.315091603514
0.0818911088474	0.182827838515
0.0929229140503	0.308341488819
6.16494420553	0.321061308198
0.0821348573882	0.176438783807
0.751693454898	0.385428885442
0.0185149360061	0.201147396653
0.116615394748	0.301452855589
0.0509933173908	0.398358309844
0.237492323222	0.24329352592
12.6566510333	0.310416656629
0.632918274086	0.330745593077
0.0892190911142	0.304877785327
0.177076463785	0.444227843768
29.9291609423	0.332048319354
0.380848353359	0.449896073725
10.7974341648	0.311330720176
5.95578764737	0.340392081408
2.35084301327	0.299801487204
5.56388697402	0.344131691793
2.3154930943	0.408371337971
12.0364013083	0.322488838011
7.41307172886	0.32765479033
7.35662702393	0.328635661011
0.0894634468866	0.230392262578
3.38274150583	0.158465371776
0.474864357652	0.195672110051
0.310039285239	0.29767533979
0.572477945819	0.439104407345
1.02615068839	0.261387335941
0.497473436757	0.118553775954
0.247423009412	0.23839129173
1.25121340863	0.26024567673
5.19062432827	0.298635603447
1.04194751388	0.279309598114
0.0334211783716	0.174443313254
7.25882476521	0.340394315911
0.0789475269608	0.221054114065
0.789882566455	0.288261565746
0.0394715630838	0.308451666631
0.0389997447932	0.238720553968
0.100598959605	0.472990760034
0.676548350216	0.262478332327
2.94033780576	0.423446098676
4.70025479789	0.348986244564
0.117493755032	0.388950693256
0.490866289987	0.401717769315
0.498054953991	0.413478986162
9.82385673062	0.317125095653
9.16452696405	0.320455151643
5.63163288155	0.309221082463
28.5575684088	0.307380154502
10.9795527297	0.322048312629
0.0741852218644	0.405904078102
9.89903029652	0.321779745236
0.168087565539	0.36542332793
0.251533491162	0.328153827818
0.271504408375	0.275992100234
6.59464996942	0.304946299642
0.0	0
10.7661282447	0.345057625277
2.48677496368	0.277700154652
1.18136910937	0.334171667737
8.69536853911	0.332096490129
6.3282549731	0.427678831948
0.0644027505305	0.289494101588
0.0353054115453	0.469798384352
4.19201912376	0.329102057762
1.97257760774	0.385423910474
0.0575651345976	0.506140079688
0.480677797877	0.334485575671
0.0397200410684	0.341160800091
4.53850266059	0.350276400764
28.611272952	0.335831194147
5.56371542031	0.290260674149
17.8027894502	0.327666870135
27.468406263	0.309515490818
17.02339415	0.318965893307
8.8044161828	0.33912655975
0.580950306589	0.283111828678
0.151635121827	0.437461139949
11.8734501284	0.316977546465
4.77402337939	0.323093476272
16.548005166	0.298867658295
0.399194531465	0.146788868067
0.299878096569	0.231762956268
3.69070969366	0.236385693371
0.379479574121	0.406236211204
3.68813121852	0.271184133719
4.8197182636	0.325136438028
1.50101273655	0.282893739881
3.94028733725	0.350393329738
1.64699824251	0.243225035516
5.89593253609	0.314782199627
1.34517209857	0.265154771
0.750810931271	0.461063549587
2.54565099079	0.236127471345
0.0704877151081	0.137632066143
0.501735731789	0.305053957469
0.584858453217	0.254995639462
0.864248561081	0.281616416255
11.2491125852	0.363658536853
0.602880664613	0.377047220489
0.445623569219	0.393341130357
4.42280961884	0.240808962671
0.115685893852	0.406235323562
0.789384543694	0.293621533669
1.70758888079	0.320810158149
0.813422717814	0.271143895955
6.18794534396	0.288239833197
1.83769468815	0.288327838027
1.60510160175	0.437155005806
0.276481905642	0.162848270876
1.62557254695	0.303318573225
0.115249710697	0.238569379173
4.23226305042	0.309935073751
0.116615394748	0.301452855589
0.0374211447264	0.298978579717
0.0744332646417	0.279722698101
0.752165432382	0.372411088245
8.1544489813	0.29558315749
0.268639294905	0.25403789768
0.068844609004	0.451925967455
2.85179879673	0.347041948399
0.125285941481	0.208967803656
9.84042661432	0.323475182865
9.68520471939	0.314942591602
0.133182116605	0.298645942283
22.9727848744	0.343976429015
2.15653012123	0.312486761018
5.4102100085	0.311473358137
2.99568430349	0.308727494476
4.31955935412	0.330002763943
0.351606584065	0.394073466502
0.504488899747	0.369281485491
1.37289189535	0.326600601061
9.72015442818	0.302842206589
0.810336623594	0.280941420388
5.31685391139	0.335508811524
0.0296437807769	0.158373605943
20.0243535403	0.338830850447
1.53581463201	0.26908981842
0.169704066611	0.181835494301
0.41804360819	0.30031464813
0.0905077972028	0.309187224387
0.0425943219975	0.309694486149
0.139898192051	0.278347345746
0.0864067409651	0.354646828829
0.034395029975	0.144263297126
0.0489918957388	0.382812785773
0.981283143061	0.346548526789
7.40653456861	0.314433458266
0.0775624039359	0.301191788751
4.30192742163	0.293135805228
0.456971168668	0.405731791418
0.695573612779	0.370927755409
2.03934002477	0.39401292791
4.03346078619	0.301311485691
1.43419439675	0.321404185231
1.45106836669	0.308377985698
1.64998775156	0.299724329936
0.0862205814591	0.210172255056
0.0553537804281	0.345034691509
3.05707308246	0.252040342388
6.38676611807	0.311243662388
0.323811813446	0.362620020465
0.011507346453	0.442742694878
6.04907254989	0.302522120243
0.0247066673423	0.207650338329
0.497576210971	0.396063362635
5.50042392269	0.34715893527
5.50104768135	0.34721423235
5.11609782763	0.316431483401
8.58029399915	0.361940983306
0.160354145339	0.257136637775
3.92889118561	0.331159831448
7.77344769315	0.332539654618
8.59866593958	0.318043256859
0.600595179915	0.329461313039
0.166281338623	0.332576603729
8.32315573187	0.330895497389
0.0151976229609	0.423289686202
0.0762421862065	0.288083286572
0.0	0
0.833931181513	0.322142236392
0.0	0
0.0478244541228	0.409227954108
0.243902534488	0.271269373657
0.0834344627639	0.290174346559
6.27260343163	0.370120277217
0.267020653752	0.200288030711
6.8530104329	0.319948541656
0.033902274537	0.68787346144
0.0152315493862	0.133058960089
1.72393249464	0.294887707673
1.59106847539	0.298490428979
0.0534736566244	0.356358116055
0.00159676810745	1.0
0.0460760447628	0.238834615502
4.05346764665	0.312150496909
0.40565607978	0.651668308864
1.07515478389	0.367700390135
23.2217586516	0.331109418699
0.191268529643	0.281531585332
0.259142690351	0.458944292206
21.507810006	0.307808458899
0.225160717535	0.522184642734
0.0514529487675	0.355951066112
2.85366967196	0.440563231287
6.90691803383	0.326729916791
3.77727063339	0.352340878343
0.0	0
2.13069508153	0.341450848679
0.00260393890858	1.0
0.480125531518	0.0692111609762
0.0608945857694	0.312418117711
0.427828492995	0.189556548381
2.55794831446	0.306664774856
0.0387274860873	0.166718749523
7.64800434595	0.316231070351
1.38303219439	0.295858709329
6.02446110701	0.282110992627
5.66762107456	0.336413323226
0.0595354579897	0.123485344951
10.0287995061	0.311547332822
0.21787242843	0.328546700749
1.21005495353	0.255244308527
11.7453297057	0.321080233178
0.19382376582	0.200491623024
0.518973125467	0.404086254452
0.180743352389	0.185269809763
3.91100362829	0.259939574011
0.475025310169	0.426362170055
0.0845217362371	0.274419459027
6.86390819106	0.319292771161
4.34304917367	0.338874220058
4.82823469143	0.328882244668
2.67272219876	0.287325107092
12.7958756176	0.270450212729
15.4113012562	0.256171724788
8.43432371716	0.331462419052
0.0513463912637	0.443361980157
8.71322586578	0.29306210889
0.0783291023995	0.326642178414
1.34346971529	0.300527068044
0.0779863642325	0.266169397368
3.84605504083	0.292038342629
0.0185149360061	0.201147396653
0.074438091648	0.171987915172
6.97784994905	0.342799816177
2.2490457974	0.245328827024
0.212852815505	0.256876427077
0.367949014377	0.445470548594
1.82041462942	0.440448973972
0.8286836529	0.341422586204
0.367949014377	0.445470548594
1.29254276677	0.358480597007
0.341412512702	0.401681365526
1.77755161888	0.380166897382
0.398343343676	0.377371508344
2.06861329931	0.279493238739
1.2537173232	0.280424833484
3.65250764824	0.319577515284
0.100412269895	0.199714360972
0.948367656728	0.254423124973
4.19967855208	0.314141092195
0.017463075576	0.130020522096
2.18974937263	0.324032680105
0.0254157048778	0.218398964361
0.0389657837053	0.27332594932
8.20359822858	0.279241530656
0.80416648159	0.401391456678
0.0114908588803	0.457596230662
3.7176109351	0.306702626827
3.1846716977	0.382014783234
8.30587130409	0.324236827285
0.908146945762	0.320125145256
12.2767338848	0.314732848002
11.7610915431	0.316973782212
15.8953516633	0.311579501287
11.696383031	0.323081598726
17.7631156714	0.292839891617
0.194760271029	0.319133107439
30.3915780312	0.298758334078
0.484504428399	0.28675234305
0.089212762082	0.314063191118
0.0706772740656	0.59707327078
1.73012218609	0.368170043824
4.10034956181	0.334066641224
0.0443114469481	0.338246164938
11.037032303	0.306101151195
7.85026005003	0.328505653698
4.20971100088	0.26874036718
5.60275981369	0.290952914768
0.129588045206	0.309958693827
4.43768353161	0.344577150198
9.41138979143	0.315212002205
5.49602224644	0.364099703444
5.21170505029	0.306892295078
8.44990039229	0.336352396931
5.31938255258	0.31203420113
4.34559481217	0.281613948391
0.911252458374	0.294849331648
0.0102547286729	0.593844658584
0.0219791095102	0.561611094441
0.0234356504443	0.177211740329
1.45372758391	0.508076751751
0.362430554486	0.458226829324
0.13053344185	0.0272235785883
1.27522861597	0.317509370655
0.0463531792566	0.234671519187
10.3392010417	0.331264438586
0.0130518403669	0.417170409266
0.414454286779	0.419280507018
4.9062521295	0.391051445086
5.9821138917	0.34070562081
5.78590398776	0.367573607365
0.151563412505	0.328110095939
5.41382195877	0.320795399809
0.125685933619	0.0780345494722
0.0918636320962	0.360181485158
0.0320718792004	0.509879034934
0.388115374094	0.450869909961
5.55041695803	0.324680506723
10.4205047227	0.322871647184
3.96202252111	0.333368091029
3.54074390297	0.329333796239
4.43645733025	0.347683661509
6.02370523187	0.305297388213
4.29249838227	0.349205347942
4.53523557668	0.330883236187
0.494384700509	0.333029710793
0.273075981036	0.291750816651
0.843656832748	0.279548054352
0.95977880326	0.300246112173
0.438821339328	0.307537254517
0.0290537431348	0.405874186828
0.0531583720757	0.479045289421
3.72447811116	0.423321652714
22.6921571008	0.31873439652
15.7512156438	0.299637988093
0.786550243514	0.40537624368
7.34724174603	0.347831906337
0.015589619727	0.366562087128
0.0772741801629	0.471284828965
0.797398509385	0.25057265201
1.10415374688	0.227852133657
0.926061222129	0.251601767115
0.856104438201	0.282456226265
0.472119666546	0.454410502167
9.43817996258	0.284065782353
0.5500555988	0.389924187197
0.0	0
0.0600706962401	0.548502762817
0.112972731039	0.410411117157
0.213424130503	0.292119376912
0.0694845817973	0.302098533531
2.63882475509	0.326788909395
0.0321570990144	0.308134184061
0.100773748676	0.182864623121
0.41642053417	0.376131973177
0.0983988128206	0.277034450586
0.0875522183975	0.381996702036
25.7029671137	0.316667683358
0.0586587165665	0.697208310629
11.9756205861	0.314496039102
0.951880123449	0.121134511101
0.128503246864	0.403923666949
6.73433683473	0.386883760033
0.124329676365	0.32388449756
0.0274638817571	0.295234389702
0.058604805542	0.265019272451
0.0780977795551	0.319189643336
5.1549819437	0.287067497423
0.638632046796	0.0344037505285
0.36304745006	0.437849126505
1.14214539521	0.326882787647
0.571222210975	0.548851051899
0.157903727131	0.117546562587
0.476522670154	0.372109643321
0.190879845004	0.170396256615
0.236204180723	0.629676037183
0.276498361112	0.574125617603
0.519034826449	0.428206498112
7.51744635036	0.310413800777
8.09205641677	0.304382985384
0.360271112486	0.433582078456
0.38250664272	0.4138621857
0.402924520407	0.41032331312
0.325664325726	0.351903730209
0.340818536425	0.396436001705
0.367949014377	0.445470548594
0.307200214535	0.449295865407
0.0920174429508	0.810482481736
9.35247348971	0.307875887516
0.581422172396	0.306633258378
0.563950924272	0.423884222124
19.3913156211	0.298696545452
1.23366787597	0.427917443536
2.9438059078	0.285611013175
3.24005038103	0.288279673135
8.55456868623	0.285848788566
0.102250577164	0.298249030949
36.2582858722	0.320383215504
0.049134219327	0.261830295297
0.60950674071	0.429746453153
1.88683278577	0.296480800691
0.102180612495	0.273629611008
5.81189413249	0.346837225229
6.18305707594	0.33458469671
8.44666614903	0.327122587822
9.19332281147	0.318979052045
0.0989404070711	0.245644758307
0.115494173032	0.288876118918
6.93910374421	0.292241642008
5.03961319464	0.300234892834
0.0847553198155	0.250062049353
0.0976724609707	0.528327787174
0.143028301895	0.527465831174
5.93579289543	0.33542331037
17.3119560508	0.315905176618
0.00837124394192	0.537545414336
3.59290397149	0.256522045962
0.032730979012	0.20357434496
11.9791599465	0.324889064389
3.7248070565	0.323639664435
6.37839304073	0.313915107292
3.70188865716	0.325997063653
7.23824314916	0.276198296784
1.30017746044	0.281845054758
10.2077823572	0.32381641999
8.43424119961	0.31571461549
18.7245394204	0.311273116995
5.41997556466	0.288935700681
9.23199210386	0.336848496195
0.150844385892	0.240873723985
12.7182525681	0.297197531976
3.124783347	0.29906391663
0.39461832812	0.483116283456
0.157584614374	0.820707849517
0.0954930395034	0.268866217712
0.116553769506	0.308928928721
0.319632231016	0.321975742495
0.73286055641	0.372949101467
0.0786170270608	0.419428973809
3.01509803998	0.337541709992
3.47984278302	0.349822963487
3.38355941308	0.340087320694
0.809078088867	0.320697624357
0.861841574453	0.386928994655
0.0358813353234	0.298432327512
8.09773975393	0.358583460129
1.84648389455	0.241385007603
7.01865648427	0.298618759542
0.038952149973	0.28759124928
12.3900348486	0.302919182296
2.91154592674	0.318422256209
0.0384866696994	0.309772844987
0.081634046239	0.895374543961
0.382676984779	0.407968012648
5.09907799083	0.353084190793
6.42555663119	0.32276431084
0.0581226785038	0.235922605712
5.61380909212	0.340395424502
4.73924184844	0.287245293564
0.166225136064	0.284820057234
5.81354400275	0.307687598623
0.0955226806759	0.441271859211
0.116458066363	0.517434825605
0.880476788984	0.330915901538
0.581368946936	0.399568743478
0.0381146908979	0.325806305058
0.0782159552581	0.301618928775
3.09416185945	0.317187273431
0.0411046659871	0.238503799743
0.0380644630463	0.303066661286
7.20806286183	0.323912884386
6.19112285602	0.340972961456
0.0755037693901	0.087039608149
0.55194489389	0.242658883115
6.68264207214	0.319626122446
0.345636861776	0.358141543061
4.36772116865	0.327089944129
0.327277184712	0.270180970411
1.14461796372	0.225373616269
0.458373775481	0.48828987009
8.01939641923	0.371645275541
1.84416401092	0.369512928395
0.496702890826	0.281907017802
0.594653680201	0.350946524725
8.53940654294	0.323814457111
9.36356435773	0.309520236271
6.5852217275	0.334813245474
14.9104642134	0.334345857418
6.41244288186	0.322950497818
1.69867170342	0.307318144062
12.1893053559	0.307875902631
16.5151178123	0.338458012332
0.269176404905	0.573511519738
0.0905080706521	0.675680624878
1.36242758335	0.382436897882
1.8082527482	0.229526622581
5.74363389567	0.306524704228
0.0778602072737	0.274144411402
0.104735328751	0.221296638905
0.0957450350544	0.463666756183
1.62973522204	0.298328581418
4.80198125813	0.295988238636
0.768534775798	0.298634397097
3.93147203187	0.300587168705
8.00297095981	0.287283655573
2.45436070849	0.366580742648
0.465770565702	0.239485864727
18.9792972046	0.307460947027
24.8853535894	0.305552380158
0.0346526702923	0.531364174434
0.0346526702923	0.531364174434
3.97886736108	0.302055017611
7.06180849538	0.296023355394
0.473937641308	0.415802899219
0.172703494159	0.270396026937
0.116818208712	0.279865453808
0.076147863115	0.392958769647
6.83166120958	0.306164834036
10.4644879782	0.330598468565
0.332614421245	0.39688098636
0.03983117653	0.433983271261
0.358164600681	0.327220118434
0.181669134163	0.339733828947
0.20300577778	0.343480421114
0.727208954457	0.383996905537
37.3931302172	0.315338144645
0.0	0
0.100253140346	0.0672371002304
0.86493946133	0.22349194333
0.166771532922	0.183609832116
0.658224850077	0.320190038303
1.31900798661	0.35254200672
0.333608918585	0.442652349191
0.0858870877974	0.771587787368
0.715596734871	0.402176621378
0.378760071225	0.419340044298
7.64404245118	0.313050644432
0.0566890568807	0.533440699359
3.75301235793	0.319786321395
1.92315544049	0.327977323749
5.03931885496	0.337555112518
0.581104544957	0.425747881271
0.755040627371	0.270937042416
3.09209547089	0.301993485085
7.51860090801	0.340620775734
0.0889117762628	0.48310677548
5.50393374607	0.355773808903
0.169929423727	0.212494413878
0.114207391319	0.232034412206
4.02106087163	0.343376279838
5.40980619159	0.266074721872
3.57164098219	0.369899402569
5.39901463539	0.325002160894
6.24030540965	0.350002775761
4.20322106032	0.309863530102
0.0220882576816	0.292104601694
4.84951031972	0.291833224033
0.10161656624	0.36367062019
0.0	0
3.74028154171	0.268242205738
3.86834208784	0.285219533744
1.90316768666	0.285569109383
8.80058375466	0.327349448387
1.39740907436	0.284439960464
9.44994127013	0.32542422674
0.144281010814	0.30769233297
10.3097635795	0.336692612991
10.5199757555	0.321032460517
50.0	0.323074945129
45.0569724831	0.306576355412
50.0	0.32259165897
50.0	0.331741102534
42.9846671417	0.319977279256
0.762387656312	0.467825400729
12.0767097303	0.280036238214
4.30410244237	0.332148234041
25.851407316	0.297127145676
24.7947282867	0.325084363857
14.5015245123	0.329018882087
14.022265738	0.332947697086
1.73813731982	0.41564982873
9.1074779388	0.271048393084
16.318919607	0.320899060738
1.20253013126	0.447468058746
0.086397185873	0.373310772005
0.284096879125	0.15050616713
0.712453471192	0.196237677291
0.7305163527	0.603899083943
1.84404720507	0.402270654577
0.0938800568643	0.253305710171
0.0938800568643	0.253305710171
8.6302669958	0.342265206172
7.24115726184	0.325204741091
1.61012451422	0.405968019549
0.151654371293	0.276386748125
12.8164896285	0.31628335791
1.26922703481	0.476262875431
0.183444749683	0.14666655713
0.651791892952	0.287348059261
3.02029003059	0.327847945355
0.453971054422	0.334167212924
3.05983726129	0.301074941739
0.251882814705	0.143241263462
0.75656434945	0.342945253934
7.7573130489	0.30924482624
0.347016731698	0.571145980142
0.0528804174654	0.558994497406
0.129127777369	0.303081401362
0.150437836615	0.299228826377
0.0	0
1.73469362174	0.39314239856
0.0981554423572	0.654196096329
0.0663477937617	0.402478866615
0.274777361656	0.274507640763
11.6720996989	0.354162665188
11.3040860562	0.376076965716
6.73717646752	0.398336550334
0.191379886293	0.222935943781
1.90344563989	0.37994856796
28.2638733618	0.312752919294
1.08173060086	0.401629044594
1.43588801517	0.298270819064
8.6290703067	0.307910379996
0.356401402551	0.474707751349
0.864846643074	0.271639566834
3.27233090294	0.231177609849
3.47973382131	0.30313147608
0.733342684244	0.466874220539
17.149882335	0.338187231805
3.16526648307	0.351991680254
19.5986792658	0.338542293331
13.4829155115	0.300264743765
0.465903359376	0.363275051598
24.5983874216	0.291023356203
5.65910801503	0.336301229223
0.0824419672861	0.225493695182
0.375981731707	0.258473654973
3.10858549216	0.263256195213
0.448792419482	0.282944343266
1.64610550259	0.185199277598
0.171063140882	0.351395998206
5.46078064375	0.268245218861
1.87380216924	0.307389563891
0.198144728759	0.465364382985
3.51605517355	0.240632377075
0.368518935862	0.268673389981
0.124938063414	0.344934021504
8.5857643337	0.299521365841
0.195046738136	0.43679475769
0.254439669994	0.280709945358
9.66649405906	0.349729752932
8.88103279233	0.304805854997
0.178650561399	0.251153373637
0.250467748688	0.419780561457
0.12774842646	0.238030493074
13.777033117	0.305393931157
0.152758235302	0.340085613585
0.132591150004	0.452559319206
0.943352548578	0.44958119845
2.10231826305	0.380351350421
0.149980570877	0.28295005392
0.765314736933	0.429932542156
13.7685940876	0.328761029507
12.0073505035	0.333217199562
0.284751969376	0.434202514235
0.0853259781885	0.750477858445
1.06606495665	0.257647935045
0.20631156576	0.280721500649
0.0961858509216	0.350403522399
6.9295876254	0.332387389221
6.92496412334	0.253490414006
7.08114924707	0.243828312145
0.823455229825	0.430504474258
0.761285994958	0.472887813545
5.14005692684	0.315735572209
0.731952554089	0.405281837255
9.14224457972	0.321274029453
2.24390216567	0.232059564795
0.222545916814	0.285615756752
0.1634710214	0.350776912464
0.485550785655	0.341669185936
16.1998857955	0.30290870597
0.145488793971	0.746441623101
0.14433788306	0.332607724429
20.6320846168	0.320875327975
0.169603872701	0.246085337841
3.39419197912	0.368761072508
0.410594725792	0.32152458325
5.06484617979	0.315573134254
29.2108965376	0.297977670425
0.317773437294	0.180400670842
13.3975122211	0.338626412765
22.6702209272	0.307342261484
14.5255776432	0.290287121275
17.8770901821	0.292810753119
13.371646093	0.326837719336
13.3576542266	0.316478829168
0.0256297066133	0.612816598925
0.088136562776	0.768056118606
0.0206773712152	0.589219267752
0.159545278393	0.319238633896
0.642587811258	0.391669762138
2.22046923114	0.33912534706
0.0358427272058	0.325143173369
13.9288367553	0.316577509656
0.0566907445902	0.0136521969125
9.84785963023	0.297380755245
20.3853147413	0.297690129723
5.46719447449	0.362702680587
4.95858630078	0.361092704946
0.0	0
0.0763791176512	0.340085613585
0.202536227001	0.443985452487
0.391771771566	0.255945037582
0.0752700693558	0.643065121624
50.0	0.313540835035
0.181439816501	0.264510013371
0.424819007759	0.166315970462
4.19506677795	0.36571981505
0.263596103961	0.275694372542
0.864572844645	0.282667370311
3.74146606987	0.352030628465
1.38813031025	0.383093771665
19.6643213591	0.340146515145
0.679793795495	0.298874966486
0.541603476195	0.424985384654
7.1374905424	0.315727203033
0.415468256344	0.242206300274
3.30607297325	0.331180608074
14.5374796327	0.335428627124
8.05046049501	0.300906410097
11.4637332465	0.334764327391
10.5634592205	0.330619076778
23.0430268857	0.345639664228
14.9430647185	0.306035370799
23.1787804447	0.309239183191
21.2584854752	0.33030448105
0.49701901921	0.288894894855
1.10869295448	0.29123117508
4.46233718254	0.374756564362
50.0	0.318752602545
4.38703634327	0.269132099301
5.37399581928	0.257793457165
0.349317775879	0.603903376403
5.51238759611	0.327993262306
1.86915487412	0.171185267086
0.0781957682688	0.341525348162
0.089408457968	0.564130307562
0.237449105876	0.759580129429
0.632061821163	0.363577739259
3.22993837152	0.308095929602
0.950859902266	0.428904732433
11.335586865	0.319844812854
0.389084566295	0.30518952857
0.919206083817	0.367121405228
6.81250847368	0.398758484155
20.3799789837	0.330904746572
17.9414087356	0.313887996777
7.41349555519	0.299464070115
5.51296327605	0.33013044662
20.5205293126	0.29733246654
0.626602492442	0.324604969846
11.9080549221	0.324309701094
10.0502344862	0.323349094269
11.8088451206	0.332730765426
24.0938830141	0.317926491405
49.5482974186	0.309757589908
36.5056556913	0.317904470261
4.56400240195	0.263946503375
0.116907701561	0.307059017969
50.0	0.330879255298
0.533257868205	0.381332577866
0.552736021838	0.141251617055
0.620761962167	0.325640767595
36.1167968438	0.303692029129
14.4372166853	0.379251193441
2.7337537687	0.413784270557
18.7164154734	0.377757797635
0.679358298743	0.303066661286
50.0	0.33843072768
0.206982951235	0.613852324692
0.869055018367	0.469224199444
44.1282332398	0.355234444019
0.67744455598	0.223455356599
0.661018435364	0.391256348887
11.0822518697	0.343876507362
0.459781829068	0.19124293411
9.68638658123	0.341506724739
0.277455679267	0.313211796893
8.3674595028	0.393814336897
3.67260930639	0.19036334423
0.260909931908	0.306876947985
50.0	0.335688450966
50.0	0.326965446044
2.28839100474	0.327614134352
7.45034937173	0.360704965349
40.9031650108	0.286450811547
50.0	0.343294573221
2.54696049928	0.305526745048
1.1196840414	0.307137059001
1.69473152472	0.182739597157
0.22910663313	0.404412230774
2.44186577571	0.415660874609
1.54522541588	0.279961843876
50.0	0.333013514261
11.7981517323	0.230514691493
50.0	0.372036299296
