#abundance	rearangement
0.21758674935	0.341444060481
8.4968192418	0.319071753745
0.0154332636598	0.233702938256
0.136193626008	0.606720944953
5.15969019764	0.332623374424
0.0	0
0.0946602779125	0.457737494175
7.71833084015	0.460561321132
6.25004608261	0.390098239247
0.260162595112	0.457475161064
0.0538223049193	0.197814718837
0.517250209223	0.411894925911
0.601342676874	0.763226533314
0.534588416148	0.401967200642
0.000967666072493	1.0
0.216355511881	0.34468828725
0.00671945402667	1.0
0.0118337939982	0.762465881379
15.7180135898	0.452238590742
0.098190467957	0.68866228864
0.282286063568	0.608142081495
5.53152609226	0.490879760134
6.51680579685	0.425834697522
0.217494314874	0.348119507695
6.56168791787	0.451435172108
0.425423121956	0.439701404585
7.57958753583	0.458926410146
14.4346051788	0.349094203798
7.60917662089	0.436900670415
0.753894492197	0.249615748255
3.55449234597	0.426049550045
0.0115885480377	0.949025857436
0.0371736282845	0.224600000049
0.0233968095462	0.171296061953
0.560672423667	0.419895477672
1.22553831639	0.502149173221
0.0707282206461	0.898163699063
0.040282790993	0.654414280993
1.83231543009	0.537192135843
3.39008252403	0.568451995592
5.40448011143	0.435390738878
0.0363500319804	0.0741091874294
0.291775388128	0.299446474151
0.286463437553	0.371626758986
0.152855556849	0.485431023606
0.146664871789	0.357032006695
0.0304002817661	0.112414930913
7.51848378761	0.287047852949
20.1638663352	0.388104131558
0.0953321995384	0.765542415739
2.38124290937	0.239820473167
0.0454719904786	0.65013594687
0.623721327606	0.54423434665
10.6193730464	0.417734614109
0.0180093231374	0.777817493632
0.037535127355	0.194351431805
2.09596425026	0.25558889771
8.48721136563	0.447227094275
0.612825670145	0.387671292494
4.69949421881	0.461667141954
8.37586941044	0.424144987942
6.09990352605	0.39610511301
0.842140792626	0.248481110353
7.50492040982	0.564402047126
0.0189582167709	0.98656079117
1.09139015335	0.234652654536
4.61280122767	0.551108905952
2.44923810886	0.461699491777
11.2314909609	0.404480984657
4.01812752746	0.490289607669
16.3498535137	0.409149559
0.215059754864	0.34678992223
0.342928969815	0.317132773407
0.0547722862178	0.710252643666
0.238658839732	0.342498376545
0.221566787242	0.341169983169
0.372049514622	0.392336922592
0.0664581318659	0.593472453938
8.49346015116	0.418942686943
0.240599184348	0.347312380103
3.05562340872	0.259671948633
1.16821313232	0.320931545311
2.64602441923	0.581550514348
0.180034873609	0.523718259447
0.073785255778	0.599249718473
2.28992444019	0.45410937717
0.00925574321217	0.619048451768
0.0207082040499	0.317463322166
0.468161636528	0.349288753332
2.93969009172	0.497461214915
0.0214864819533	0.135229987529
4.54623112674	0.532627460204
1.20989977168	0.603016069174
6.40871941723	0.515059418231
0.00799836921859	1.0
0.704451420366	0.389964532086
1.1645888296	0.294717312342
7.74869764345	0.507831643802
0.052162672173	0.574318022748
0.9516015644	0.575056287472
0.0359846678182	1.0
8.35017184872	0.539673374158
0.215885501434	0.326758492864
0.0572761479918	0.413771151658
0.0943573321633	0.0370658131061
16.4406209696	0.392600656543
2.25860805136	0.553333151304
6.71501567192	0.365665608945
4.09293617897	0.515771405317
10.4415693602	0.425070698637
0.435081334869	0.281024724571
0.753003439961	0.349705548161
0.774805271197	0.408376768251
5.45558701155	0.474280002127
4.52510718146	0.516455731139
7.19577258582	0.433640775261
6.50711296772	0.415820134747
0.503782033655	0.661446003647
7.02497889776	0.451369372396
1.34721507369	0.444485763287
4.78883378502	0.210963549243
3.99828564463	0.390561914277
15.4349528022	0.405580093138
0.294144421856	0.49973831997
0.734304588485	0.393088760855
6.49679599281	0.405996858404
0.15566356089	0.720757737053
0.0779810168235	0.705065890873
12.005924347	0.473943930077
11.4228584174	0.506682690563
5.17006083187	0.447467142124
4.80429438768	0.487323007876
0.13745501634	0.535432815119
0.0620670241346	0.525831488751
6.87606539176	0.449712895504
1.41088668104	0.315383272085
1.46010612901	0.281442285192
0.00653966305502	0.375778883634
0.0195392327859	0.0478423708215
0.00244864367585	0.139558700219
0.396285131305	0.419223762812
0.0344388267489	0.1432410537
0.258767459547	0.226746608374
5.8959399525	0.430556557677
0.0833132620016	0.612977624482
4.62860092666	0.440035558497
4.46329969703	0.499733952163
0.0139143789462	0.0953039883848
0.0186660262166	0.541674399867
0.225647619837	0.388975087042
0.0452789395337	0.184108114276
0.234778923127	0.309550960289
0.231048967372	0.400791038389
0.773003577281	0.553084917637
1.90866843706	0.294853109882
2.9905644855	0.607946577725
0.116934774663	0.946945853242
0.0379289083574	0.0760318930858
0.174201310985	0.553804045323
0.848501317852	0.473695574476
0.569487208147	0.512378498541
1.99070791392	0.536179931363
12.2218356949	0.454934287502
0.0515626467231	0.412239388403
1.52365349784	0.379572010583
1.94995409411	0.246013755545
12.8881687185	0.493726590071
0.212616703608	0.662148551995
8.09386927446	0.41556737046
0.0371431873746	0.119043436997
0.00921808657774	0.586007174639
0.105652385232	0.646596330668
3.12395222023	0.249574033726
0.357968214528	0.43506294755
0.0373473229853	0.93583758283
5.4674044078	0.4729804179
7.81019952229	0.439506666959
2.45259983443	0.456113947957
6.58643239707	0.319274343946
6.31332484251	0.440750593802
4.69916254603	0.567919279756
0.0214390238812	0.0316695351918
1.5891516678	0.584795732682
0.095282212577	0.801128998047
7.31573824653	0.427758732076
1.20955947279	0.524367014146
0.811777717594	0.446882786512
0.0362634876161	0.118008023892
0.0165335786195	0.105203834753
6.42350405952	0.443210244102
1.56586606519	0.490338467939
1.19613102701	0.279646124258
7.282502541	0.472677798578
0.0586019538242	0.290059385933
0.481726067341	0.310326229277
0.0520079464453	0.132387532829
0.0208687688298	0.28983029324
7.42300395002	0.48723745591
2.14137191583	0.422904783472
2.95861469709	0.378104946437
1.96804437499	0.561755799234
0.011886179763	0.0595777186648
5.61501973293	0.524724180795
1.19472701779	0.356816013134
1.72170345941	0.251221128342
4.73085584982	0.487003113461
0.260285058174	0.445924980418
0.229712463187	0.342412044334
1.10081741307	0.373903656043
0.211617630358	0.338291400173
0.308302094962	0.477775057132
0.220326593221	0.35647262118
0.211617630358	0.338291400173
0.678437859074	0.40328114103
1.23548264194	0.215264067224
4.78270237793	0.48928447894
0.754543228103	0.301212320036
5.80551153363	0.497291159123
0.486053779793	0.263678220452
0.0908665077988	0.438281538022
0.0175286027846	0.140981293518
1.02568634493	0.432592701528
0.00566128120451	0.924237876041
8.06977642889	0.408302924392
0.00682265813907	0.839773374588
6.39379718662	0.511396395741
10.4399821939	0.44274275834
8.28325197312	0.398733591054
0.0800086312271	0.594784851921
0.951616693339	0.498093073735
0.0517666436014	0.0961286509252
7.80255994591	0.54466844448
2.19008605901	0.560903099032
0.0	0
0.0	0
8.52109181668	0.34804349
1.00846104531	0.656250762331
6.07033863627	0.511580189045
4.80783469993	0.447289454407
13.2240812933	0.394538752234
0.0176520475322	0.875624535478
15.3647103589	0.413443126594
1.45789518998	0.13703059471
0.045255987942	0.580383407573
0.321823026219	0.481485555993
0.963809051916	0.272896944799
6.1016946639	0.156453966716
1.10914042332	0.29803454832
0.489935311996	0.498396302637
3.27424740915	0.413096462718
2.06088615769	0.174750311475
4.1719660007	0.490898982821
3.4656202959	0.392645521647
9.71363458502	0.527848369506
0.347437578237	0.392701691844
0.0697141581446	0.562459298754
0.0585938267377	0.492044487624
0.0315070060974	0.445432507411
0.293151187667	0.412218471573
8.01656109735	0.419255339514
3.94560616591	0.29948403765
0.143216510355	0.637666339039
0.353610761546	0.395650625443
0.0275787846134	0.936686594072
0.547217739309	0.380165791531
3.54309166407	0.490871603592
10.1617258026	0.395709827095
3.84489124675	0.564129017914
0.0370831234623	0.450471127134
0.157898125882	0.824829662751
4.49740293772	0.515359002738
6.83701357049	0.458434979832
0.0364536840648	0.119533425034
5.24302648553	0.541699148563
6.43728032718	0.430338819427
6.49568194502	0.442140868345
0.0	0
0.147234669224	0.521329001901
0.0165633066318	0.811297737333
13.0052402722	0.479401531881
4.18213576698	0.490752737912
0.104485365776	0.39905648838
7.87415721037	0.419588551877
0.0554682894506	0.245264781032
0.168317147744	0.170500919518
0.0191055061576	0.898678304596
21.0896987527	0.37296905037
0.0121514717597	1.0
0.0136652467029	1.0
0.417900118611	0.427705539258
3.41602347803	0.316069745396
6.54585613055	0.478650797743
0.417900118611	0.427705539258
2.5030795552	0.265669244609
1.35673224097	0.680632784567
1.63661966897	0.3065995667
1.67766852795	0.437040714788
0.133886813216	0.588360725473
5.49114929822	0.197065209597
2.46472550777	0.213196881048
1.61862767319	0.304107939564
1.79274461411	0.406005140207
0.232067824617	0.391812155749
5.12872375433	0.474566468129
1.00362754427	0.357868071567
3.29553200887	0.566025535397
1.95487262885	0.250125028399
0.15795233437	0.297397679141
0.672358124703	0.304650853643
0.0219367190063	0.163462111414
6.45173842863	0.416572327782
0.0173114268525	0.105831669514
0.11975188168	0.122960915552
1.06096158961	0.344302647992
5.97108831636	0.476597219193
0.0305711932535	0.545594943121
0.115113872889	0.205129978673
7.3272339978	0.413318587457
7.8307506538	0.433588001296
0.981928905669	0.309014959107
7.54576084234	0.451558773125
2.84532258522	0.295731235446
0.387220975653	0.362095835818
8.77060820253	0.423366945102
5.66213600068	0.297447306033
0.0702042319629	0.530035604718
10.5632545183	0.396162339791
0.0643344394701	0.329004343114
0.0692869372281	0.497958450089
0.134178734969	0.26396093639
0.0221556386583	0.25687992017
3.2352858392	0.152065924036
1.48903706602	0.288497331247
0.0958844778908	0.447892707702
0.298238114631	0.417196235905
2.74433009776	0.288916021578
8.13309525876	0.415084152923
1.06316636786	0.330045475012
1.38308098555	0.318047671448
1.23080504592	0.409137482692
1.61329590391	0.512493124646
0.131085802354	0.697667588821
0.591085580063	0.374063177002
7.99826060106	0.444826760551
0.00769406318602	1.0
4.21866033954	0.50678701014
0.0170097489236	0.153560206718
0.055795584644	0.5929662376
0.0350432134254	0.658275354365
18.0268615218	0.453867544252
4.55186651815	0.536886475043
5.28993361112	0.509860380386
6.16428139383	0.446813897976
7.2792922965	0.45797417628
5.91581375883	0.402373712374
5.45090486351	0.48890333665
0.0392617285667	0.0940830132047
2.3560346094	0.431094209126
6.60184500785	0.368526213952
6.41119574059	0.505226359668
1.31568118444	0.372823631518
4.59768331227	0.514239095019
10.7491551303	0.430302080423
4.81569547524	0.541033273231
0.467273749026	0.560725725236
8.46471182982	0.506382605253
0.483609974208	0.407699528819
0.675199332638	0.384947866833
0.78363519423	0.38871709473
9.7282836719	0.433527763912
3.24862618193	0.603558535933
2.34320302928	0.540450194175
1.21847851144	0.423751518693
10.9563154903	0.637878880167
0.0353788081438	0.527822537836
0.219180866412	0.353135593564
1.77937385375	0.143789901569
1.35816997909	0.366562527741
33.5265170928	0.470069997953
1.63550849762	0.294207844995
0.0422626380804	0.111356649746
0.698357682279	0.338170996211
1.56178634719	0.259367162523
0.331804096058	0.559945607911
0.0496104660056	0.358369299804
0.156676521268	0.39170464837
0.0854292251883	0.599425227516
1.86203805995	0.192787696059
6.79772958867	0.403291208786
0.0550890140786	0.54059987172
0.379801875862	0.428830487168
8.68844806138	0.395637449017
16.7073477486	0.478179242967
0.0188299156192	0.146270176903
2.98191234585	0.504104720236
0.105023467986	0.193073055508
0.0626881013921	0.763228490217
0.0244107631836	0.586048580337
0.96089127925	0.398222009142
3.08952790004	0.391309587007
2.08951392063	0.409619032358
3.09796735332	0.420529215351
1.70202386884	0.405633770211
0.0420246589048	0.482602436713
0.0447487341546	0.242989009399
0.0409832710604	0.259627487138
0.0427670113631	0.0887977861315
7.73002536971	0.455355936316
0.051128409498	0.137408852307
0.294955757208	0.2239739558
0.0345778628488	0.174733809136
5.42592898102	0.47395640133
2.08582145384	0.183352527297
0.598149900405	0.409275477178
0.00973243085226	0.374454113314
15.4299371193	0.450720556445
17.6509490335	0.481223276479
6.16255716154	0.482155552906
0.015918506124	0.870648522778
13.4045729128	0.497733198665
4.96521180435	0.448142659791
0.0518203318601	0.401103285359
6.14377834457	0.412654108746
4.61417863198	0.227951250969
0.040478618401	0.176132659757
1.46688496585	0.272136379288
3.57150447164	0.574949270014
0.848072832049	0.411568014797
5.60090699194	0.417003069294
0.0357934241843	0.130300460203
0.0407376127798	0.566077770919
0.254179650639	0.397114430212
0.453616124557	0.20510407509
6.56612020724	0.447468675776
0.0335769119675	0.383385968873
1.36770929633	0.181846935417
5.48334023749	0.511797323189
0.0601223086594	0.393864236082
2.73101783294	0.48242392828
0.215848272541	0.355365397622
0.215848272541	0.355365397622
0.218441265366	0.397675391686
0.210752454532	0.339778672315
0.220470717903	0.33559850715
0.219889125785	0.361920513258
1.04716448786	0.348490330845
9.61350776187	0.434400744411
7.95410795874	0.464497434951
5.75051256198	0.482328426151
3.68261094261	0.212054985779
0.358116849751	0.336483915254
0.251925223597	0.364249225952
0.251925223597	0.364249225952
0.303027646872	0.430264757963
0.251925223597	0.364249225952
0.0118462909755	0.469211276565
1.52042271791	0.293851154796
1.4920922216	0.286008202798
0.0457864717427	0.219053772942
0.104453196554	0.404994250181
10.3747296978	0.468852802088
5.89657303541	0.467825151867
8.08134281634	0.467343820181
0.0180784505377	0.785439018054
12.0051178103	0.418310220584
0.080957236802	0.176132659757
0.125929606359	0.163708924327
7.16402608129	0.450180121005
6.42973343107	0.475200893745
9.27001483359	0.432922934409
0.0188630231695	0.0908068809467
0.0404961451938	0.405338395019
1.6239086742	0.248796278582
0.921103616014	0.368973548051
1.55487891822	0.319888615627
3.85168427411	0.491739149326
3.24502747622	0.466041267758
2.66124575536	0.499824275259
13.7745077299	0.409411122214
0.222409925726	0.316561140147
0.0166121567896	0.736386500728
7.66242371233	0.494245665513
43.3678340017	0.444314821441
0.0403766551366	1.0
1.16956166526	0.560991067492
0.942861144258	0.311620711095
0.298081586421	0.409907213179
1.40746784532	0.284460088789
2.35577450517	0.267868781368
0.990067677131	0.352312623931
14.0509694466	0.404335765839
6.71073346962	0.454193680649
2.1005584734	0.247145214443
6.27808978444	0.502549291927
0.97611783897	0.447931053922
7.41729975302	0.388674944461
1.31427735729	0.386245177902
7.23178498271	0.540665806156
0.987739401158	0.661960880363
0.0838135890778	0.595342704865
0.00348100270654	1.0
0.527022692646	0.394501039358
2.53782809065	0.373189291923
0.711883170384	0.770427089288
0.561023106849	0.362364646776
6.20943859663	0.365644706506
7.56213534641	0.340620940074
7.07161140295	0.37631278598
0.0238378145203	0.203926395973
0.384910830512	0.282978985444
27.0104121261	0.458993799523
0.0357338573754	0.202871250109
0.016244276282	0.159895329879
0.668601679831	0.225675719725
5.63193078057	0.511659134863
12.9474206567	0.42869522139
9.99938917637	0.420394721359
9.58178300455	0.417257926641
6.59449362802	0.500933138562
6.956345129	0.436151720219
5.94195267824	0.44953866633
0.583233236274	0.511680468836
0.0653215119005	0.640313881508
0.217829285322	0.361227921498
2.26782730386	0.556127329832
0.035675164354	0.118442788178
0.220639087994	0.369064962233
0.0125348077825	0.7756040381
0.0151271512891	0.686641363574
0.198481800044	0.511062486533
0.0259825847209	0.442096553353
0.0184886061269	1.0
5.1042010251	0.442849359014
3.66732107046	0.240322093233
3.89302398736	0.189878603887
0.815126540574	0.405950235207
5.69410071498	0.472226044866
4.98925262445	0.462304758926
2.24041992291	0.389714776855
0.759829513243	0.60954005568
0.0362314706142	0.111114077304
1.89497780244	0.383128482042
0.402913752024	0.569225660577
0.0687051755537	0.364339047243
9.0202188987	0.447896510512
7.06659281729	0.376573567505
0.107041049744	0.474275910788
7.85752506162	0.442589283569
3.97154271355	0.515777567295
2.35433034804	0.446771782065
0.0630720896244	0.432119535458
7.20179292205	0.490769469946
0.0381267232206	0.13996015305
0.546356379436	0.416837688135
4.39687840863	0.54918290553
12.599558748	0.497175367999
0.233243938387	0.369175692985
6.90710550396	0.435842613941
0.00469380780651	0.317198059785
0.438170437167	0.299254898557
0.213148378154	0.53634203212
10.3150109079	0.472837193043
0.0523449043454	0.201204978322
0.130945761441	0.488769965652
13.3482627093	0.513186908861
7.5235536416	0.411053640346
5.12499147203	0.560381106456
8.33432399019	0.465170103129
6.04192007452	0.605842309868
0.0415666069014	0.0957250993673
0.042068590035	0.0959900345256
0.227529925569	0.827261500091
0.00416996844936	1.0
0.669988013922	0.232634678285
0.491795080396	0.547617103086
4.22617122553	0.489992705429
5.65249304015	0.45407709605
6.6065749068	0.400734477614
1.30015136882	0.223708407257
1.0682428537	0.337642348538
4.96105600631	0.489353888264
0.910860992098	0.391475903652
5.06489261012	0.472042183341
2.63183735904	0.242049455481
7.26150021768	0.454929875425
0.0	0
0.0180355511831	0.0653422074291
0.0175275324697	1.0
0.00351330486988	0.967686624813
1.31403263155	0.603627205817
0.138127921562	0.739282844593
0.409410051355	0.55749149901
7.43968551831	0.426397646756
23.5642710162	0.477444118335
0.399644579426	0.398785197424
0.288328632662	0.391450418472
0.0841817007948	0.502783729044
3.52932288372	0.546289960938
5.46923573337	0.487196031668
9.48593737786	0.4517412419
0.0200528795734	0.786855884336
9.68294947091	0.496697048048
0.0185143370672	0.103013229413
5.29946744963	0.498326731278
0.0136744171251	0.751130374133
0.0407163422819	0.291213304263
2.87126939479	0.325342592835
2.85441230709	0.23696538914
1.61679960098	0.26308574892
0.0700600880161	0.560119626352
7.20806283067	0.466912150452
0.0586285460297	0.433167227215
0.0651794931667	0.22968636414
0.0214105424862	0.587647312348
2.8658816704	0.2628743573
0.0631128965092	0.278217496995
5.59069144581	0.510736055757
15.7422254082	0.44291040314
0.0729095078053	0.709947384478
7.53642042569	0.449440505652
5.82613175213	0.488018969739
1.73980327967	0.401414039462
7.70219797209	0.461927676056
0.0185745175488	0.131364748734
0.901917248463	0.417713278606
0.042940467139	0.197792701579
0.234254845801	0.25804212143
0.0674012818172	0.359462300675
0.472962857484	0.761178461031
0.431944999106	0.744623498123
0.519877226749	0.767623895253
0.252190805547	0.73267446216
0.00962423353728	0.827704738534
1.90404653985	0.104127091038
1.20448790402	0.446609769171
7.17418262814	0.436420602225
7.81410685081	0.383478790782
8.76484000829	0.420944625827
0.105816697553	0.196557397887
0.448772620882	0.734174068487
5.9254298046	0.405082965053
0.235010860942	0.495627600467
0.450075079154	0.354982553236
0.0347982882667	0.0950148812023
0.0159342419875	0.931321304006
0.0493669676276	0.840632951891
0.080957236802	0.176132659757
3.49348885977	0.412237093503
2.62225098061	0.387929711417
1.7640689057	0.402953647163
0.0354929369934	0.102139625288
0.816670981816	0.268201987321
2.09824287936	0.299565158861
0.0176853949608	0.167867602094
0.0742587180028	0.135303521653
0.737555761231	0.354674130108
0.321227860073	0.402903861269
0.352764789747	0.369281485513
8.50099149737	0.410991741647
10.4115729163	0.435868371861
7.92285551253	0.386081739713
15.5967214064	0.465334489287
10.5194110326	0.391494328553
12.9988068266	0.377027309559
0.0464138947812	0.183004272524
0.279833557714	0.341559360758
8.02911381446	0.423948641392
11.0448409351	0.516417600807
0.940151952303	0.759548200067
0.64435033885	0.436344706837
0.20364366936	0.458183962282
4.1673019989	0.46776112099
0.188599144357	0.232312244183
0.0566367135153	0.257690408461
1.34424399143	0.453199721964
3.43512806143	0.555597728192
0.0910407708889	0.627219044518
0.0184395257225	1.0
0.237619418152	0.345120809202
0.226184354043	0.373138802552
3.34159383996	0.487210361849
0.635870301325	0.431832674256
0.642723225034	0.376284359704
2.55483988383	0.2295540026
0.22639185763	0.376255172288
0.220326593221	0.35647262118
2.95911447313	0.326077822205
0.119367540865	0.740944970759
0.235981717736	0.545233015302
6.22240153284	0.427953196722
1.38077869387	0.331292108711
0.0620092193484	0.176972901153
0.311502016833	0.44662947218
0.385165833625	0.473367688689
10.9659041583	0.416332839871
1.94227531308	0.372708639746
3.22430026749	0.360108381411
18.0468816983	0.411572066374
7.80269609193	0.429368682544
5.59568752873	0.466307468368
0.84470206134	0.714961387318
0.0115814045658	0.174912043805
3.88121771638	0.570475807451
1.51625457609	0.678386801787
2.83776134541	0.570522328919
0.18687699108	0.655241110093
2.81112578775	0.293465189095
0.393607356141	0.393603701807
5.28377953748	0.498910395597
5.28498093611	0.493878452842
1.58205610402	0.374471989526
1.70922027156	0.330713082855
7.14291986608	0.500509375108
14.8508409818	0.422326943837
10.6225060106	0.499526528365
9.39231687144	0.515021125904
7.1968121923	0.442316702038
4.99713373481	0.48844409156
8.51778208006	0.429966386898
3.77872596147	0.379791107118
7.07634394929	0.449027231078
12.2057520758	0.432792460762
1.50921895384	0.335725662322
7.78805201158	0.386426722141
5.71061013107	0.488121931045
0.698805938617	0.256855055216
0.700098779562	0.851004411521
1.05980876266	0.451685226116
0.29102519953	0.313460057213
0.261515043245	0.325385498615
1.59701794305	0.643911787395
0.0	0
7.14607880766	0.445524657581
0.337338081906	0.444493391555
9.42171463766	0.469265764659
6.27111278386	0.43640967356
0.0290880201094	0.644576130491
0.769641291068	0.473099170358
0.834019536495	0.747337867999
0.528932688831	0.467016218989
0.161962548241	0.665207366143
1.9693407168	0.231141790934
5.24029127559	0.535317901701
2.39005087799	0.254179478733
0.658342406764	0.405197772932
4.34508899265	0.494299618615
0.215149406124	0.244186863144
2.13047501559	0.235097063012
1.72722723055	0.247676590276
2.4758294453	0.261177265686
3.58901733845	0.305055573126
0.0329864904647	0.790113176217
0.0277206241569	0.749580667615
0.0478703842083	0.805882891863
0.218850158924	0.357637010054
1.97533589434	0.537729831254
0.0206293368704	0.104203156511
3.33271951171	0.277261717846
0.0256382222719	0.698284086041
0.0394234840831	0.758591226559
0.0217604337781	0.738390262351
2.08386548706	0.257209360197
1.90191675895	0.26842579466
1.99631871679	0.327256580038
5.00729593079	0.469969345908
6.54675114801	0.516743204532
0.0	0
0.0548619422926	0.309859091124
0.0872965946531	0.4585516103
0.00408776893209	0.347558617667
5.76903196735	0.456081237249
0.579348163633	0.571701486474
0.0165712969106	0.132253539646
0.0147420050715	0.952717498623
0.110670455502	0.161724672693
0.0494557354626	0.161678574852
0.14142335686	0.559737125236
7.84475616856	0.43020160064
14.4754211936	0.491011090092
0.0116475194732	0.773017653181
0.0197358540213	0.214688368378
0.0825397807757	0.552231621778
0.232099574766	0.585670103384
0.0189717647945	0.16824723628
4.6537882732	0.459787863141
7.89420493109	0.414877504968
0.0886035317148	0.886553171
0.983705647018	0.392419118226
3.12580485477	0.288130656276
40.25130267	0.429401469768
38.7696821565	0.412968169908
38.6401158759	0.451380430515
0.495011804567	0.310438037872
0.312517954069	0.59724683701
34.943278468	0.39196684468
50.0	0.423401950182
0.0201482988069	0.088568040674
6.08874867889	0.470489966856
2.30995339748	0.203969875115
2.22995186115	0.452110991943
2.51853896596	0.27075199656
2.79835941479	0.249726336805
0.441889692661	0.44582514714
9.88008486537	0.439479496797
3.33398182792	0.418958501559
5.69550041792	0.53046944215
14.5678949041	0.486290287233
0.0480291090436	0.809443659719
2.99339864466	0.590568460935
6.02776720158	0.494747846701
0.597910758221	0.239932548559
0.262830432625	0.265312756412
0.26993495219	0.398481701733
21.5294182095	0.467892987384
3.2609158447	0.496360424933
6.7979400694	0.459468293614
1.21343203954	0.601851732132
1.11397498233	0.440606185133
0.166372673225	0.257863934208
3.39618040263	0.320894326768
0.0404945695882	1.0
0.00931398899412	0.376986181884
1.8306743294	0.352673287863
1.15192646288	0.334278885035
0.533189626447	0.347003855831
0.0392697371927	0.168285005884
0.0578030400009	0.285884413024
0.0442578268422	1.0
0.247426160198	0.337348447149
0.225074918078	0.357751101431
2.03964042558	0.453072331893
8.49780181777	0.435386594328
0.484418772963	0.261494819227
9.20932495012	0.448788778557
6.07991561552	0.474717670433
15.2072016124	0.427033990151
0.0197348915163	0.2454323974
0.0473672551486	0.171605794877
0.078376640037	0.601442249414
9.8671320209	0.38954021932
0.0347579573197	0.34570226378
0.575542532137	0.27379994758
0.127700500751	0.237260548178
6.75779657867	0.437343099977
5.83622417412	0.506883720927
0.0610553230938	0.602239057453
0.90482838571	0.31863733474
2.06318525205	0.255324891228
0.267296177779	0.339460508869
0.203404271884	0.438404436029
4.19944714371	0.253530206272
6.04041153524	0.39707537491
7.34932276549	0.400547301302
0.0494371370104	0.358346046423
0.0513061901827	0.349729471172
0.0446916529634	0.0441878053165
2.90143207237	0.290116366066
0.21646729932	0.457261010363
0.108702462187	0.383365887137
5.08555285067	0.309995790691
1.22359049986	0.394663291335
0.615595366909	0.74578551119
0.0771788400717	0.535234892841
2.32449122337	0.480129790212
2.6261873194	0.463496268604
0.0242160076366	0.7172872677
1.66621752689	0.452821982152
0.397344076282	0.693752456221
0.0166062489712	0.945897754445
2.04634464162	0.565540957072
1.83302289571	0.188217170063
0.205315448639	0.380236599838
1.70637650076	0.188374973318
1.32914275774	0.221074951229
2.43435504039	0.435015226477
2.7254389723	0.583839106266
1.65296885564	0.315207626144
10.8602249979	0.436129294058
0.281773447627	0.37049490922
26.5361662653	0.403418925729
4.04999051001	0.165638674665
2.46338506465	0.459690151969
8.5734212101	0.502435433782
7.58159140051	0.536209830112
8.34772075768	0.430542175124
0.0208186241151	0.133172662257
7.31118965515	0.491167039835
0.200253987365	0.642747534296
2.38071833967	0.269928323162
0.330930552536	0.409376590059
0.0911482856408	0.530526794662
2.41882793597	0.419321472654
0.304571371648	0.406565873857
1.26027109989	0.490425849849
0.0630450664574	0.194787938578
0.0841379618838	0.21068901255
7.22054000015	0.467818334888
0.0450520467619	0.264947073667
0.0420968394128	0.758591226559
6.08137477954	0.486266669482
0.621946650251	0.454964347379
4.60485399341	0.423995613601
0.0793289838628	0.163664759429
0.0225690486201	0.667905697183
0.26853513949	0.35770053797
0.445280997552	0.489541473394
1.1467761664	0.460897109276
0.494285496583	0.304480285333
3.66236858895	0.482867740115
0.225765354648	0.365403861131
0.06656125147	0.518671003447
7.53693716058	0.418221354013
8.37628216795	0.374828656535
6.66288057428	0.458399749223
0.300532992354	0.337706755037
0.0350797230955	0.567943731365
0.542538898144	0.531616061195
0.0315563432977	0.311701209561
12.9530028081	0.395446760344
0.0	0
0.679844681225	0.464435962818
0.702602647135	0.546987342084
0.469128918695	0.369777725752
3.61912720875	0.365067823582
0.103865351026	0.798812018177
0.0203448151459	0.184771064765
0.335120462751	0.430261769227
7.22986882716	0.354947485834
0.0272902746821	0.601469474709
3.28207956161	0.506994076796
17.4134965496	0.454775363926
1.8162179372	0.192931711756
0.04191614976	0.221965681231
0.264997596418	0.383152749681
0.0507741871437	0.383897434484
26.4873707697	0.437867229403
1.91680352322	0.178130861101
6.02760705647	0.581522411358
0.327123558711	0.368681065993
1.19148972366	0.485717237766
2.04036830095	0.380900597949
3.0158476696	0.442439040908
0.0373331729422	0.85983329445
0.0691497775504	0.70918063189
0.18330365888	0.382809193526
0.786919223733	0.449830703464
0.846787226387	0.718232329636
0.951213413051	0.454409378859
0.793614148451	0.690474741404
0.0297016509004	0.356283744799
1.0851390209	0.342677648672
0.0	0
0.0377311578183	0.247282933761
0.165509628554	0.712567702416
15.6961666559	0.475934173413
6.70123122368	0.504276422628
12.8737958137	0.39444137845
6.79241530327	0.497591461871
0.0383963663285	0.133979523716
0.0685431067009	0.35262644119
1.53008687206	0.209284769807
10.5374096919	0.439617251731
6.83952482671	0.486291194262
0.161991070296	0.635192767028
0.139744260665	0.531319962209
3.46482891394	0.379439851138
3.2700758431	0.427400193997
1.63270828141	0.244182269588
0.131646184119	0.543310928367
0.0704112504944	0.505097863245
8.4183931911	0.414107500786
3.33900995078	0.233080258833
7.21832919439	0.428439318338
4.57113673258	0.472606349016
0.262517967421	0.370992776242
0.249967163008	0.373738995169
7.69822760092	0.454698475832
0.400545585353	0.42326430001
0.354026376327	0.438972754074
5.58877272514	0.455521402089
5.64690024157	0.424410512386
6.58452280075	0.436505558945
0.491342968061	0.481508942665
2.28917448979	0.244831003968
16.1235537509	0.464956538299
7.36383770573	0.481251483701
0.0	0
2.25397319793	0.141721515578
4.56456735052	0.388945008426
2.28588021887	0.179328426077
3.93526214928	0.247424519895
2.00276292452	0.291812571928
0.240367476823	0.303104928692
0.779617483208	0.33452752833
7.16456164904	0.381681581975
4.81402051294	0.479928688874
8.45491470341	0.363596678424
2.02687539462	0.346348956556
3.91577579796	0.156842038713
5.43181444184	0.224309219809
4.1400726613	0.414280451573
0.352440980402	0.485144743622
2.23824002162	0.526505176178
2.69336625087	0.398378581455
0.0598433660261	0.163644319136
2.50549725444	0.527946639684
0.304377807711	0.4335044354
0.260376722986	0.327266987105
0.0565922248136	0.567290193578
0.199770101152	0.219735161433
6.36113857318	0.447045767462
0.0765454515947	0.787404079787
4.81289731169	0.397886439303
2.06166406407	0.487256401912
7.50445804274	0.488965854416
8.14690269213	0.42704712689
0.6387992874	0.669256076276
0.3143452553	0.483613393359
1.28202859278	0.257266000455
12.0766675955	0.490936225316
3.05733971566	0.563964230307
6.27407812609	0.445096426108
0.0399302167259	0.89589320367
0.233859561191	0.350745263875
0.18287306394	0.927991418201
0.0601193131043	0.0722071116184
1.37339384242	0.153399562899
0.0548985336035	0.0947395474888
2.77794183894	0.217136764733
0.193553513854	0.375668622213
2.17802555794	0.221215365449
0.881206439047	0.256903679441
2.07601329967	0.224337246633
0.23563153921	0.369444586394
0.999722247192	0.331624189436
2.68502024207	0.263720579139
0.420320591387	0.610427393248
0.251854732945	0.61511194768
0.243176750491	0.511511248214
0.0519672848866	0.157410164108
9.07445458109	0.517134272022
3.37905749379	0.478003045643
3.33032651423	0.50633072197
8.16265613414	0.445359228763
0.646269186878	0.442958598542
0.280871132982	0.772998360542
0.020667748508	0.138144887754
0.0196372546866	0.152103003439
0.0	0
0.0107885312358	0.285312431113
0.0261764214857	0.183830004773
1.92528702717	0.547667925586
0.0640765303555	0.351554734366
0.0467264146999	0.324037138219
0.0387225596679	0.118008023892
0.0348201715835	0.930565438279
1.4101254099	0.404285845405
0.201080296833	0.252324712446
0.0997001442403	0.156159494159
0.016081546679	0.518414615016
2.02824905647	0.249900816339
0.0201679450961	0.955683168609
0.0119768290202	0.925374285562
0.464863619566	0.429658945408
0.394442555194	0.451185242646
0.732090851225	0.336108698781
0.716865759316	0.328113066202
0.270876504847	0.311458439606
0.275588859321	0.323231963074
0.0194074863564	0.0741091874294
0.0575653927938	0.184898250824
0.183026910445	0.475746234293
0.0200564628686	0.505731807027
1.6079117681	0.229878612634
0.0546541586321	0.31073048574
0.0434751119806	0.418989865076
0.0366950215316	0.402738038011
2.15773588582	0.285276148095
0.225816411528	0.783720164752
0.0231780361271	0.453039937309
0.1922923773	0.614287283508
0.0387417080585	0.0591961149389
0.359055718205	0.320638638904
0.0592618573957	0.353688635072
0.0397961810858	0.192627367353
0.291671154925	0.477594753976
0.568416580459	0.331740597784
11.2735878829	0.446550095294
0.198234645966	0.123094200755
0.0161167316141	0.674918964746
1.00065013348	0.666885041716
15.8984272297	0.506499782442
20.3487273589	0.445939703015
0.0189913190403	0.146959157222
6.92310873316	0.397654426965
6.01585820889	0.435330831804
17.671986648	0.389212333959
0.243622130062	0.615307304554
0.785779969677	0.609185998195
0.882296571249	0.624783838242
0.0707252186621	0.889462173133
0.109754068213	0.53534965387
0.252573822142	0.460285136503
0.0704853391444	0.543034754814
0.112182918078	0.650510404076
0.0263821869516	0.62940012525
0.381745464229	0.549175475425
0.0765794535061	0.276161510746
0.345605154489	0.369926634175
0.0	0
6.90480937839	0.520337865699
0.597036496511	0.494804708166
1.02183061315	0.63620681785
5.8011415367	0.482422708487
0.0260709870411	0.656733707077
0.467519921082	0.314987029394
0.0236090075954	0.905417014599
0.272111305434	0.349241302547
8.56053055517	0.456289476058
0.0489580137299	0.166061235447
8.00219053022	0.423497909718
10.9937930283	0.368442176921
1.69626114024	0.252923934501
7.70181504662	0.456421298559
0.0665754291365	0.353448184916
8.99793901754	0.418714644976
8.31151918422	0.45905396269
9.58989335712	0.388650560892
9.56399961258	0.442928144956
5.30078865056	0.423914365577
0.038396417764	0.208183993594
0.0233789903175	0.502609152832
0.0222336627381	0.527004784586
0.0677600595728	0.508822151238
5.04052530359	0.393319783117
6.83124479201	0.301392541111
0.117931439703	0.478767227216
0.399429369218	0.335372920541
1.4383960494	0.357080243555
0.418537568136	0.747741943725
5.43237745945	0.44508191217
5.43245725949	0.511757804023
5.66239561242	0.461781899135
1.55749370564	0.15885396939
6.03855627811	0.489583899781
6.36947879437	0.398981815318
1.9384100119	0.378717930827
1.65978028562	0.450867667932
0.0194316414732	0.0179572644357
9.31400110479	0.418130532433
6.13629175892	0.472617526919
0.260324322606	0.356057962157
0.233513696877	0.368606202957
0.0914566823164	0.43791572713
0.618386210175	0.347112366065
0.568174619867	0.329748130156
7.27013419019	0.379634585928
1.65023344521	0.183700925905
0.339128714239	0.372853529113
6.75876412895	0.462155610194
0.0384757919271	0.931151574014
1.6923914836	0.0871991204026
0.0336602661692	0.389203445092
3.60124401718	0.350850998473
1.2567953617	0.288431576675
0.0121681843243	0.18604429582
0.053316866755	0.456935019495
7.30463099018	0.488464739899
1.08988825152	0.346145712004
3.27152552863	0.244391142542
7.07197915068	0.381044075435
0.0186168915941	0.523651078998
10.1679908547	0.423812934679
0.0234333349605	0.807949932924
1.90817580141	0.278373147109
7.65537341357	0.404104615894
0.651359483851	0.376428804859
1.47074160598	0.307529081179
0.232600559207	0.361227921498
0.232600559207	0.361227921498
0.420670292774	0.293609531182
0.232600559207	0.361227921498
13.7028213967	0.437843518501
8.41965832423	0.462691503927
7.75753098931	0.408880813898
0.0397090484081	0.902280509027
6.35125696309	0.501829122728
22.2095290558	0.465556452692
5.092770303	0.514094349777
1.9273558967	0.419827835065
6.90933318169	0.414628407505
7.04559949446	0.463126528868
1.26509421131	0.441935915848
0.401173518595	0.341945722756
0.0860925213523	0.378022104179
0.038867206442	0.121094237543
0.019557428925	0.0539833945297
0.0335106733628	0.381982832212
0.143672530046	0.116450881048
2.30506291171	0.282726640925
15.0949462352	0.488908164026
0.360511356872	0.313121248626
0.0227621784548	1.0
0.126875548143	0.667704676574
1.15295653184	0.306202854497
2.74780775685	0.418899150362
5.84512398739	0.446413710952
3.26713877911	0.539474489102
1.28908368496	0.544457341008
4.12586604682	0.546057830821
0.112619221344	0.452902823757
0.0441616528225	0.120357477883
0.208610180371	0.707333767258
0.0184412580456	0.909679932128
1.58060875289	0.157912251668
0.112585642219	0.41395915396
3.90301685804	0.359463566582
0.174885038673	0.18827285985
0.0214427161553	0.757316257857
0.0342765657342	0.189910126558
0.037825447229	0.115333764728
5.79211365736	0.418072612172
0.019198208882	0.208183993594
0.0224398643742	0.993914168385
0.0225690486201	0.667905697183
0.247728062628	0.713475038188
3.73526076959	0.228349699439
0.0197375497044	0.86575411181
6.61997902211	0.41075146703
3.76722923739	0.257986332126
1.92725916938	0.289217683385
6.03033488515	0.465311257625
5.06924760087	0.405576213761
0.019435347915	1.0
4.59826355782	0.425714606295
0.0413678746019	0.156746305464
0.0116184257686	0.878590754018
3.99453672972	0.525643849821
0.130419655389	0.394081156235
1.06174711311	0.444368372395
14.108075913	0.543090327875
0.102071204329	0.343624293117
0.384116802049	0.531636660826
0.0204993745633	1.0
0.0161579427261	0.965606821415
24.3949125979	0.499132880566
0.0233303015187	0.354339596737
0.229256405206	0.347783719297
0.383033653795	0.764124143028
9.10372131845	0.445654301843
9.46003886328	0.410257550163
9.74299081325	0.503878302485
3.47576882791	0.214575974227
1.06607608518	0.706988301556
0.516156343901	0.471312655767
0.012563061478	0.446796851772
0.0	0
46.9209194454	0.409914123908
18.419790798	0.496622747285
18.0736252893	0.411672832088
0.611872234401	0.325312504605
2.14314874461	0.318931163889
1.92858941764	0.275811436081
40.4839673104	0.450364786263
37.5937099596	0.344021526434
0.20752766062	0.543689270485
0.0806239402523	0.301461176408
0.0237691014633	0.389436520577
0.0655134506501	0.5534510624
3.72712924884	0.610004147156
0.0172767028674	0.707205338331
0.263840616662	0.431308038406
0.237424221025	0.338604560947
0.425752162601	0.292001881361
7.70493071187	0.343328590504
0.117283370513	0.544768628698
7.23554324167	0.401271302198
4.92770009875	0.4148842576
5.74156549919	0.471326277684
5.7883212002	0.459503981994
0.0189206508447	0.142665124719
6.32580307386	0.421403184381
2.80514469808	0.487532736324
4.79873438462	0.45124384792
1.01051461243	0.433826753618
0.323941477813	0.427507114011
6.47206322779	0.408928515881
1.29802486463	0.515545845629
0.0970325371881	0.548400898167
1.41207789137	0.45588019511
0.158890459046	0.294446518679
0.372728052035	0.333058880761
0.0445186652566	0.111116682481
0.449500032553	0.4180398194
0.0722808221393	0.178139675529
0.0598357443219	0.408635168534
0.0470971604011	0.58903052245
0.556805391679	0.617667196746
1.24274106925	0.343678970806
8.98264086356	0.425671203667
7.11341727189	0.474251697621
10.084688362	0.388888666359
5.79331901536	0.558464824425
9.14283105322	0.41738890744
0.921509039184	0.360743108202
9.8491510309	0.385047589103
11.8455182895	0.4619601909
15.4610855662	0.432686946281
0.0780529361763	0.705034685559
0.050663618417	0.647922095248
0.949238790701	0.30751030853
9.38289720279	0.509057625609
2.16210545066	0.150500194246
0.0385057036935	0.116210816561
0.0844016086957	0.30261832535
0.040077054653	0.0744303079265
0.0881359129301	0.440599845262
0.106096656878	0.422894695742
0.232403000788	0.536053977138
0.0697843685957	0.467064326767
7.25948568989	0.516895863724
6.78619068898	0.465660055804
0.00604517970138	0.924237876041
0.503564109298	0.608941458585
0.0455751329528	0.479908768008
0.0361972076355	0.210136646199
0.0182634878749	0.925648005172
2.48825367701	0.237680198579
0.00630817430198	1.0
7.36251742031	0.391242208398
7.8499223196	0.44017489713
9.3835153458	0.423638700296
0.0548376134542	0.151945282561
13.0219045958	0.380188652832
0.0539073539571	0.155000261581
0.0548376134542	0.151945282561
3.52410218078	0.307879451209
0.0461706515716	0.173977259901
0.466567111264	0.477826171964
0.0154759683167	0.542533974165
0.0595716459147	0.0957571251528
0.0298312260623	0.915415179665
0.208383758424	0.156162789093
12.9292451984	0.428139030578
0.644843953768	0.366967208871
0.0503107825425	0.390148907643
0.0705141265407	0.488535329002
30.4410578704	0.467498366804
0.234886891731	0.401862546407
9.74982248506	0.434067646525
5.48169726505	0.52090970807
1.21482067122	0.320063698405
5.94249991073	0.467123978569
2.82229197092	0.477087601603
11.5223694062	0.484681564735
6.73364366584	0.486395364132
7.17215589697	0.481902228002
0.0286044689638	0.939344924809
3.69610415434	0.206835954631
0.520186670497	0.280974311398
0.370349414495	0.454704354068
0.695815504908	0.676168596352
0.511541013168	0.343880440216
0.328482993541	0.526440784457
0.139292070021	0.507297418421
0.683442374943	0.413949499238
2.87334932759	0.243279760857
0.538426296426	0.610002021443
0.0305450163807	0.646402474059
6.98491307572	0.442370477909
0.0401786962439	0.226456847556
0.593217818583	0.593571251552
0.0198734853665	0.100614218368
0.0207108791905	0.148707954575
0.0327503277791	0.744604294583
0.46778900874	0.52039435605
2.44465393598	0.553961191376
2.56907703253	0.278390367184
0.0464102317311	0.723029073437
0.307996705197	0.38093244677
0.312232961824	0.380752853514
7.42347242268	0.360301004437
8.55348558752	0.450160495463
3.92158400111	0.428872127911
25.7840413081	0.4387084633
10.1544891602	0.422961045706
0.0254052538879	0.603322188729
9.078027524	0.49972496477
0.0760091773494	0.124490918187
0.21568840819	0.411553375114
0.226023577073	0.453403575994
6.80318161954	0.434975158066
0.0	0
10.7273897567	0.470825322202
2.90304777818	0.176895150648
0.847516076972	0.552662599636
7.55136049414	0.44635332127
5.22632967483	0.625791155225
0.0350999958642	0.186318801505
0.01861006405	0.62070761455
2.17592757487	0.262205631274
1.86857585491	0.443775561558
0.0214779844164	0.911328648267
0.279199997282	0.900637592541
0.0195426206597	0.0730219654621
4.21379951701	0.488489107023
23.6797714643	0.43683173215
3.29104261465	0.291136742287
16.7429346051	0.438547210011
23.2702952486	0.448454884288
14.5255137201	0.415936394375
7.15900525235	0.39103462536
0.465273028231	0.488698100898
0.090931708451	0.744759022363
9.38922346992	0.392862876291
3.31878439076	0.348093406131
14.0396850489	0.34822581353
0.358759379048	0.640944291854
0.187163997474	0.562926288408
3.44423802651	0.545745899284
0.316718668033	0.54634438196
3.54615532054	0.489299708037
4.63141438153	0.535066868911
0.951234800964	0.416675525449
4.43983102752	0.468812780525
0.954255840549	0.440154946577
5.71772537567	0.443087069044
1.18139818491	0.553201488866
0.758947720484	0.530229068022
1.53402663524	0.18083982693
0.0501125091652	0.293007865412
0.30095303171	0.451840750714
0.371966375293	0.377400865041
0.522636547165	0.383113036387
11.0272457535	0.427644579003
0.385102978052	0.252317078373
0.309285499625	0.384259149414
2.43922380278	0.287932565346
0.0770412296626	0.447154964092
0.586116979766	0.33646853441
0.9519263074	0.369576571141
0.474064931983	0.161295897755
6.22081368235	0.475402292376
1.11387284386	0.364267993342
1.08722247251	0.567457795804
0.148019653737	0.721555757532
1.14861233688	0.527995336644
0.104656309957	0.328096260449
4.34361566802	0.533133399141
0.0595716459147	0.0957571251528
0.0183870831426	0.1432410537
0.0383115266394	0.121345986413
0.903196294704	0.630558486034
7.85845847699	0.499039217847
0.262017846129	0.653402902734
0.0468858676824	0.344141719799
1.51608070157	0.302445168989
0.0643529094919	0.432989176107
8.54973561602	0.381039363061
8.27397828915	0.384138901711
0.0667297488642	0.485124747035
20.2355391542	0.42229164899
1.21141207783	0.383635939347
2.80682834595	0.266613567975
1.67000084194	0.252838896192
2.36675180539	0.272821554851
0.219737927357	0.547967214547
0.323325709055	0.398793082128
0.823462561134	0.407240842716
6.61016890627	0.386780521297
0.67170153796	0.223818924773
4.01970937101	0.435623552336
0.0134091777258	0.788816027542
17.8664265756	0.44362204566
0.987243389675	0.580708416211
0.0793176649809	0.536591233509
0.372395286293	0.443177387985
0.0491139793883	0.219393474847
0.0310214382681	0.195475362554
0.076451888445	0.462960124325
0.0573678415741	0.400803104661
0.02792463735	0.195114134231
0.0319171506346	0.205980594639
0.711240892637	0.557097128672
6.23589965874	0.40266367929
0.0400249875727	0.0851264488319
3.39216164499	0.605091970928
0.26777357798	0.365118993918
0.467682808943	0.435173183457
2.36667245086	0.644651834745
2.03868732258	0.128302801072
0.660244643183	0.188350555669
0.719712897649	0.161819511065
0.807961463472	0.209787456129
0.0487946321076	0.202593913768
0.0241990298219	0.523955937568
1.98443732621	0.280739904491
4.72204430782	0.302074892511
0.2151748756	0.250951326329
0.0179991508023	0.88266094312
5.88268135826	0.486882842062
0.0193019881326	0.8441114234
0.348379751396	0.85889292541
5.62229740442	0.484773471656
5.22971413992	0.384060169423
5.34113472397	0.47203810221
4.30062037153	0.236518787672
0.117459909318	0.163528960178
2.0199373181	0.313489600794
3.97363807925	0.243624180342
8.76110430948	0.417073408511
0.36654838715	0.397679369353
0.0887899013073	0.558761084959
4.62135120014	0.230488580805
0.0100334001841	0.727520175095
0.038243882849	0.137273304826
0.0	0
0.429794268925	0.400737239486
0.0	0
0.0433563680954	0.684581788762
0.142387552122	0.30009406291
0.0429331397168	0.105367800635
6.03341398296	0.519322892727
0.180438581859	0.607614438058
6.57890647862	0.485837125572
0.0231105013832	0.819077913933
0.0147439040086	0.882135162823
1.16067672034	0.289055779042
1.33848202012	0.542547572015
0.0227204457833	0.894005841065
0.0116742023752	1.0
0.0276280944916	0.0171981998613
2.21615892865	0.243021722316
0.130818002371	0.434341188641
0.617252593415	0.269307927929
20.3941607962	0.434169434445
0.101429473023	0.481965576499
0.100945116699	0.646629808694
16.2706143163	0.341289028368
0.135574973001	0.56981044581
0.0254229425388	0.0444931916443
2.8977615975	0.539024680848
4.33077221734	0.341474087834
1.95431241096	0.248415327603
0.0	0
1.27340959554	0.382963617253
0.0286109786349	1.0
0.251051703105	0.715120949977
0.0254569341693	0.317951109528
0.246652832298	0.294716976196
1.48922644932	0.344922492884
0.0214427140951	0.205961535229
5.25294218353	0.373350544521
0.896808657746	0.475757240245
4.09517789691	0.511778124118
5.46705228886	0.497471332132
0.0220145991581	1.0
8.31955449921	0.389744688379
0.100596271187	0.610817797759
1.18613578499	0.576124304599
10.4470241785	0.389644004838
0.159138285335	0.192460659479
0.240485617892	0.35018462601
0.106451069761	0.191448737651
4.22869950502	0.575539202737
0.341959755399	0.562089656053
0.0434332445462	0.131446590281
5.18773346642	0.337038300882
2.50084628204	0.28378945892
4.51813735224	0.460574749142
2.65577724111	0.100075871105
10.6074113215	0.137384023077
11.7269586322	0.141760629798
7.10848626835	0.421693253648
0.0193575312208	0.183137223865
7.32718742579	0.423146056771
0.0401640937196	0.0522850046581
1.19739784024	0.606663989374
0.0415668948246	0.699687780709
2.16548731103	0.273987466603
0.0154759683167	0.542533974165
0.0661300608865	0.202421373189
6.44139144461	0.443621047877
1.78355818522	0.561795227913
0.11332417711	0.597199959453
0.233696873947	0.360176465328
1.01194682434	0.427143795056
0.417675013088	0.404431392834
0.233696873947	0.360176465328
0.68732447999	0.290025989985
0.241894974956	0.353573105364
1.01191258991	0.291583491062
0.251334782261	0.303195138192
1.3345153346	0.357829679143
0.872116902042	0.582740424722
2.01150912885	0.351925256864
0.0791941941748	0.237824329834
0.526694901943	0.57649223289
2.23501613596	0.171298804164
0.0176860066359	0.334860129413
1.77976150523	0.640321278904
0.00825527871323	0.928225576111
0.0209128116839	0.084958021619
7.94401094879	0.480608394084
0.925386884364	0.481113156814
0.02848154029	0.824646672252
2.01338844541	0.273337187239
3.34711375832	0.437164186455
7.46259881452	0.414919696224
0.573346329952	0.410663976506
10.4759180892	0.390570495689
9.96933905496	0.363096042188
13.9293050154	0.367195539758
10.1098986498	0.370548227716
15.8587597615	0.363283936761
0.0737877069922	0.580669980734
26.8603014388	0.420535218221
0.279833890842	0.31522315501
0.0434869431572	0.127598548062
0.020708338281	0.645129702718
1.16881023697	0.47996796682
2.21071033848	0.265541438956
0.0290427380915	0.278548738916
9.64815703967	0.468416159213
8.14625088251	0.421234016002
2.61042066363	0.414434182766
3.0426130373	0.17195489196
0.0615175919982	0.164777557741
4.77791392943	0.487818450497
7.65672074761	0.446436425832
5.67413523133	0.502245844887
5.37162646451	0.476201256505
9.07060233624	0.450344810014
5.36656611732	0.482334125164
3.04273390037	0.370224803119
0.606160615658	0.428178326367
0.0176864849884	0.811297737333
0.0159447160348	0.443860262355
0.0172981915692	0.887495757626
0.656484707655	0.29713903169
0.228885194533	0.383893251787
0.0756222829784	0.420820711157
0.855957704273	0.474807021735
0.0204169194182	0.432252565631
9.48796683359	0.432723880779
0.00587980958304	0.142401207067
0.265028378482	0.403327283696
4.49905337528	0.515819786078
5.24626761196	0.450674396193
5.41712146405	0.440317546455
0.0737661102665	0.106210818215
5.45770861853	0.499557896827
0.0719823967373	0.508326449083
0.0427142654159	0.102629908496
0.0270683080828	0.768350501677
0.240326195768	0.373147026959
5.40952998558	0.470311585431
10.3302665587	0.46651090747
3.80220895768	0.468688609859
3.77314821723	0.488192178707
4.84113017831	0.469977225545
6.2822947758	0.498372288167
4.06434807213	0.464813662255
4.4625753836	0.529539639844
0.460477116854	0.445401779652
0.19457401068	0.309533990363
0.545248536175	0.574780406699
0.641529192032	0.255589982944
0.409400891495	0.43379166711
0.0144337873317	0.717525058192
0.0452143287	0.666505265095
3.37687874683	0.514042856083
21.974755496	0.40200751117
13.5183591664	0.441317465667
0.426105171316	0.307265025492
7.2621995261	0.465402769479
0.0282760227477	0.903640719619
0.0522395903373	0.597492112236
0.441508340965	0.27227345476
0.561353581651	0.364623600045
0.485314656089	0.315066361714
0.459604013473	0.245317569531
0.238524879994	0.299039755281
7.98533699388	0.472489709229
0.301560187095	0.333155380052
0.0	0
0.0692767881472	0.265258189771
0.105242351088	0.548110191152
0.180602995293	0.387762901587
0.0231562058941	0.76314421079
2.18182640735	0.426731897039
0.0129911505024	0.372313755305
0.040635123122	0.623835911721
0.263070576531	0.340251342986
0.0489274867909	0.371480038715
0.0960311548093	0.164976224886
23.5494370527	0.418171094579
0.0517233677057	0.916513169233
10.9285166818	0.438332375011
0.727451520658	0.130260349552
0.210921202943	0.718891483137
6.5131074346	0.524399113172
0.0592878755056	0.136140661456
0.0140123880002	0.106870377419
0.0379813768815	0.0912576446554
0.0419055396552	0.0936170342499
5.9594198748	0.468204443876
0.28605274333	0.746892230828
0.336800415566	0.417917941674
1.00273387615	0.542819687809
0.691338549909	0.514412208673
0.117979103906	0.384120542962
0.291176745015	0.360328945566
0.208557976463	0.516234654125
0.21876373276	0.392132411042
0.247617606046	0.358344057784
0.297621098783	0.33548424969
7.34542167462	0.431150171312
7.09220788541	0.504272273453
0.232010161504	0.365031970863
0.260975031463	0.408475672799
0.24511167602	0.314054143582
0.206274542843	0.220468222335
0.240845141405	0.350755358497
0.233696873947	0.360176465328
0.18969353634	0.294657202277
0.0460972511391	1.0
8.35595082479	0.46878772207
0.419935123813	0.300118469774
0.34910285256	0.633725518277
19.9157298935	0.376331969493
0.736145329813	0.480370803076
1.59668466946	0.227000465296
1.74104153991	0.209584222358
5.64974393677	0.337844910529
0.048879345267	0.306738155286
33.0500874763	0.447472072498
0.0218959560886	0.32732923005
0.972416322813	0.794626705699
1.13968658061	0.348841751256
0.0548151341087	0.468888792852
5.02709620808	0.450077922401
5.304448789	0.423045689289
7.00353561187	0.462762166478
7.55468566131	0.385328114194
0.0418174091321	0.489146336828
0.0644455642871	0.698156704345
6.66769406214	0.450825687906
5.13025245659	0.46691238242
0.0420689809419	0.21068901255
0.0440408803325	0.255454641576
0.0899008401883	0.662020572772
6.30332766445	0.427695412101
14.9112372597	0.46722633437
0.00595575299737	0.731743500957
1.95647383658	0.318196832561
0.031174164526	0.692693828733
11.3949404919	0.510796749865
2.85825869014	0.498977844108
5.92607298009	0.417859415977
3.79323947924	0.489665792791
6.35397275893	0.406982696123
1.19606908351	0.457861378026
8.60789563968	0.43277811136
7.26458981375	0.442309220864
16.2677009701	0.475077436072
3.94044034441	0.430570397612
7.53456482493	0.427779344971
0.119950720402	0.518655699603
11.0098265816	0.394639654394
1.59489241351	0.238859942036
0.118481973901	0.674877175604
0.114954605829	1.0
0.0610649806097	0.519326115493
0.053713385729	0.4042032457
0.212639032795	0.251694194336
0.400170094225	0.331582188293
0.0332724264075	0.0992330973068
2.73183057276	0.552876911663
1.85804097648	0.174071776287
2.68834910641	0.427816486616
0.669878199615	0.62059319117
0.444638375379	0.382346481019
0.0178994390664	0.126940635565
6.85502731009	0.419320529422
1.19516790255	0.381606367474
6.82330018242	0.411512758049
0.0190444765498	0.1675995883
9.24761396017	0.390792449565
1.82760222679	0.251211792704
0.0193955841938	0.0974931124101
0.0250089848895	0.931603170091
0.243780802258	0.389990046154
5.35346492171	0.503615537926
6.14404888022	0.562230265198
0.086843057157	0.363093707645
5.17143101167	0.426523827916
3.32426976861	0.339014569957
0.0798648085557	0.511904181227
5.82728092163	0.531381362709
0.103211885237	0.675090929592
0.0509411250238	0.806178579867
0.56778612485	0.26897480576
0.353058024748	0.404584893126
0.017610004585	0.169283749973
0.0384011292506	0.139845823514
1.63874389409	0.22589105566
0.0232147312068	0.0804321504873
0.0189102927753	0.124125991631
6.69442796993	0.534813911229
6.01472388022	0.473327811375
0.0446798896757	0.236262717593
0.395140167999	0.424093888202
5.82401105264	0.500170090649
0.539767881152	0.819017057373
2.29436056369	0.283794033359
0.269603825155	0.57521433149
0.846890843037	0.367959310478
0.261684192594	0.382319903851
7.9118191832	0.447548282731
1.43737928682	0.667119103099
0.291708842693	0.414049113358
0.31021441151	0.492604940604
7.34867332292	0.418250325766
8.28606010106	0.415027009991
5.93202822081	0.426283876474
13.1191863604	0.412418757935
6.20426673126	0.459289841117
0.934300270389	0.397138047169
9.51938472082	0.397490061111
13.9290712074	0.418224175743
0.25226287841	0.45849648752
0.025070797955	0.208740244241
0.818916111696	0.374698439348
1.11283846357	0.36930946499
5.70430218896	0.44342427006
0.0393073920565	0.152109730062
0.0584036949686	0.118992613735
0.0232299190686	0.771354875665
0.897105667623	0.235547642222
2.58206144598	0.245099759164
0.557249161293	0.299841461409
2.07705548271	0.232505316959
3.88254777573	0.22949032566
1.89255029593	0.459325446761
0.239152722701	0.606762604017
16.3327677625	0.479182204851
21.711604577	0.45536506059
0.0153206466285	0.543898404896
0.0153206466285	0.543898404896
2.03661440088	0.210730421676
7.16583232197	0.518484042481
0.295090157773	0.349882042666
0.0853892742677	0.182462254865
0.0563096590189	0.197136258438
0.057732996234	0.743423887304
5.25351827095	0.351617945731
8.25615382543	0.400332284455
0.240386314554	0.365287173851
0.0169463699996	0.608877541831
0.154983143444	0.306100979574
0.143750363195	0.409733914195
0.169783563692	0.382945359903
0.569303893424	0.454031841447
35.2135754361	0.541226263156
0.0	0
0.0381568355392	0.963808762656
0.88946417839	0.46274025335
0.0968217464841	0.565044686114
0.454618223029	0.455002693139
1.17339457064	0.431420905639
0.217086318802	0.405905624413
0.0430901752488	1.0
0.446971741488	0.314189856782
0.242878059694	0.376638248554
7.55865674044	0.437264797465
0.0338871880603	0.671041951902
2.0583321393	0.267201402632
1.47129034595	0.642900020538
4.65516383883	0.466911965899
0.361843606037	0.417848932794
0.509761965879	0.427095772854
1.65924483024	0.27230028799
7.29462957351	0.475724023466
0.023034089905	0.701885275845
6.53581140145	0.398792120728
0.125983304569	0.310501823749
0.0506458803894	0.780476317816
4.34821981566	0.486493002717
4.84099622889	0.472465180764
1.82026162258	0.24955307112
5.27607384148	0.497619885539
6.56375680333	0.437497516245
3.81676025862	0.459515080733
0.0113210722863	0.314860547586
3.6296687398	0.433313115627
0.0662275979319	0.50480081875
0.0	0
2.79564813783	0.466771371819
2.11326261227	0.174821561499
1.18311585845	0.347908397861
7.69382570358	0.472874498835
0.685458401876	0.425246674287
7.45833380644	0.387032257473
0.0771865718494	0.6921300892
10.0604895306	0.39647395819
10.3359105646	0.535539263512
50.0	0.436975257562
43.735748591	0.462164547297
50.0	0.457109986449
50.0	0.481621035475
50.0	0.504191110233
0.554827804474	0.346895250985
11.6782842349	0.503657365231
3.7649704821	0.583689640198
24.9876968299	0.396499177793
29.2196035803	0.405353368241
15.5022989118	0.398383402344
14.2872919911	0.446020076233
3.20486513123	0.609379255654
5.89683353016	0.276284568884
17.1481486874	0.41371253031
0.704968588819	0.467215257212
0.0316230361668	0.724329683338
0.376873984283	0.649449221684
0.62566940958	0.377514738918
0.573610833314	0.861859194762
3.24299698078	0.696638515235
0.0551761084838	1.0
0.0551761084838	1.0
5.40583026054	0.30901219395
4.41091443271	0.307728223636
1.14295567805	0.704273881188
0.0857503360786	0.773200212687
16.0313531812	0.408545123268
2.28110323149	0.712412825023
0.134583730862	0.294898474319
0.405932929796	0.392575645167
3.90608901854	0.604861339562
0.44470443004	0.457401892792
2.05484210484	0.295850684372
0.13890601009	0.457091224963
0.817877074265	0.429953747611
9.00531563417	0.456650903233
0.204673238841	0.460509552626
0.0526760048363	0.584781443099
0.0785122173827	0.0750166420219
0.0881945783012	0.121094237543
0.0	0
1.37693732119	0.368077237021
0.0329928582159	0.0351161536431
0.198693833289	0.79898141139
0.165050199235	0.732565721249
14.0215726714	0.472788264255
13.4576354291	0.482626909318
8.35958279502	0.569663281677
0.120432640948	0.380901030636
1.45175427938	0.542062013716
30.1008521755	0.423008644078
0.758675143545	0.447103742234
1.01891266596	0.506269048978
8.69407406023	0.391147596357
0.380546110928	0.568992371605
0.461346545566	0.285145862836
2.55224506539	0.14476930637
2.48870817105	0.547882332053
0.531194080803	0.365802483968
20.361582833	0.383123500999
2.29248578359	0.426098480782
19.4736846729	0.435826337123
8.42031912523	0.153022325998
0.166011157538	0.952650517007
23.7625874848	0.398629689821
3.49207118314	0.224230969475
0.0557310858597	0.0745496805925
0.233014667072	0.437398260922
1.82652780796	0.562776935332
0.262063895018	0.423063856152
0.916078827104	0.635306565237
0.255549278677	0.508072733434
3.55861846196	0.329754565026
1.8785930208	0.431307689989
0.104201431625	0.383932176362
2.41431564152	0.279323419374
0.252523646802	0.487370835612
0.075822811441	0.339390901905
5.36672549422	0.290209379704
0.100720066181	0.49311942368
0.163774894111	0.494442252962
12.4120355598	0.447078523619
9.5687491174	0.602127963446
0.118617395808	0.278456630657
0.107579678328	0.614447860149
0.06934730578	0.37033561635
8.70990381477	0.260351154643
0.0830319525139	0.138669475361
0.154542862903	0.485700557162
0.615094036323	0.409638805888
1.32272074953	0.572665880058
0.089136939476	0.131559490738
0.53667754501	0.316636226133
16.4934229374	0.441786896126
14.5074445548	0.552755984346
0.217933561949	0.757534257592
0.0791197695391	0.770531199925
0.747445355259	0.355247135096
0.104651180107	0.329925225957
0.0373458214186	0.83261679583
8.64369587618	0.442835971468
4.75846370774	0.158792157779
4.90839935174	0.167564904234
0.56526092268	0.358217780862
0.538682300202	0.387273271363
5.5420624086	0.475486249858
0.542973223174	0.331624167908
11.0734073525	0.485927511551
1.45843140059	0.338818333814
0.21763846819	0.580753539526
0.0888337131191	0.120489049985
0.488803049666	0.514323095554
18.7695092598	0.385454381235
0.19123944213	0.539736035332
0.0868011987951	0.0408460159946
24.611426224	0.370732786238
0.103087690656	0.163327095695
2.8614047969	0.612540907132
0.336386123261	0.374893460743
3.42932533324	0.233012505758
28.8061677252	0.439498844579
0.345590355656	0.29318090774
17.0112910392	0.482383393334
21.5579615431	0.389300571462
15.8590591116	0.473316012463
17.7431381434	0.438542835824
13.040294884	0.466651393618
15.2012657618	0.517319475682
0.00545015184283	0.707664158855
0.011765781008	0.629554798264
0.0150622115505	0.717279880669
0.078167067548	0.32122600933
0.515936364791	0.334155520081
1.63527985755	0.400303191385
0.0241083904958	0.0638357532785
9.19467172639	0.235794192649
0.0349536660984	0.541910245085
12.0592775476	0.492616194241
23.1381652034	0.418755380662
5.94879619849	0.507145166357
5.42503656955	0.530799563054
0.0	0
0.041515976257	0.138669475361
0.150169913684	0.553929667536
0.243569445099	0.326178517772
0.0317082930486	0.827132951989
50.0	0.464667739315
0.124087333543	0.0859814758471
0.385145037799	0.217404821606
3.26623284421	0.366609615761
0.17495097341	0.303713974741
0.564521999528	0.462583503216
2.76040450813	0.454094610623
1.71797355828	0.378173406642
18.7560235013	0.445843701314
0.473314991993	0.387268922623
0.740364328856	0.325076189803
4.93221571689	0.181022690876
0.258769769551	0.496614408139
4.16922768744	0.463546462257
17.322018606	0.522342994321
5.90573456705	0.162129107752
13.5470594032	0.494209684175
7.14719927582	0.241639420567
23.8697991582	0.466786528492
19.5105483604	0.459034079646
25.0757486771	0.458131186833
23.7243831322	0.328265850173
0.288112915377	0.594529164672
0.855169639001	0.308778302656
3.45875140527	0.584641508489
50.0	0.392560623317
3.29399362563	0.343611550311
4.06308546393	0.275943376333
0.518343708974	0.582780824889
4.26308680653	0.322237198622
2.05772872568	0.369784486885
0.0565416917406	0.978286400607
0.087177238585	0.985916924379
0.320207578386	0.873278823648
1.18310218443	0.495095640789
4.5192749112	0.621069760117
1.1490488756	0.477811027028
8.35334996624	0.262700752617
0.414840192405	0.542655101465
0.624352607141	0.179975602632
9.49975954201	0.567117290205
26.3643129231	0.382519067548
24.4972779857	0.504452316571
5.45298131802	0.304943049222
4.19930163748	0.371446582371
26.3656897439	0.47569405693
0.364462754574	0.503486189725
8.37893281829	0.287058357009
7.25301187226	0.308407429026
8.18345704262	0.244524987609
29.2227760145	0.45418042057
50.0	0.387749481816
41.6750949462	0.363007892409
4.41996206144	0.541720547458
0.0761792826658	0.159401795051
50.0	0.374698149577
0.253369589799	0.172029452573
0.3637373236	0.470191456998
0.477021202597	0.579292540383
39.117085775	0.439981373691
13.4027550788	0.672258939285
1.97887532867	0.373354721365
15.9221328672	0.653649386147
0.379117323399	0.124125991631
45.633483599	0.471744839797
0.0995711523052	0.664127280213
0.484541355502	0.599188161343
44.6800220831	0.483469340855
0.429010524678	0.52875503854
0.325457507962	0.055419031618
9.85099089276	0.587599367355
0.293351450289	0.34763110867
5.52728756884	0.329460357014
0.131029156325	0.154062116373
5.32913332115	0.321380202114
2.52591871137	0.529130614142
0.12236133223	0.172836414706
50.0	0.428922014654
50.0	0.462653783113
6.21958194479	0.709417088246
5.47059794227	0.343408084114
21.007804472	0.231678219616
50.0	0.566425446526
0.945621638124	0.417716022033
0.466997858549	0.29447352866
0.808694568263	0.237999830751
2.94059630971	0.949942179669
1.76150390174	0.638279609782
0.714235056239	0.118345807175
50.0	0.538411068078
8.74124338797	0.339283364024
50.0	0.413081943448
