	SG1-2014-09-1	SG1-2014-09-2	SG1-2014-09-3	SG1-2014-09-4	SG1-2014-09-5	SG1-2015-06-1	SG1-2015-06-2	SG1-2015-06-3	SG1-2015-06-4	SG1-2015-06-5	SG1-2016-02-1	SG1-2016-02-2	SG1-2016-02-3	SG1-2016-02-4	SG1-2016-02-5	SG1-2017-02-1	SG1-2017-02-2	SG1-2017-02-3	SG1-2017-02-4	SG1-2017-02-5
Amino acid metabolism;Alanine,	7.16214102707	7.51058495602	7.36851231504	7.39881769377	7.2469716673	7.01938724982	6.64281735539	6.5907027596	7.01327951719	6.9291774789	6.55826843837	6.83523733604	6.2822258347	6.6517366892	6.72322967095	7.57104140012	7.31643913436	7.53092719858	7.3339299256	7.28281830557
Amino acid metabolism;Arginine	10.5037701531	10.0154364906	9.85533302865	9.82228605647	10.2690516081	11.010698125	9.18166486866	8.98700801465	9.70878456844	9.63113506844	8.96972274534	9.31965563144	8.96837449304	9.30063342438	9.39180146526	10.4991633584	10.3027052022	10.5760820473	10.2839514252	10.0685170403
Amino acid metabolism;Cysteine	7.61651710365	7.76374488678	7.54638020932	7.5888167166	7.56803932548	7.38592272966	7.01856639874	7.05509692068	7.55772286281	7.32328621831	7.33228176137	7.61543900274	7.23612983729	7.13436864078	7.44223921525	7.97484675835	7.63884003228	7.92748446537	7.98977888828	7.47469059001
Amino acid metabolism;Glycine,	9.77657321453	9.76843583364	9.70687782947	9.55715797998	9.60246353095	9.78191390628	8.67802011411	8.65489739943	9.34949362511	9.18251755045	9.18571629409	9.64054462605	8.85716757925	9.17051259138	9.12917018076	10.4674434407	10.281106404	10.1541618762	10.1091675789	9.80252710618
Amino acid metabolism;Histidine	4.56644164363	4.42777806414	4.24370167987	4.28384769563	4.44567638076	4.63169810094	3.95721555731	3.84698100636	4.25606366604	4.07793782747	3.9490521916	4.22778179809	3.90378470235	4.14936786842	4.12206819772	4.59385250508	4.66798692271	4.59477076853	4.43402934242	4.37893367163
Amino acid metabolism;Lysine	8.01173036965	8.01814605638	7.74630123687	7.69468973237	7.94825055346	7.68744306451	6.95002075366	7.08866263426	7.45217088149	7.33774814871	7.54822794067	7.86363548431	7.56653212437	7.54886768014	7.59983409536	7.859301897	7.67860858317	7.82143220977	7.84231401214	7.8791819691
Amino acid metabolism;Phenylalanine	4.29759900288	4.2160907122	4.25148075127	4.13113381468	4.17973012351	4.21277978958	3.31540000637	3.47567561767	3.87890124172	3.6755836439	3.41799864183	3.55149124297	3.28509193405	3.56684761889	3.55392104997	4.1760264617	4.24064116706	4.19392123792	4.16917179748	3.97234880497
Amino acid metabolism;Phenylalanine,	7.08281643054	7.17813305363	7.19643535258	7.22345327829	7.02056552461	6.82523795085	6.44411116226	6.48594995939	6.98324382059	6.84696428322	6.78267672894	6.94448894065	6.49914624139	6.68332500864	6.91621697368	7.52579319396	7.35664528003	7.43401093979	7.40050719936	7.18840974739
Amino acid metabolism;Tryptophan	3.86109795031	3.57378852613	3.59559185836	3.59250182123	3.68951271046	3.81174536762	3.51841828405	3.44889437826	3.6114844409	3.53099608922	3.49987894391	3.46175890799	3.43254363816	3.43512457796	3.54587029652	3.66945176213	3.64248992323	3.58259963914	3.59686633382	3.57075688648
Amino acid metabolism;Tyrosine	3.39617672399	3.43260373662	3.58596820205	3.42718884065	3.44663924329	3.63480224755	2.70920285138	2.71979448122	3.10424378048	3.00953730514	2.68356891597	2.84017077747	2.51375246718	2.93536024528	2.73585286088	3.35515095148	3.41912837664	3.27897826486	3.1872860462	3.24130749159
Amino acid metabolism;Valine,	13.3619877859	12.9356160733	12.2882613039	12.69098999	13.2462122178	13.8685920996	10.7192877454	11.0869244621	12.0218493523	11.6271970229	11.6747001291	11.9234651861	11.3135203667	11.7356438593	11.5099242871	12.4921932147	12.5589730568	12.4573433335	12.5987299182	12.4209842536
Biosynthesis of other secondary metabolites;Acarbose	1.54783785944	1.53754332634	1.70073510308	1.63596797427	1.56322794094	1.51596946877	1.30728157398	1.41433725374	1.484669445	1.4469856061	1.4243768904	1.42960541573	1.2699351108	1.36939695807	1.42778687545	1.63888121437	1.55896556453	1.67172724211	1.6018346322	1.62981549671
Biosynthesis of other secondary metabolites;Carbapenem	0.165063620514	0.169597296051	0.210613346086	0.252699351457	0.175695067268	0.108632652169	0.311866269512	0.303469595078	0.269305136856	0.274574281503	0.40419206138	0.3600948444	0.37585588721	0.355467043593	0.401313510628	0.270119839575	0.246178730773	0.267437836351	0.277854686183	0.269116437783
Biosynthesis of other secondary metabolites;Glucosinolate	0.326430153623	0.286625581765	0.239134572929	0.362234743394	0.322438035717	0.33461812463	0.296745974029	0.277395378134	0.275662696224	0.252960996425	0.247654829783	0.244209213489	0.236789442753	0.255563387003	0.249797789534	0.277762759976	0.258298342649	0.251188030128	0.268500770072	0.325333962461
Biosynthesis of other secondary metabolites;Isoquinoline	0.702773434725	0.741463050373	0.718096482023	0.682720552516	0.697679734401	0.707659762801	0.507875591502	0.54123690166	0.637825238058	0.580133110136	0.514574964754	0.553750051765	0.503082877656	0.5946236287	0.516482952971	0.783486563409	0.763678672067	0.761209644625	0.700351181928	0.691797528688
Biosynthesis of other secondary metabolites;Monobactam	2.09438793471	2.11684899516	2.10852547131	2.10202285418	2.11458727838	1.96703000554	2.04408809076	2.07947430129	2.08830917717	2.12347054484	2.259958938	2.32560655578	2.22476392962	2.11857305278	2.18479937517	2.12072339308	2.13378782391	2.15577661256	2.16014688167	2.16280370868
Biosynthesis of other secondary metabolites;Neomycin,	0.378150775415	0.36419502099	0.365763233425	0.382219037413	0.362188501632	0.324002180252	0.496481215864	0.425111401257	0.404183721741	0.43375482709	0.415165980225	0.401104708534	0.433132784107	0.390129246269	0.4503964908	0.375157807143	0.395700194545	0.366640042047	0.393988243028	0.384530459577
Biosynthesis of other secondary metabolites;Novobiocin	1.40236376798	1.48729819185	1.46702475573	1.45309029275	1.4154891434	1.36842165163	1.11586894149	1.19530063	1.32750982912	1.25258292104	1.31888289026	1.32505457302	1.20984464234	1.30435890825	1.26726469881	1.52814754989	1.4747711823	1.50085053681	1.47317166254	1.438099807
Biosynthesis of other secondary metabolites;Penicillin	0.349039523176	0.302301009034	0.30185136898	0.299004379559	0.354120344721	0.345911309168	0.313090927366	0.314648072176	0.349251236862	0.33001482361	0.242405860149	0.282459667313	0.259662862426	0.257564945195	0.29592483714	0.331717172928	0.344265815366	0.319334151102	0.347738642244	0.335115251195
Biosynthesis of other secondary metabolites;Phenazine	1.18699160005	1.23630968475	1.16075357751	1.17390014102	1.16498103979	1.16138387402	0.973842468482	1.0193407664	1.10719154556	1.08328619657	1.10173426676	1.06501811575	0.988626860571	1.05003190035	1.01899645181	1.22366372415	1.11531433479	1.21974697098	1.26414697614	1.19927024789
Biosynthesis of other secondary metabolites;Phenylpropanoid	0.730793780043	0.625198624216	0.602531020561	0.638403732878	0.670288053823	0.672922075872	0.632421807842	0.617020357021	0.650697299304	0.625720797965	0.925482188631	0.696162841316	0.795793424476	0.666468000736	0.777717816976	0.545992225442	0.53183716576	0.551036579881	0.609716317002	0.565865351966
Biosynthesis of other secondary metabolites;Prodigiosin	2.10909794286	1.92967399838	2.07708460961	1.97519246767	2.07449495084	2.35722022173	1.86268937498	1.87239978695	1.89847590233	1.91581451822	1.62143452062	1.77629474036	1.78584503863	1.80245732654	1.79176762647	1.83988358098	1.82010132296	1.9550058435	1.85518246037	1.94740255616
Biosynthesis of other secondary metabolites;Streptomycin	3.40259255377	3.28440894955	3.43666686474	3.3822363606	3.38838261817	3.1491017291	3.12176680038	3.13512368881	3.23585620948	3.20393993837	3.12839792424	3.10618320609	2.96245218515	3.04556016267	3.1373875165	3.34868963813	3.22435580584	3.31160546684	3.25186673306	3.30630705828
Biosynthesis of other secondary metabolites;Tropane,	1.06175121907	1.11930067069	1.11733081446	1.07708864406	1.05535287781	1.0628592283	0.861609715903	0.889393565851	1.00977440537	0.936537992258	0.929574189909	0.99063937713	0.862262654259	0.984851491142	0.94533759337	1.1890287753	1.14468446542	1.1593185674	1.13970756236	1.06864932651
Carbohydrate metabolism;Amino	7.03523395745	7.23717789518	7.64471845385	7.56310821986	7.08209103288	6.34424528344	7.57979841018	7.60789553316	7.37299170678	7.450795689	7.50778136472	7.68523836758	7.54688382569	7.39783159297	7.90002692965	7.29606752524	7.30717330824	7.48288856153	7.44840759378	7.7624892449
Carbohydrate metabolism;Ascorbate	2.38143191481	2.27732026448	2.29577481139	2.28695841817	2.38143673479	2.78372081186	2.08919154843	2.11458618349	2.26130167707	2.25958118911	2.02550905859	2.11339851164	2.106429936	2.21375513824	2.14233819271	2.33483611715	2.40044866949	2.33337170739	2.28194156993	2.3504125523
Carbohydrate metabolism;Butanoate	9.040684808	9.25914344329	9.31214853688	9.18788187678	9.1414398156	8.93596806606	7.33803879605	7.9089405145	8.4467528054	8.18276164179	8.01247497559	8.40942966839	7.83337724835	8.31250618678	8.0850912758	9.31140320421	9.36458207769	9.22680099161	9.00977345118	8.98685635011
Carbohydrate metabolism;C5-Branched	3.36070726134	3.16896558315	3.00968693171	3.403548203	3.37899044647	3.50017615673	3.01997358089	2.92986909097	3.02594074547	2.95378855469	2.89697259016	3.04275360135	2.87036949369	2.90816455232	2.93760960884	3.17359487543	3.10636499412	2.99812674025	3.01627541764	3.23793421802
Carbohydrate metabolism;Citrate	8.12068364568	8.54618462788	8.3941411155	8.28679485541	8.03570214258	7.95936996198	7.13779293809	7.76608733965	7.9441152178	7.62707842855	8.44664264489	8.64729650982	8.0390904183	8.35803396482	8.19624968371	8.92246789012	8.61680236506	8.88465087078	8.83693937301	8.55246566484
Carbohydrate metabolism;Fructose	2.85367334259	2.8083216707	3.07097247007	3.07936403713	2.86703443522	2.92043192042	3.03695628943	2.99096153722	2.98527227959	3.01853666223	3.39852984213	3.56829161844	3.58753577201	3.21519107416	3.53874433639	3.18698418469	3.03017660763	3.42502775328	3.21850341247	3.32880297532
Carbohydrate metabolism;Galactose	4.08002218083	4.22216093995	4.24282469696	4.20708389658	4.21768077299	3.71903238281	4.03334692367	4.14269312473	4.13490974648	4.11032071199	4.48654921549	4.41482885229	4.34883535678	4.20184775831	4.4811499957	4.40345612533	4.46273770737	4.37614798729	4.46706887492	4.44865029277
Carbohydrate metabolism;Glycolysis	12.9120988783	12.8253673579	12.6954808986	12.4683629631	12.5891807414	13.288967232	10.9489108858	11.1196860025	11.8903306482	11.8117831064	11.1676379876	11.729391426	11.0162834694	11.6163977064	11.4104620194	13.1301845785	12.8146972977	12.8521720392	12.5628026108	12.4539798612
Carbohydrate metabolism;Glyoxylate	10.2966934561	9.94217454618	9.67965826817	9.57293174987	10.0646997098	10.5769262232	8.41897514458	8.49777640393	9.36094931401	9.10865337418	8.43674467204	8.88768259666	8.01452445376	8.72041648547	8.41519032945	10.3357770625	9.97943040053	9.94914925515	9.94407819526	9.59287131402
Carbohydrate metabolism;Inositol	1.30939813986	1.36561207319	1.34917675999	1.31290104586	1.34646458246	1.30527056364	1.18196515129	1.19460630423	1.2225805806	1.22051384751	1.1361712778	1.26736398766	1.17549326145	1.21692828799	1.17346046787	1.3537967641	1.30631757066	1.30856266671	1.20770862695	1.18307324099
Carbohydrate metabolism;Pentose	8.46144509394	8.36169268185	8.45651901825	8.44911559202	8.48909598298	8.20308994971	8.05642419453	8.242974625	8.29173396959	8.28516439656	9.3508977422	9.39642800908	9.41651631487	8.96349456994	9.11415131759	9.02580693085	8.64853216465	9.12409803437	8.95144965923	9.0690808781
Carbohydrate metabolism;Propanoate	9.51201731212	9.24472502105	9.01684429132	8.75217067093	9.31007702745	9.68816769065	7.47055365542	7.85491194036	8.45632688396	8.26986373284	7.73951375151	7.84235991564	7.51061110427	7.82257723044	7.6440084743	8.59549310675	8.64181753258	8.58954839759	8.56172614055	8.33660454325
Carbohydrate metabolism;Pyruvate	12.6430319414	12.6610560036	12.3864280897	12.1749819319	12.3725768612	12.638241899	10.71162886	11.046418551	11.7543397786	11.5759974159	11.4187095884	11.7942160307	11.0938215268	11.5112549053	11.51405014	12.7585080506	12.6441028931	12.7229269834	12.5921728065	12.3097239725
Carbohydrate metabolism;Starch	5.03631260766	5.15053180487	5.59927775423	5.59720973852	5.1226995679	4.70957823216	5.45417271751	5.34389791323	5.30450663841	5.3926161755	6.79135505363	6.13945830379	6.57121260237	5.6645689417	6.41174606735	5.16694066347	4.98042405425	5.13409697212	5.51637090313	5.53552654319
Cell growth and death;Apoptosis	0.340430136756	0.33156907323	0.295137566273	0.302161732723	0.325830636608	0.342480806619	0.305639510571	0.289130983488	0.317147162059	0.331452414636	0.203807293841	0.220578366621	0.231217366323	0.26670777236	0.228209778384	0.298748776736	0.293016597101	0.263774703838	0.246139179315	0.292680027868
Cell growth and death;Cell	1.58928748388	1.62656278039	1.68465332361	1.75138833924	1.55934476232	1.38236685277	2.06070965767	2.0409481057	1.86716833891	1.94070483846	2.42443082851	2.39614361613	2.62630118485	2.40194772592	2.27659509894	1.80917092435	1.7221404003	1.94006084877	1.92346067987	1.92613149637
Cell growth and death;Ferroptosis	1.52597878688	1.6109635867	1.7196863238	1.64851338013	1.52160284584	1.46043712342	1.08563886023	1.24890557851	1.41076909926	1.33623676937	1.31911847101	1.31586818472	1.18490501623	1.34199608148	1.30430230561	1.45327631701	1.62438073418	1.43086726534	1.54587764476	1.50459178754
Cell growth and death;Necroptosis	0.602058811185	0.562980312935	0.600476142712	0.617282437767	0.544011887532	0.569867322932	0.596638644519	0.587665914175	0.593715325683	0.587602335642	0.584132130087	0.645197365962	0.512296788958	0.665269510993	0.570905957048	0.701501004992	0.682557343948	0.666592284964	0.663502028811	0.652045492899
Cell motility;Bacterial	1.40192363817	1.7069893501	1.34123635971	1.40767584206	1.52881040377	1.24175223586	1.43609261565	1.50819368759	1.45485430862	1.49508729864	1.31958675349	1.47583082759	1.26798696136	1.3291011204	1.56064264008	1.88104644135	1.9057485425	1.70922071378	1.40524833161	1.6214102728
Cellular community - eukaryotes;Tight	0.281331848588	0.32300675598	0.259753948682	0.262612326863	0.293175117522	0.336200787576	0.210422566937	0.232937503926	0.27798545903	0.259437095909	0.178416679179	0.19235705551	0.181286069366	0.208354592589	0.184538212303	0.321453091571	0.253935679903	0.299458057088	0.235460486112	0.268747019272
Cellular community - prokaryotes;Biofilm	3.3349354238	2.87204794543	3.36618899263	3.41373644303	3.08957235402	2.68413685308	3.70552036844	3.50537424128	3.44564623853	3.46016640191	3.1415465018	3.21133596459	3.25329505167	3.39601864394	3.41390421034	3.08601719182	2.97910373715	3.21451085713	3.21835203072	3.13447946672
Cellular community - prokaryotes;Quorum	21.903317627	23.0477930562	24.0171781246	23.1423101841	22.6211430334	21.8208739524	18.1734496578	19.3339095014	20.7045896637	19.9270294047	17.0330833927	17.7290895763	16.1919096983	18.6840382535	17.2974594841	22.1228637782	21.9410691349	22.716943712	22.3841657231	22.4358898379
Energy metabolism;Carbon	14.8698043253	14.9914913077	14.5718072376	14.5729847625	14.6918077476	14.9310537037	12.8801376896	13.2407904078	13.8516134524	13.7797400059	13.7767676328	14.0083976154	13.5031260946	13.4336935868	13.6611656093	14.5093671119	14.1739220265	14.3831120017	14.3280094812	13.937464084
Energy metabolism;Methane	10.0065174856	9.67431150996	9.30910595988	9.23860338593	9.69486193962	10.3686227723	8.31683320556	8.2626602637	9.00410624489	8.98047539574	8.29734034089	8.7431793988	8.12975032942	8.52117613278	8.39413626662	9.82921354871	9.57040866442	9.56526728126	9.35624817915	9.09874225598
Energy metabolism;Nitrogen	1.79816610547	1.61270328102	1.69370081096	1.68195362667	1.6918585672	1.79265685695	1.61370907935	1.4609450928	1.60490456366	1.56636529344	1.24053825399	1.43091305918	1.17433274145	1.44353758384	1.3841295495	1.79477410207	1.88028883608	1.64468754346	1.62668108112	1.61090656728
Energy metabolism;Oxidative	8.40928031687	8.63667164003	8.1639179003	8.21284159452	8.5058929643	7.89932317919	8.13800976829	8.08680253688	8.37611275945	8.12371127202	7.77541795724	7.72418671372	7.86429623589	7.80935862198	7.7030437727	7.84923192917	7.96149794483	8.02729905787	7.84787570788	7.80811709837
Energy metabolism;Photosynthesis	1.51510015295	0.797357612837	1.51367152181	1.80755254186	1.07857391055	0.880924228359	4.22109984116	2.93621078891	2.43574494119	2.84386055811	2.85089963932	2.08918090035	2.63263819318	2.06666410339	2.69421034703	1.4976133573	1.53163927605	1.09240241546	1.82568215337	1.40650690826
Energy metabolism;Sulfur	2.10702401544	2.10396918378	2.11347289882	2.12773801022	2.10149775332	1.91426680635	2.14355408159	2.08033764327	2.21013173104	2.11237409976	2.10829029527	2.2360597311	2.13774662876	2.25605478271	2.27230249034	2.30753029081	2.33826875633	2.28130113754	2.35212446948	2.1884278063
Folding, sorting and degradation;Proteasome	1.7541263401	1.86365844849	1.56708398403	1.57052777496	1.78823605983	1.89143137288	1.22605805366	1.26373944617	1.53296968667	1.40564148725	1.08868370383	1.24131474406	1.09171793594	1.39381933808	1.10574093074	1.64493215493	1.66048402904	1.7207657917	1.48353346168	1.52750888862
Folding, sorting and degradation;Protein	6.834048805	7.27481346176	6.74223413039	6.8800377324	6.92464418113	6.53528867969	5.9746499267	6.15406278794	6.5619077124	6.35489344886	6.18720184863	6.38202814008	6.08797211325	6.45358906569	6.16013311543	7.17216843653	6.88380662802	7.16482920314	7.1280340396	6.80875480552
Folding, sorting and degradation;RNA	2.59378220676	2.61423098239	2.59646260919	2.65192236753	2.58001976179	2.21644539766	3.08473866438	3.03815027258	2.83545836471	2.89877785566	3.56913500618	3.53429123628	3.64682808313	3.32995602778	3.4712724156	2.74803675448	2.65507910958	2.92972187397	2.86482839579	2.83001333114
Folding, sorting and degradation;Sulfur	2.72239009529	2.72473350482	2.77713354143	2.80480103156	2.69521564045	2.63825397818	2.36652376018	2.46006895492	2.65534913154	2.59855946514	2.56528032109	2.79772391859	2.536558804	2.66546126141	2.67439616964	3.20192305346	3.02454434027	3.07438485883	3.03486961214	2.78782205132
Global and overview maps;2-Oxocarboxylic	9.96053380213	9.54281495893	9.0850421281	9.40665800256	9.82235618545	10.0400222831	8.34228187272	8.29562138737	8.9052023023	8.72894103685	8.72603769948	9.04172317399	8.48734575062	8.69623600359	8.73513625725	9.45357198503	9.25589390086	9.36505196095	9.48187716411	9.35145577247
Global and overview maps;Biosynthesis	163.398362789	162.141075979	160.974207731	161.329690355	161.613527251	159.304921463	148.638534412	148.512859642	156.951709911	155.174602797	156.543407866	160.098941183	153.376168822	153.557910115	156.967136602	164.619852522	160.835573261	163.656355374	164.491249118	160.076114803
Global and overview maps;Carbon	31.5054481461	31.3078444105	31.1579344005	30.9006074057	30.9867712399	31.6121074356	27.4103564083	28.2944517025	29.7296215957	29.2931843701	29.3915339972	30.2592426054	28.5998015692	29.4322783138	29.0489974658	32.2606401591	31.7837362328	31.9204039631	31.7893076703	30.9975579023
Global and overview maps;Degradation	2.36936919964	2.37274854633	2.46737606959	2.38652260248	2.41199123381	2.79844596755	1.85225464854	1.92062245646	2.10790182928	2.1378934026	1.71578620148	1.95365905899	1.64326481065	1.95986542248	1.82978756248	2.30547957205	2.25776406891	2.35598009403	2.24505311383	2.15803110872
Global and overview maps;Fatty	7.09938048547	6.80647401893	7.14578648848	6.91225481824	6.96864519013	7.0512262472	6.07744325377	6.34236317861	6.62170284455	6.51838279238	6.27856739568	6.32508846438	6.28331733403	6.35550642203	6.28867549634	6.36839116938	6.57279399619	6.62519833224	6.67548801329	6.64100549324
Global and overview maps;Metabolic	150.249358719	150.417811505	150.28558195	151.130234516	149.018938514	147.543362974	142.579757613	141.386686239	147.508563445	146.611856268	148.427761274	149.844743728	145.021692157	144.014440728	148.017810841	153.453296997	150.380338804	152.562749297	152.886202689	149.937179729
Global and overview maps;Microbial	52.4553493708	52.0075773615	51.5126112949	51.0343264559	51.6461542679	53.0132883147	46.2249009182	46.5850150349	49.5968716494	49.042939756	46.9481911821	49.0631555331	46.2542584026	47.8506789132	47.4743054037	53.0838649108	52.5267439277	52.3936340435	52.0767368761	50.9960477706
Glycan biosynthesis and metabolism;Glycosaminoglycan	0.264918058875	0.306288332624	0.291042794217	0.305556766997	0.273939009409	0.197172930317	0.35946857356	0.41524098187	0.349675822935	0.36868341626	0.440673765618	0.416244275519	0.526118764111	0.393663732527	0.386198495559	0.249470636828	0.32110095431	0.292279784054	0.263252787329	0.385027927683
Glycan biosynthesis and metabolism;Glycosphingolipid	0.220901790845	0.313033256923	0.298982058654	0.310964473363	0.272431277707	0.238253825885	0.247000319025	0.312394141497	0.240098781533	0.255858522881	0.51458435874	0.473873964314	0.550537868509	0.440190874197	0.487888423353	0.276316554101	0.28632163389	0.324843186317	0.309349437781	0.413882587476
Glycan biosynthesis and metabolism;Lipopolysaccharide	0.206251468508	0.133543344163	0.216176001444	0.244615785173	0.148000986532	0.0982923463258	0.445960855228	0.398463680543	0.304832080943	0.327259578013	0.41323979119	0.466005857276	0.436442487798	0.51470416256	0.47208882629	0.286009371568	0.239880178413	0.352464133546	0.29835346622	0.335090728763
Glycan biosynthesis and metabolism;N-Glycan	0.99744984875	1.0674745733	1.00932285136	1.00526146238	0.98458700022	0.900078269631	0.989077677536	0.99377032586	1.02759503387	0.981549940698	0.944057890412	0.906278534862	0.92134807175	0.951439739558	0.949373496749	1.04219843416	0.989891411467	1.00395429035	1.01794936695	0.946206355847
Glycan biosynthesis and metabolism;Other	0.506676446372	0.571775585868	0.639385744651	0.585586058425	0.583399209675	0.443522927173	0.508953416409	0.599457432572	0.547362325255	0.55204491796	0.88095960277	0.762309905447	0.904406936863	0.735557718446	0.757635064074	0.519812834348	0.56320415638	0.610657104709	0.648829510282	0.72792636253
Glycan biosynthesis and metabolism;Peptidoglycan	1.34861191277	1.34523505458	1.63656996302	1.73411349879	1.33240508039	0.841826859161	2.32741313922	2.26836210524	1.82350460843	1.9858788166	3.30766953198	2.92236623757	3.27353636953	2.48212613017	2.86800345878	1.52265891312	1.49942544907	1.6880224386	1.82122956027	1.91246138394
Glycan biosynthesis and metabolism;Various	0.514752702341	0.621011339588	0.619849967033	0.616290244028	0.542502080162	0.475957291973	0.43511630521	0.562918540439	0.547126853921	0.500907451649	0.613522894608	0.638256702803	0.620898216103	0.669135538057	0.618914877493	0.700071762025	0.662784236726	0.720197787811	0.692578258977	0.690806525895
Lipid metabolism;Biosynthesis	2.20645409814	2.03194003016	2.18585736769	2.08876450434	2.16407153122	2.40414233598	1.98405199938	2.02048487651	1.99948562032	2.03352463272	1.89189095136	2.01849145811	2.04151193063	1.9975470068	2.02254555032	1.93216622992	1.93166691162	2.07212868154	1.97294207163	2.08485387087
Lipid metabolism;Fatty	11.4124060953	11.0833639722	11.4717044991	11.090753563	11.2230596751	11.7236381132	9.17069623961	9.6636217772	10.4013801739	10.1799040276	9.37471787844	9.67657105602	9.23594995461	9.79590426388	9.53672899144	10.397848905	10.8504789564	10.5460765078	10.6023008824	10.5830407347
Lipid metabolism;Glycerolipid	2.36260648924	2.25507445776	2.30290948108	2.33101763626	2.2949515069	2.54921607277	2.56170647683	2.44174108887	2.42089537856	2.4524731824	2.41146335577	2.4352149497	2.38975689749	2.35352605528	2.43644965055	2.44823189983	2.37339400459	2.30014656054	2.33874362826	2.38336392405
Lipid metabolism;Glycerophospholipid	4.31765523229	4.31322458629	4.40927949862	4.34727110513	4.44260930555	4.12229566663	4.1326718774	4.12319282409	4.28786641146	4.28847274635	4.42867547696	4.37054856605	4.26565702491	4.18952345678	4.13988127295	4.37448097182	4.33891184752	4.24573285967	4.32906185347	4.41226039344
Lipid metabolism;Sphingolipid	1.39755732658	1.4289175643	1.5033590357	1.43270741298	1.51376127784	1.26222149049	1.3724637961	1.48804994662	1.33332959406	1.39554812035	1.59766568574	1.41407143519	1.66557377333	1.47331558748	1.50480323526	1.09859588164	1.20290561234	1.34172923856	1.38833915625	1.44808980838
Lipid metabolism;Steroid	1.15647293597	1.1514355776	1.10581100558	1.08724126851	1.23977838704	1.15340692239	1.11716433869	1.15294725649	1.03686508917	1.09065303997	1.02049159883	1.02635550969	1.144613828	1.0939810696	1.08995786048	0.89160164829	0.874590694479	1.04808218446	1.07873499068	1.07397754633
Lipid metabolism;Synthesis	1.69078652449	1.67399377245	1.64354612856	1.58109646122	1.67483757633	1.52158666282	1.15672867724	1.25175654674	1.45221953035	1.41470267675	1.25153774647	1.35251258633	1.19229804792	1.35005240614	1.32123493057	1.64678181082	1.57981626413	1.64479953676	1.6190681861	1.57965837955
Lipid metabolism;alpha-Linolenic	0.385470157906	0.344373725782	0.291327632295	0.300117778752	0.365463062912	0.441533544232	0.281096475852	0.275387288956	0.299894752835	0.28697317096	0.287999809057	0.313442150453	0.369664187807	0.282798886427	0.315371352053	0.24826919579	0.246069675943	0.264018331258	0.275058296638	0.255963005882
Membrane transport;ABC	23.3837841728	22.7902692245	24.7174310133	24.0211571524	23.2682363663	22.8885944335	21.0862344408	21.3476371304	22.4728703528	21.936660389	20.0106218356	20.4122538722	19.5317841757	21.1266966714	20.2537711295	23.5900444149	23.2545796919	23.8808086627	24.1549236096	23.6655344095
Membrane transport;Bacterial	3.19233860337	3.36765489451	3.30349034956	3.54205669157	3.19664730171	2.8465510568	3.17752006525	3.29279861362	3.30877170384	3.23775356359	3.6490318509	3.6961694905	3.72787261316	3.60573739557	3.75643338048	3.40649333821	3.37622131651	3.70674383421	3.51354348929	3.40983462227
Membrane transport;Phosphotransferase	0.341019587751	0.279474512487	0.328895778998	0.334749639329	0.318617294478	0.360717181069	0.303172375969	0.332684542852	0.347973837903	0.338994510753	0.487359199445	0.437574047401	0.442227692902	0.41336959906	0.414594622434	0.420287212185	0.372940183907	0.422629285999	0.381862167251	0.431500898513
Metabolism of cofactors and vitamins;Biotin	2.88118724209	2.70084042061	2.83345161249	2.75506999183	2.81943869316	2.97589976175	2.71145716239	2.68245002327	2.71593459855	2.74405515295	2.46771270386	2.6032319064	2.58497697694	2.56934118027	2.62601634813	2.59031020886	2.53671859117	2.76285358828	2.60425679171	2.67736297067
Metabolism of cofactors and vitamins;Folate	6.37947174491	5.90515473928	6.17544236243	6.23639178721	6.22194438681	6.01314621209	5.47262812019	5.51787495959	5.92973113504	5.88082244061	5.35270873196	5.24031256612	5.22257469392	5.23663888665	5.24048941559	6.01551906446	5.748154173	5.92951450581	5.72257613137	5.86399685908
Metabolism of cofactors and vitamins;Lipoic	0.65768795961	0.66913345247	0.614164993503	0.64912576043	0.623378634148	0.581920749779	0.659676880051	0.627875272977	0.630319559955	0.625803307845	0.661703954255	0.6560491957	0.625765745303	0.588890108866	0.695429733464	0.682367071359	0.64398798103	0.677421269582	0.711021734941	0.661956265897
Metabolism of cofactors and vitamins;Nicotinate	4.17263901048	4.193507724	3.98578004729	4.06677848417	4.28768655833	4.12598154934	3.85700001203	3.73601635159	3.94212151237	3.9121126257	4.04955131825	4.05563697165	4.01481540444	3.73423342819	3.95200337063	3.84242101073	3.78936579868	4.00392814488	3.92400840545	3.92857189859
Metabolism of cofactors and vitamins;One	3.4523865123	3.44269688779	3.6954648024	3.56825562843	3.41473180565	3.33883223211	2.97662108768	3.09886462632	3.23647130796	3.25150094763	3.30634178812	3.38723427876	3.1608263182	3.36304444843	3.32444754931	3.72971268676	3.68091227506	3.64499638774	3.74537568412	3.62098692338
Metabolism of cofactors and vitamins;Pantothenate	5.28544001037	5.13832706064	4.91071343316	5.02336033185	5.2577511601	5.31752800584	4.62916298569	4.70262132723	4.91013504567	4.90711679874	5.05557387638	5.07047879225	4.95057775853	4.88281978517	5.00496637298	5.04908816906	5.13392770755	5.14669333836	4.99707644874	5.0100874554
Metabolism of cofactors and vitamins;Porphyrin	7.17018947403	7.06483091636	7.03345581885	7.25187274257	6.84936354055	7.47333307075	7.40351347149	6.93716312906	7.47299475706	7.61068480508	6.58051144495	6.95095109015	6.51776188031	6.60973139711	6.85430934259	8.10109631052	7.8996083502	7.35398526834	7.40268876167	7.1519522769
Metabolism of cofactors and vitamins;Retinol	1.35627512579	1.27972054289	1.29428844339	1.24013542684	1.35766382313	1.62277788817	0.940605587901	0.940194710448	1.13170423851	1.13073063072	0.702034780024	0.865416229827	0.684523294292	0.916038189489	0.777477523328	1.20562324397	1.29767839625	1.12837369926	1.06895577123	1.1246080647
Metabolism of cofactors and vitamins;Riboflavin	2.17136862	2.29827059611	2.34250846893	2.33046003088	2.20250645399	2.14285714154	1.9568754826	1.95468652163	2.17602669066	2.10224974278	2.2803010861	2.17459843317	2.19548902309	2.08371995623	2.17806678988	2.19065401162	2.11363863463	2.19067889436	2.292067276	2.20093554368
Metabolism of cofactors and vitamins;Thiamine	2.52818558701	2.62847603496	2.71450908269	2.79559210683	2.57650675808	2.48359784398	2.75828105523	2.73866098893	2.71185973004	2.77679004507	3.33642672353	3.08992080902	3.29122721802	2.8637365691	3.16396236687	2.58016974124	2.57839989756	2.58830923787	2.6812394104	2.7045892486
Metabolism of cofactors and vitamins;Ubiquinone	2.91312561672	2.89919549475	2.9390157133	3.05207616642	2.88898601616	2.76144690632	3.14087036307	2.82723707726	2.99770066586	3.07167820645	2.84577841421	2.86651834631	2.78635378538	2.65750337114	3.03780826524	2.80943741106	2.76052179574	2.77929334529	2.85220943796	2.79819843715
Metabolism of cofactors and vitamins;Vitamin	1.53314789161	1.60847344587	1.58893296732	1.55557890138	1.5599100064	1.50692511506	1.39975759218	1.40685125753	1.55279829839	1.52777600402	1.47958220966	1.57838142223	1.4615986881	1.44074398244	1.47103183494	1.70337839732	1.57798719917	1.67225304665	1.7081918897	1.57871403947
Metabolism of other amino acids;Cyanoamino	1.48900081062	1.38154799704	1.40717307779	1.42555030534	1.5010156691	1.64814303681	1.33549081863	1.32377354386	1.34186631309	1.39370468174	1.86736418198	1.79312515743	1.71601698355	1.51573740204	1.6090449953	1.38706113778	1.37373146451	1.38939733764	1.46500441755	1.42389286756
Metabolism of other amino acids;D-Alanine	0.225912105485	0.250144740716	0.28385136761	0.288755241776	0.220038753729	0.138281998174	0.385438455316	0.391658794759	0.302608682469	0.333668577763	0.646390055303	0.534138453908	0.668178153311	0.465146296595	0.569098901669	0.252487576158	0.258037755185	0.298862712741	0.345186101669	0.345296727097
Metabolism of other amino acids;D-Glutamine	0.198337084119	0.170440332675	0.246936087607	0.246410744966	0.188182395569	0.114570591579	0.396125930063	0.35380929547	0.282640152844	0.316525593944	0.443538932148	0.399890893882	0.46761554094	0.352946666173	0.400004362535	0.217818950978	0.208125696062	0.228172831261	0.258414545139	0.281063839099
Metabolism of other amino acids;Glutathione	1.84695762495	1.64870867451	1.80250463932	1.85154487718	1.76004789528	1.78585082946	2.19927294728	1.9077730925	1.87318870246	1.94281636582	2.1301054055	2.07302344196	2.04958398727	1.88658041952	2.025097841	1.80347793636	1.76333853881	1.83139445113	1.85416063288	1.81519032111
Metabolism of other amino acids;Phosphonate	0.561128902739	0.495247400823	0.466141788146	0.491890861723	0.5461491727	0.515838165925	0.525475009785	0.463658920819	0.52828596621	0.522859372807	0.329111386636	0.402677739074	0.392584834125	0.423198072107	0.384965770708	0.518579063388	0.523974079913	0.434232419249	0.422434129585	0.516929611582
Metabolism of other amino acids;Selenocompound	2.5568821368	2.53742051924	2.45767164725	2.51156572862	2.44063037589	2.55913570598	2.68788983449	2.48912862755	2.55580623442	2.6415191428	2.77022513164	2.86787104942	2.75153548049	2.48942035554	2.84401123336	2.62216549104	2.578664795	2.65893474399	2.73712262806	2.4922950401
Metabolism of other amino acids;Taurine	1.50149907382	1.48221817601	1.46707017475	1.43742790588	1.53878581134	1.70361731168	1.14148899237	1.21854024953	1.31876248189	1.28949301035	1.27865791298	1.43274849041	1.22553050829	1.29855177565	1.24107815814	1.45820796079	1.36306273375	1.49410815747	1.43592982538	1.44463780618
Metabolism of other amino acids;beta-Alanine	3.80029458254	3.64480126833	3.56709626033	3.5325252902	3.7707778308	4.06996539267	3.2866453591	3.40307552384	3.63009023314	3.52636519663	3.02842011579	3.10037681026	3.02087182886	3.36274369294	3.07948703035	3.56665950768	3.81103587495	3.61789778214	3.4358808127	3.48650236865
Metabolism of terpenoids and polyketides;Biosynthesis	0.729810734453	0.76305898164	0.815190731332	0.791238260352	0.726974355016	0.617128018995	0.816721908237	0.817005816238	0.772820517478	0.782755805107	0.973503425003	0.960530849719	0.972954383542	0.877231528894	1.00359580338	0.771938172453	0.779570368215	0.826890556737	0.865981199871	0.851580357809
Metabolism of terpenoids and polyketides;Carotenoid	0.851477982625	0.739099128756	0.864189194035	0.876569664387	0.788103095478	0.741253547026	0.956956755222	0.810727939392	0.859396816284	0.879410491978	0.849200576414	0.826079480903	0.85665483553	0.782382310266	0.842250873185	0.894854791934	0.860982959169	0.820119397741	0.855433902183	0.793908089082
Metabolism of terpenoids and polyketides;Geraniol	0.654936359134	0.5880593183	0.535961717704	0.53677999922	0.62409363679	0.616115910317	0.489454107516	0.525011863962	0.529839970074	0.518470745249	0.556331590231	0.582342871138	0.60698799078	0.600575557394	0.572791106881	0.488417858796	0.519105949086	0.531676280556	0.51472874377	0.510390306893
Metabolism of terpenoids and polyketides;Insect	1.03028732054	0.964288997995	0.918740188427	0.930474601914	0.973353177736	1.21075741878	0.921019905305	0.914638875152	0.958589150121	0.941134960406	0.885447344365	0.948041326026	0.917937758002	0.948496444817	0.952156419797	1.02594086481	1.08428166556	0.990209788367	0.927236079624	1.00269354839
Metabolism of terpenoids and polyketides;Limonene	1.2806114031	1.19441700599	1.15744194432	1.15859126128	1.21318587949	1.38479912757	1.11243251689	1.13869449823	1.16549665221	1.14884508885	1.17628121962	1.2097376236	1.18806735553	1.26033963427	1.22004822763	1.25653731839	1.34548996682	1.25471157572	1.16355648517	1.25179382802
Metabolism of terpenoids and polyketides;Polyketide	1.97699488624	1.85494263342	2.02205216824	1.95582200271	1.9603084179	1.80160164189	1.71639289478	1.81907803392	1.86055343489	1.82381401823	1.8575208251	1.80259025961	1.64937984438	1.73930468976	1.83468718839	1.93392234174	1.82140643047	1.97233823212	1.92978435645	1.96995379116
Metabolism of terpenoids and polyketides;Terpenoid	5.12553036462	4.90764941863	4.95183902465	4.91975118571	5.06196363789	4.75744840432	4.31089200266	4.32461487403	4.75651452291	4.6175454536	4.32415329884	4.55182137536	4.30728208118	4.43284098565	4.52570469891	4.89514849648	4.72750307814	4.87349916076	4.76232051385	4.72559566583
Nucleotide metabolism;Purine	18.6307158456	19.7958912892	19.0452959685	19.1088528994	18.8453376312	18.313022495	17.4106048046	17.5872232786	18.3201008282	18.0235180229	19.247454952	19.1149441861	18.2270697985	18.411781194	18.551511056	19.6279379327	19.0073778116	20.089943044	20.0080890183	19.0672917521
Nucleotide metabolism;Pyrimidine	14.6155952895	16.0675424781	15.2425703162	15.3440977049	15.0009264109	14.8482741915	13.7279224298	14.1874467141	14.5452264908	14.4438295364	16.1017683854	15.6662992862	15.0859576465	15.0766674817	15.4070536226	15.7523414242	15.2800395623	16.3050472541	16.1729962314	15.8378088837
Replication and repair;Base	3.41488488826	3.77318960836	3.59880531604	3.59154381593	3.4723325163	3.39100251327	2.82113741861	2.97699159172	3.30631893719	3.2238837972	3.06800789917	3.23411110824	3.01290622022	3.13295301119	3.07796205525	3.65670806704	3.60907879488	3.73985162784	3.49286209695	3.4330107842
Replication and repair;DNA	7.55291423629	8.23373004753	8.03855895974	8.0383016136	7.70611445025	7.4574887382	6.27039769638	6.64163773745	7.38397829798	7.19056553521	7.71799579884	7.09110601912	6.64699791392	7.16717649572	6.93228512599	8.21453707639	7.95304214232	8.33794852513	8.24303986993	8.09188827382
Replication and repair;Fanconi	1.34100187024	1.40703853103	1.21026297413	1.19124105737	1.35474505146	1.52965455812	0.852825783794	0.877461683893	1.15329657601	1.05029797337	0.787691783256	0.947720488683	0.80392350944	0.96046510916	0.886539392251	1.27451997017	1.1944390085	1.26287368414	1.24118455362	1.11067049102
Replication and repair;Homologous	2.24824776325	2.32660445096	2.48071279976	2.59365616274	2.20783001744	1.7853353312	3.01215452533	2.95219005993	2.68781125993	2.77938786923	5.01327887582	3.91734032055	4.23682424608	3.43807655407	3.93389090061	2.45481190927	2.40815168914	2.6644481988	2.98419795254	2.9200306802
Replication and repair;Mismatch	4.85894912352	5.07966795268	5.24390455194	5.24034778307	4.9117307235	4.60152572308	4.58243448787	4.63096194834	4.85453592601	4.89044812171	6.31223087427	5.58740200837	5.48124983686	5.21123977046	5.49339778076	5.29223393459	5.09932227715	5.39317303003	5.57446995419	5.36698024387
Replication and repair;Non-homologous	0.353496295774	0.396317239508	0.439871639084	0.430061859596	0.352593702146	0.346006422722	0.228193651724	0.25199432517	0.344572670989	0.321333579849	0.278683646473	0.257068072826	0.231884517702	0.2776459577	0.235456422493	0.356649671406	0.303331259632	0.362785963316	0.352539416398	0.345272643301
Replication and repair;Nucleotide	5.33925254406	5.55248877549	5.3488263638	5.31946695538	5.3139939944	5.27878773368	4.21261023037	4.3823631397	4.97985496642	4.7935849875	4.51951675652	4.75237625049	4.44580532693	4.72691220507	4.6027259149	5.36255524283	5.16213753837	5.49431927233	5.26128092562	5.20889758769
Signal transduction;AMPK	1.35422276374	1.45399697964	1.51259808544	1.46707636773	1.45287044747	1.29145012931	1.23704356485	1.32738375975	1.36626684018	1.32529836454	1.38737714606	1.47897340827	1.4254655881	1.47941838972	1.4602755986	1.49486661851	1.54023431601	1.46476993513	1.3696944199	1.4680275738
Signal transduction;FoxO	0.477137563361	0.436816099221	0.390703786217	0.413763832189	0.456776652951	0.535940523683	0.523499746297	0.466510094709	0.44779342736	0.485515748011	0.476837329096	0.436682195634	0.491528960563	0.430072283987	0.467217066444	0.354845362476	0.366348841263	0.345026608013	0.354569376154	0.347961025553
Signal transduction;HIF-1	2.1456273969	2.19219949678	2.32084539946	2.2582404571	2.05417307478	2.13652991773	1.9900583798	2.07645341821	2.11327922871	2.08218061676	2.03149586099	2.09236490207	1.93302548515	2.10290656898	2.01944389555	2.41501433701	2.37236163414	2.41569087715	2.29575840555	2.33204900978
Signal transduction;MAPK	1.2089011588	1.10933949337	1.02667283704	1.04761173818	1.17558425706	1.26041948142	1.15826696224	1.09452063079	1.09368034633	1.1143414233	0.986198144302	1.03763561248	1.04086413274	1.04696678792	1.03438181786	0.980879024094	0.960922008063	0.959321784659	0.969424699986	0.921562943109
Signal transduction;PI3K-Akt	0.277598722856	0.313887644896	0.296778899715	0.285895442031	0.283257366473	0.273769885826	0.216747257545	0.230354689925	0.257475609766	0.252403421315	0.186515232389	0.207884928671	0.178854814179	0.258885663366	0.188160472279	0.280814382024	0.275012154006	0.266793162201	0.247961157365	0.234973695079
Signal transduction;Phosphatidylinositol	0.669298546176	0.711789279925	0.772984203111	0.784089074582	0.669963868233	0.636320672994	0.742154557216	0.719231171928	0.689279868254	0.706133488718	0.769086247598	0.783016655512	0.750474252875	0.793264145938	0.764679657392	0.76803444708	0.751902232699	0.704259111453	0.69219008913	0.723871625256
Signal transduction;Two-component	7.29371273075	7.27873412891	7.97022953279	7.99509700401	7.20733036325	7.04823518625	7.48778779149	7.59706957266	7.50670764627	7.65810497107	7.83746437469	8.06414259435	7.54214604775	7.6650337834	7.97303462696	7.80481499844	7.73793683636	7.83318437565	7.86227430733	7.84113762331
Transcription;Basal	3.53794591585	3.82504167998	3.58695433229	3.60072978323	3.60362307688	3.93801878607	2.57575615353	2.85862308038	3.37684418235	3.21027002977	2.19821094597	2.59302551104	2.16050703038	2.85097115583	2.43510907066	3.81098039891	3.64224016909	3.78631741553	3.50510296504	3.44077425265
Transcription;RNA	3.33382541705	3.77358384866	3.17975021816	3.21273696878	3.42094356796	3.5100172248	2.82071953688	2.90215105286	3.10762742087	3.02183053662	2.77415896766	3.05135458406	2.89854906767	3.04301334401	2.89198803056	3.37145130011	3.29354071919	3.47192523811	3.34112959642	3.19210495658
Translation;Aminoacyl-tRNA	9.35593270758	10.4561036653	9.64082247136	9.5586169722	9.4965215689	9.32932831897	8.63864614857	8.89795510593	9.50145467925	9.27896089429	9.21937725663	9.53034669013	9.05710503989	9.37583519101	9.42988147036	10.14182517	9.87154854646	10.3123177257	10.0251538349	9.77062803009
Translation;RNA	4.40786662778	4.92353467434	4.35362783772	4.27982739181	4.48157636254	4.55325625975	3.16031588445	3.31553445322	3.97930671788	3.75596651492	3.12905617721	3.38361138263	3.02766894974	3.66634918664	3.2387963138	4.63506030237	4.38419065502	4.56563992649	4.38427604803	4.18940184061
Translation;Ribosome	18.5069533293	19.8582398644	17.2618835697	17.3722886233	18.5973492961	18.6225837427	16.1687024443	16.2885218582	17.5493413665	17.2911795498	16.3248830248	16.6052987376	16.3124975178	16.3250558149	15.9695138203	17.3733953671	17.1216780531	17.5595516863	17.0871290082	16.4488175408
Translation;mRNA	0.65201251486	0.663788846978	0.572810426706	0.571636290136	0.656605246846	0.658246402711	0.432408827159	0.473125080632	0.554516991222	0.515374939043	0.423733885654	0.511050580359	0.425997394522	0.608292047762	0.451678865725	0.652708635195	0.658535461531	0.629195942725	0.634402452787	0.573552161427
Transport and catabolism;Autophagy	0.551205513238	0.599134808715	0.520431719756	0.507296321743	0.557940812913	0.52629470784	0.415352130704	0.408203122067	0.511495142157	0.504313731082	0.376235414252	0.427159939281	0.415628348094	0.588377085155	0.420459049452	0.58174210269	0.57986183088	0.536799976355	0.470281680513	0.562346459533
Transport and catabolism;Lysosome	0.532487125327	0.554453732959	0.630882072569	0.594627896955	0.561038556944	0.429174946706	0.570651368232	0.620605896818	0.587537739394	0.600761177702	0.737317191216	0.68884388416	0.757573160196	0.700694564434	0.620886280707	0.493886907441	0.536939933415	0.550864006943	0.543487887937	0.651512252565
Transport and catabolism;Peroxisome	2.88883752327	2.89369176204	2.86205710618	2.8325284528	2.85969296147	2.76764314006	2.37118639008	2.49091265048	2.69070864414	2.61191278701	2.61487927305	2.64225084573	2.4994540416	2.56773027348	2.5952791707	2.78872347925	2.9675852823	2.69860541044	2.77512613283	2.65264630272
Xenobiotics biodegradation and metabolism;Aminobenzoate	1.68540011987	1.44200647238	1.50197337786	1.49891059752	1.61940748614	1.74198548129	1.72024678078	1.5229289351	1.66652239666	1.65628024061	1.21942022227	1.25770587439	1.27849094275	1.3471590385	1.32050431362	1.36483129062	1.45129560313	1.42581823634	1.40576543392	1.39553236747
Xenobiotics biodegradation and metabolism;Atrazine	0.436782516907	0.435770712588	0.365116680006	0.400403494118	0.460789628319	0.596994996343	0.541000127072	0.423923009133	0.44607617214	0.48421475979	0.363031200622	0.33362426915	0.307708859408	0.36484306468	0.371199773901	0.403476897512	0.414183388759	0.381639236958	0.350460689524	0.330345958341
Xenobiotics biodegradation and metabolism;Benzoate	2.53556874117	2.45246467632	2.40678229962	2.39824803836	2.43609982218	2.45004651358	1.96933864459	2.11535893795	2.253480349	2.22484913671	2.04886615335	2.20161061995	2.0078852077	2.13820076221	2.1156854235	2.42708023125	2.3409695544	2.52647206269	2.37062372326	2.29458520895
Xenobiotics biodegradation and metabolism;Caprolactam	0.584318403308	0.586597326181	0.599105194848	0.598229057904	0.605307159257	0.586866008175	0.537086791932	0.602422408879	0.539535087618	0.5599612137	0.749460084003	0.6889628301	0.74956370855	0.712768049747	0.696745236722	0.552625834935	0.536920102173	0.611008263644	0.609268118593	0.585509853348
Xenobiotics biodegradation and metabolism;Chloroalkane	3.07124697422	2.76040732811	2.79689486492	2.73865130279	2.97032062397	3.6199205523	2.51175808357	2.37915949449	2.68922093078	2.67267654781	2.02484832001	2.27270026334	2.03925873749	2.29265150843	2.2230373894	2.70957585331	2.80339691822	2.56018230775	2.51711149821	2.60464579986
Xenobiotics biodegradation and metabolism;Chlorocyclohexane	0.84950610375	0.694940107919	0.742887620944	0.763964782053	0.787679093965	0.941136516497	0.93519470232	0.7788932005	0.832746548048	0.87970306934	0.657441708593	0.754692221862	0.691925314042	0.642548393515	0.742779655097	0.697569405403	0.70327538145	0.66802386924	0.711705068813	0.613901238261
Xenobiotics biodegradation and metabolism;Drug	5.19038031532	5.20685895954	4.98199845413	4.92678832067	5.14515613928	5.54171015964	4.29478838564	4.33062480349	4.79434927498	4.65280945503	4.04009022122	4.30107594342	4.01985111723	4.40824126753	4.29258483846	5.14720575682	5.16179384711	5.13763442674	4.96891466465	4.85759966631
Xenobiotics biodegradation and metabolism;Ethylbenzene	0.361989984756	0.324158500612	0.268678745662	0.276455850107	0.347095158783	0.438464600991	0.254057589876	0.2473016409	0.276108440976	0.265320040882	0.226220837063	0.241122856774	0.299453574063	0.23577475533	0.235467887963	0.21444212639	0.219862398554	0.227164312029	0.232156123009	0.22155377456
Xenobiotics biodegradation and metabolism;Metabolism	1.37243569926	1.23364578947	1.26426994089	1.21114704584	1.3425340942	1.58744702279	1.10557777889	1.01062068669	1.17420146039	1.18704422973	0.717740139848	0.822816500956	0.700502018549	0.915693641697	0.806877028921	1.14980082034	1.21382242221	1.06090648157	1.0670489656	1.0766722615
Xenobiotics biodegradation and metabolism;Naphthalene	1.3679457126	1.29422261531	1.35432006866	1.27320852371	1.37161120288	1.59948861353	0.869089482941	0.887980275427	1.08720482083	1.08057032412	0.667782402931	0.826822900306	0.615985165416	0.913698396699	0.760915254882	1.18584715714	1.21591013243	1.1539945493	1.08806577002	1.13660217033
Xenobiotics biodegradation and metabolism;Nitrotoluene	0.827757512927	0.795284231084	0.800134467202	0.715136633621	0.793570390915	0.762186005019	0.551267868217	0.583849598411	0.681020526151	0.627052551946	0.538346584529	0.467366722677	0.535477671642	0.589652064274	0.479288925089	0.693423340419	0.599177267302	0.759215769305	0.655562924063	0.695339605973
Xenobiotics biodegradation and metabolism;Styrene	0.765282721061	0.643163211261	0.725830033696	0.73467195293	0.7144276119	0.871218249658	1.00315332188	0.830604681374	0.846691994895	0.880518760541	0.652337713677	0.688890857409	0.664084855879	0.61266499533	0.7068201706	0.649212245347	0.642314943458	0.645019031121	0.637460727177	0.618495783271
