	SG1-2014-09-1	SG1-2014-09-2	SG1-2014-09-3	SG1-2014-09-4	SG1-2014-09-5	SG1-2015-06-1	SG1-2015-06-2	SG1-2015-06-3	SG1-2015-06-4	SG1-2015-06-5	SG1-2016-02-1	SG1-2016-02-2	SG1-2016-02-3	SG1-2016-02-4	SG1-2016-02-5	SG1-2017-02-1	SG1-2017-02-2	SG1-2017-02-3	SG1-2017-02-4	SG1-2017-02-5
Amino acid metabolism;Alanine,	1.32999664759	1.06652057126	1.40007336453	1.46617973358	1.21885181592	0.861268345362	2.11653231983	1.84620200387	1.57089127164	1.71583377038	2.04174015187	1.84781871777	2.10159677368	1.63363866066	1.97601361344	1.13142902847	1.11322729371	1.14230558553	1.26923265399	1.36536337564
Amino acid metabolism;Arginine	1.72171807627	1.39651402232	1.78736656308	1.90593886828	1.61701221331	1.36257589712	2.64822513583	2.32603677747	1.98912343671	2.21491533429	2.7063012093	2.46703707303	2.74164794485	2.27764779175	2.67164810186	1.74210082585	1.66441409731	1.72389687886	2.07314736765	1.89938424044
Amino acid metabolism;Cysteine	1.21196250934	1.07205089889	1.35096244372	1.44283778061	1.12912978639	0.798695330368	2.1174755626	1.92277709908	1.59684651567	1.74996610724	2.35815419449	2.20321791541	2.48752959949	1.87558257626	2.30899022828	1.24992684775	1.14343065565	1.30051737074	1.49589398001	1.43251158273
Amino acid metabolism;Glycine,	1.31002313874	1.19312462838	1.4920640375	1.5806145749	1.21017665276	0.861724517793	2.15468717139	2.0121044663	1.70112882017	1.88182358659	2.55097307689	2.4115449181	2.5762494903	2.03508082653	2.41397212346	1.42661395767	1.42953631606	1.36945209218	1.68083341298	1.60650189655
Amino acid metabolism;Histidine	0.79142810032	0.605322467373	0.80366770057	0.881452527522	0.685620565401	0.614775669072	1.21091761133	1.06729851353	0.947503607924	1.01915803802	1.3298660874	1.37667318098	1.3584936286	1.12953288707	1.32011657844	0.904574867553	0.901377558628	0.905390319939	0.989094660238	0.89091359648
Amino acid metabolism;Lysine	1.61511988228	1.45718795864	1.76523257489	1.83182101913	1.55750259655	1.1781181795	2.24208021687	2.19630385516	1.83525370944	1.95161817491	2.96513220659	2.75161230378	2.96086963768	2.33516965217	2.72907453487	1.57324267783	1.57862453222	1.6236779765	1.84938463725	1.83844328073
Amino acid metabolism;Phenylalanine	0.603762648409	0.558586506855	0.659581603834	0.644429833092	0.569307721277	0.414036612966	0.669869718899	0.674861088995	0.620776185704	0.622077929615	0.851397463232	0.815999087206	0.877247723987	0.696066338923	0.82528353226	0.533247615312	0.5235023485	0.545082732126	0.64699356436	0.5745115651
Amino acid metabolism;Phenylalanine,	1.05825870744	0.939119632776	1.24686440247	1.35356540548	0.961437980274	0.654479869917	1.97558422263	1.7317576688	1.41987559526	1.61003788725	2.20701376146	2.00714708382	2.21531323434	1.70182952808	2.11053803942	1.06875611922	1.06595171861	1.08627641972	1.31051360354	1.20984782974
Amino acid metabolism;Tryptophan	0.82116435732	0.720221771661	0.835087461074	0.861399019955	0.764845193941	0.713681159094	1.02145796927	1.02229818486	0.911108378197	0.935044540803	1.38540314216	1.30500968653	1.34330048707	1.06470229718	1.29339792235	0.865985499366	0.88824641025	0.8453339027	0.948373628234	0.887935196176
Amino acid metabolism;Tyrosine	0.449944376551	0.387450206895	0.465477688203	0.467121808749	0.422846737891	0.383033375491	0.532374119329	0.469794152611	0.450295807289	0.458925936186	0.519889970027	0.51944744758	0.530004459438	0.482796966617	0.49821042902	0.393399819385	0.373943594811	0.350190412963	0.404448691263	0.376601735941
Amino acid metabolism;Valine,	2.23456370325	2.01896868256	2.32567046589	2.44566810748	2.14660689723	1.83269041339	2.89198541221	2.85457733976	2.43578764221	2.63843084867	4.08902885988	3.65135427511	3.95531978844	3.09203217521	3.62955375491	2.11911501891	2.35970437976	2.20580658813	2.45383366439	2.50150914624
Biosynthesis of other secondary metabolites;Acarbose	0.289090427439	0.281004583948	0.363951090666	0.333102118297	0.294268113001	0.183560586312	0.359968220039	0.376815904941	0.334435609847	0.341866222777	0.479766750074	0.414238038609	0.471551513744	0.362751036511	0.45601875709	0.250400169961	0.246276313936	0.309344274735	0.328378751437	0.343604464767
Biosynthesis of other secondary metabolites;Carbapenem	0.119829756484	0.102376406444	0.143015175956	0.174263029539	0.126778058761	0.0635754917591	0.269564281248	0.229295552792	0.179604532079	0.202845803296	0.298469293311	0.254225460135	0.315269423507	0.226787032539	0.30366701701	0.149986403274	0.141690978705	0.130905408798	0.161278149332	0.182777416182
Biosynthesis of other secondary metabolites;Glucosinolate	0.0489030060012	0.0335503826484	0.0563873376234	0.06277290616	0.0345439887346	0.0280880697239	0.0888276198273	0.0763309695348	0.0580490659867	0.0758810830693	0.0781487039641	0.0824193873184	0.0842305552578	0.0705107824956	0.0775937153159	0.0539613325144	0.0533108806574	0.0474874107067	0.0560173095606	0.057315268119
Biosynthesis of other secondary metabolites;Isoquinoline	0.0607257625583	0.0521430068959	0.0616370823041	0.06241541521	0.0545685519772	0.0588017828992	0.089144931278	0.0753098237341	0.0644670437618	0.0742305362217	0.0613179084198	0.0633700408554	0.0629826763234	0.0736206919591	0.0578008554814	0.0603561048311	0.0443712187317	0.0617831157925	0.0696202078292	0.0421914029054
Biosynthesis of other secondary metabolites;Monobactam	0.453862329799	0.428560104947	0.53569187509	0.543054670307	0.446117494692	0.345006663965	0.656525132666	0.673609126095	0.555777509996	0.604174768098	0.951404496225	0.828196530993	0.872967383881	0.68947725655	0.803480245413	0.423320173626	0.397355359482	0.447296207492	0.516081966779	0.521825668898
Biosynthesis of other secondary metabolites;Neomycin,	0.0755809942963	0.0360310176178	0.0705515454359	0.0880079701819	0.0557468437908	0.0384506315777	0.198563492331	0.142131056694	0.116783687441	0.149529508771	0.0947246357205	0.0889934860816	0.0999085492345	0.0628018103096	0.119162850327	0.0543745671319	0.0654060221503	0.0331479561723	0.0684810104054	0.0470531404326
Biosynthesis of other secondary metabolites;Novobiocin	0.155369688423	0.123677490928	0.151026520737	0.175786252825	0.130774277159	0.0941685704906	0.237554803133	0.216753959323	0.176239671866	0.19862488156	0.2631904356	0.270742735577	0.242366538884	0.244350668189	0.224053251808	0.161990076176	0.132807328048	0.166462933893	0.188292877659	0.135471728555
Biosynthesis of other secondary metabolites;Phenazine	0.150542877378	0.17335916759	0.177625023887	0.198683182515	0.153987841202	0.144933925835	0.262108524714	0.238060040532	0.193317918443	0.217587870082	0.341294286643	0.288426852421	0.322495995138	0.243829921657	0.311092362636	0.143920119846	0.146125977908	0.139139439257	0.196975149136	0.183289802241
Biosynthesis of other secondary metabolites;Phenylpropanoid	0.208397782687	0.149911966551	0.175113777025	0.193703107599	0.172931461707	0.134810191641	0.288790994647	0.234309208019	0.233777042549	0.229287470176	0.329689206438	0.227016616904	0.252573062989	0.158872908798	0.270367988078	0.149486386815	0.133423888757	0.131311706513	0.176251550843	0.143541282907
Biosynthesis of other secondary metabolites;Prodigiosin	0.394840658115	0.342716996773	0.450906955119	0.455353954593	0.364024259736	0.21689335894	0.544102612634	0.545939574516	0.433600755616	0.477929466651	0.730245116283	0.685234645139	0.785436458042	0.646060399595	0.759329008478	0.459303559953	0.392963747995	0.496662302955	0.573490854752	0.528916893653
Biosynthesis of other secondary metabolites;Streptomycin	0.538204266333	0.460997155522	0.592567550537	0.596685809655	0.504312684589	0.320902133729	0.930592759431	0.824559394643	0.716116636204	0.777383355087	0.802843548491	0.77111393885	0.835408150513	0.641237708012	0.814666188894	0.48724605124	0.475490091755	0.476858920608	0.596667731486	0.532011942489
Biosynthesis of other secondary metabolites;Tropane,	0.133320265678	0.11066470301	0.144614317084	0.165578695349	0.118019691476	0.0915296516738	0.219092257417	0.189407741196	0.154271434607	0.176957894186	0.250389258469	0.247976451561	0.223147280296	0.222261096498	0.21018779824	0.149248122648	0.125012497859	0.142810759104	0.169107997571	0.121805306821
Carbohydrate metabolism;Amino	1.48972938466	1.36617358432	1.86627486568	1.93223264426	1.42347218666	0.916998752708	2.84446363136	2.54999647245	2.07767750114	2.306223794	2.89809583112	2.6883904177	2.95729080884	2.34960505658	2.93680576249	1.61889103477	1.58836523304	1.64118043054	1.99376279853	1.91649526088
Carbohydrate metabolism;Ascorbate	0.491918497143	0.385227930402	0.481151190901	0.506652466474	0.464056753573	0.450579787469	0.602641893736	0.571156770599	0.522968584352	0.54637084112	0.696778978358	0.645805467173	0.686724252449	0.590076328519	0.665934410714	0.462551193218	0.552333239983	0.458825155733	0.502407246584	0.544715673814
Carbohydrate metabolism;Butanoate	1.28517946229	1.32305691802	1.67582579442	1.75795421934	1.32960064303	0.942533109221	1.78968673398	1.90959496574	1.53360403526	1.61881909082	2.56395418887	2.37205887072	2.54797882655	2.01931697092	2.37625858706	1.36890084688	1.30511060545	1.41918498888	1.5324078193	1.6061845175
Carbohydrate metabolism;C5-Branched	0.467601150025	0.410575346349	0.545990262072	0.600787226671	0.44247615208	0.339067209514	0.774388032139	0.754855088015	0.592951168405	0.667222125921	0.982425517925	0.957547232907	1.01466193469	0.798803305181	0.950416881563	0.530132403386	0.599344389997	0.531395020938	0.569343205528	0.616925786352
Carbohydrate metabolism;Citrate	1.59713719177	1.67963008669	2.17611172073	2.24889096715	1.63634187647	1.05496817367	2.38855727229	2.57602824476	2.02645684117	2.15071484274	3.75942732846	3.33867879444	3.6563998097	2.87545820086	3.33463331931	1.75034990009	1.75850615685	1.88544044336	2.14953303566	2.26902573081
Carbohydrate metabolism;Fructose	0.687987543983	0.691119378161	0.851641688324	0.886252094411	0.702560825032	0.477280181956	1.20259479769	1.12560866475	0.911849702009	1.03125808457	1.48776556727	1.39992540268	1.56597903367	1.15244432777	1.4559326776	0.730059922828	0.729625286354	0.815411960424	0.907382944627	0.941016603653
Carbohydrate metabolism;Galactose	0.675662276518	0.579001178723	0.627643951576	0.647007790117	0.606632391536	0.405841477311	0.985572406165	0.91152585679	0.788822875055	0.858162886155	0.988509998197	0.924832792489	0.989145094598	0.761936253966	0.966398319948	0.641967970779	0.65029058059	0.607251052572	0.815516359448	0.686253625719
Carbohydrate metabolism;Glycolysis	2.15715383158	1.98961030735	2.63186302848	2.65659816753	2.08399208024	1.62361657488	3.06658793171	2.92339769967	2.52388541319	2.77653938691	3.72185309297	3.43810786127	3.78529219367	2.92713778372	3.47585170358	2.1485931686	2.21693827964	2.20562089462	2.45208097956	2.58950369571
Carbohydrate metabolism;Glyoxylate	1.40163588159	1.16993167108	1.42818452938	1.48690423551	1.24882837932	0.912572972622	2.11825634651	1.95576198217	1.65554459898	1.77566999343	2.52939812755	2.25920294353	2.40898717686	1.96068312773	2.188951195	1.39417573977	1.37098608244	1.30582614221	1.65452699066	1.49583311199
Carbohydrate metabolism;Inositol	0.237170748235	0.26599216634	0.231799670034	0.238107993018	0.244138257076	0.174640050192	0.3877187479	0.362182090655	0.300847910493	0.3272693921	0.286183420103	0.340104015578	0.353924519035	0.254470207712	0.297982594202	0.215477309607	0.207726545482	0.205396400199	0.221478645858	0.189512477725
Carbohydrate metabolism;Pentose	1.63652692738	1.65500435116	1.86699797408	1.94745745932	1.61830328762	1.10607832814	2.66883340263	2.55584036763	2.09869269158	2.27599006067	3.6393221554	3.11712382499	3.67554222069	2.66521529966	3.17184700587	1.63827904061	1.56594308144	1.71244968469	2.07319586295	2.15689913261
Carbohydrate metabolism;Propanoate	1.58849481906	1.50965824733	1.82266059277	1.78226773636	1.52310058756	1.17580895696	2.07862442036	2.08358444474	1.77532459314	1.8894889604	2.69174768924	2.32958888296	2.61683567231	2.04043334752	2.36001370712	1.34917574253	1.42435008625	1.45638381945	1.60951744435	1.73475191139
Carbohydrate metabolism;Pyruvate	2.40442632189	2.26059810959	2.95143803758	3.00102921059	2.36163599639	1.79596765273	3.3543028708	3.31289609637	2.80945603851	3.05946282823	4.51247541473	3.98517259947	4.43507793387	3.44562909684	4.09223026167	2.4228495155	2.48640516529	2.54808169798	2.80874894421	2.96878925027
Carbohydrate metabolism;Starch	1.39831032513	1.39107062823	1.63203512053	1.68786464425	1.41967030064	0.897278321856	2.26652255953	2.14699995987	1.83399387955	1.98865514847	2.97347472896	2.46669125439	2.9152896157	2.10501758631	2.72487317936	1.43191801483	1.39865043953	1.42777733659	1.81832490529	1.80943671119
Cell growth and death;Cell	0.621830038095	0.594696053688	0.775405996504	0.810262920202	0.596150911926	0.370847119202	1.1098029766	1.07464190465	0.865599807351	0.95423566749	1.46353933471	1.40313230843	1.62221031265	1.1387456328	1.37250701437	0.729978298467	0.708446395165	0.807653862639	0.931964585241	0.909901706611
Cell growth and death;Ferroptosis	0.244529047416	0.292615923949	0.335027238265	0.335174734832	0.259811595877	0.203734954558	0.274538848546	0.297410166534	0.29070925848	0.301884943515	0.40908152618	0.381549908375	0.383892192811	0.316231113113	0.365039332932	0.252686581183	0.29597814102	0.260150593767	0.324869052002	0.29240937871
Cell growth and death;Necroptosis	0.103584301532	0.0490925576936	0.0906702895896	0.106779676647	0.0654847917266	0.0372317317703	0.201666575377	0.161967928167	0.133693344496	0.142525177039	0.148982407816	0.14856665268	0.14409659438	0.139800594099	0.136979286135	0.0931046918398	0.0797042616669	0.066622098965	0.0945509193718	0.0889585159186
Cell motility;Bacterial	0.176720165601	0.185717068582	0.243831136202	0.25902529051	0.185425594502	0.115443661675	0.246597663056	0.249983393919	0.219719027443	0.238635125045	0.280956970368	0.328722349051	0.320031030373	0.21686070063	0.284384825871	0.212795468884	0.203305861666	0.248012108538	0.187795079128	0.19467143352
Cell motility;Flagellar	0.0908508371388	0.0803207902544	0.122136013387	0.140289479265	0.075223580092	0.0351045655978	0.110303984296	0.133851651923	0.143587620038	0.138758293054	0.202022978015	0.215093507172	0.196937039702	0.148137539877	0.172047946519	0.0817014857478	0.13703050577	0.0749318019815	0.0854885233116	0.109165014722
Cellular community - prokaryotes;Biofilm	0.896620295386	0.658915286421	1.01819590291	1.13032530199	0.760572776297	0.498391559611	1.79889522211	1.53018862236	1.28061511016	1.41136182663	1.42796681952	1.41493866636	1.58264408371	1.39472386384	1.58196050033	0.922013889429	0.849665297292	0.869050347798	1.11969470594	0.93967604666
Cellular community - prokaryotes;Quorum	5.10874111925	5.21077326989	5.94485788421	5.79627390547	5.20767271595	4.57351259436	5.31050834248	5.41118718495	5.22458748682	5.25304832374	5.52975837993	5.56065761458	5.31746274647	5.46881002801	5.28077268762	5.3975833376	4.95187876216	5.67960969597	5.96408611027	5.76499608733
Energy metabolism;Carbon	2.78712913654	2.65102338828	3.35281928917	3.46908149204	2.68113706296	1.96060562149	4.53303242665	4.2906858001	3.52625854164	3.87326995803	5.70552339604	4.97746212999	5.66501676321	4.19572132681	5.16798803186	2.74291053281	2.70447636994	2.85804541063	3.34321908335	3.34956318514
Energy metabolism;Methane	1.25910016107	1.15514342085	1.52911440235	1.56365717072	1.19744316008	0.892505053242	2.00401156077	1.80680837222	1.59272386518	1.7322732793	2.40453402708	2.13826109198	2.45358536628	1.785351899	2.17692569128	1.24905568142	1.21377574042	1.3348454413	1.53625720917	1.55123468079
Energy metabolism;Nitrogen	0.164057282619	0.108147630538	0.15593519982	0.175722164303	0.130663270297	0.121428294647	0.295329034447	0.23832907539	0.203778430913	0.219290325423	0.286221078009	0.250811067754	0.256858926603	0.24934083048	0.239818224088	0.179510500694	0.128997950659	0.149240295842	0.214274574759	0.15880208356
Energy metabolism;Oxidative	1.5905590176	1.42886820328	1.8768046932	2.04283818993	1.49263264432	0.984664711704	3.13257205362	2.7639464649	2.20416728337	2.42517074643	3.38637098608	2.88701304894	3.33158014139	2.54695794547	3.14054879416	1.61269553708	1.54020997322	1.56775931299	2.02334353098	1.84205233623
Energy metabolism;Photosynthesis	1.1385258208	0.592047179466	1.21023424253	1.4668011126	0.809467402119	0.599968813769	3.59421898524	2.41049325752	1.99234793485	2.35465027963	2.31398261125	1.62174580562	2.15198210384	1.44510974187	2.18354054876	1.19594618222	1.17433188066	0.780135069359	1.54381639717	1.07280159481
Energy metabolism;Sulfur	0.540311631283	0.457102720567	0.547286920076	0.593842829842	0.458364890458	0.345144147383	0.915486151802	0.797523287266	0.679435731728	0.745750860482	0.864493686074	0.816075000139	0.942153975175	0.771457572299	0.871796076492	0.488216478843	0.449043474803	0.472322523043	0.592329289211	0.569617021339
Folding, sorting and degradation;Protein	0.857551784478	0.813152019553	1.10415696501	1.17388440268	0.798639179614	0.523250732673	1.62255423067	1.46663783395	1.21635291579	1.34205283081	1.98621210985	1.75442345608	1.95366792599	1.46752489893	1.74330016868	0.964234477128	0.907267783714	1.00405299043	1.26210260274	1.11548909747
Folding, sorting and degradation;RNA	0.959178317459	0.879500606669	1.16062938392	1.22594188227	0.909826399181	0.5239664507	1.73588334667	1.62483773692	1.31378708018	1.46178028026	2.22322775055	2.04780795897	2.2642984817	1.72466387083	2.07504242419	1.04839835576	1.01283190708	1.16447185574	1.29320961814	1.27897905015
Folding, sorting and degradation;Sulfur	0.437505886992	0.355138359062	0.542277262218	0.586861722884	0.39089275683	0.260518228067	0.806816071627	0.726188408123	0.614065650588	0.676735687396	0.931229839934	0.843027236185	0.923830353564	0.717048955846	0.904294065387	0.507627273848	0.443397367608	0.519231118636	0.605280281529	0.550864238476
Global and overview maps;2-Oxocarboxylic	1.52694007736	1.26655941317	1.64800609531	1.75218568179	1.43260372601	1.12987967791	2.36483084706	2.1584907113	1.79405655177	2.02082184035	2.93737325983	2.6703645566	2.88377092917	2.27928420698	2.75440447095	1.52858307028	1.49836255604	1.56487257228	1.82286810222	1.7456795901
Global and overview maps;Biosynthesis	28.2379106621	24.7100881062	32.3158836413	34.2361537164	26.0442591228	18.7415132152	47.90293469	43.3805945763	36.1682229139	39.9100406825	54.6800632423	50.0692010325	55.3259125566	41.8270848362	52.0827075115	28.4940861065	27.5860492077	28.5539818312	34.4840446889	32.815400289
Global and overview maps;Carbon	5.45376353506	5.15021875332	6.34977960068	6.54553299198	5.23913714966	3.86221675794	8.29335356516	7.9622370383	6.65211856953	7.20836257657	10.4683622268	9.26481380622	10.3710373707	7.86423631186	9.37933181376	5.26035734082	5.19230196815	5.45915422517	6.43532418271	6.43780806358
Global and overview maps;Degradation	0.180147890964	0.21808041514	0.197026222397	0.208209256277	0.180772733306	0.225094200332	0.223714851476	0.218288675031	0.217634020801	0.225141501376	0.26210509047	0.246036773939	0.259270925609	0.210546020489	0.246901004122	0.225168449897	0.228458789981	0.187045712842	0.225167324073	0.195307609813
Global and overview maps;Fatty	1.48321500764	1.39429334831	1.70961104373	1.72671595898	1.39465912448	0.983785002996	2.11515312005	2.06939152163	1.72449000382	1.86332192628	2.67260001659	2.40962875664	2.72731230099	2.09514295229	2.52455401463	1.47334628847	1.40829269567	1.58740349958	1.81531294751	1.71332774818
Global and overview maps;Metabolic	26.8945289399	23.4068651611	30.7670336818	32.8822423585	24.7693727628	17.4823696385	47.8812952325	42.4555446246	35.4610375599	39.1172597559	53.0638071055	47.6980784505	53.4802246106	40.2525872411	50.2273928133	27.952174147	26.7624694054	27.3643732326	33.9391163902	31.7373009682
Global and overview maps;Microbial	8.76132229119	7.78627388449	9.79619004297	10.1889093466	8.1989451328	6.20792933889	13.458163749	12.4111996227	10.5625270931	11.4463905621	15.3739576317	14.1040416451	15.6726771562	12.0143431806	14.3607600414	8.44604119341	8.22998922643	8.37016967266	10.0813116324	9.82242126592
Glycan biosynthesis and metabolism;Lipopolysaccharide	0.122084147225	0.0961034939315	0.118987448764	0.136470601696	0.0919925239796	0.0548777966119	0.196862599919	0.2047557127	0.154487496207	0.158480004662	0.280301188025	0.322946225586	0.287810912614	0.365274606498	0.280064474478	0.201421376381	0.139474447208	0.20998180767	0.222073194128	0.240737904207
Glycan biosynthesis and metabolism;N-Glycan	0.104930021479	0.0817896743897	0.128430985661	0.150290662993	0.0880684667771	0.0583299670623	0.26277990225	0.206464186623	0.167281926324	0.191707530678	0.264275305339	0.197509539965	0.243773467238	0.158433196965	0.213933751986	0.117953868259	0.116584998953	0.115224239062	0.131020348935	0.101831445391
Glycan biosynthesis and metabolism;Other	0.0978311790452	0.0760293369255	0.0902331283985	0.0829959240044	0.0920382160819	0.0819759129883	0.120139597984	0.113973704557	0.0890034631866	0.0982433591404	0.162373877295	0.119774623716	0.121803421587	0.0832591747496	0.110633060062	0.0645940439487	0.0671288216079	0.0847440094234	0.0765378116826	0.0970270486657
Glycan biosynthesis and metabolism;Peptidoglycan	0.946446215014	0.830889168071	1.1456132681	1.21344549005	0.864265668799	0.524502885724	1.81757816286	1.68948525579	1.32176692837	1.46967120944	2.23386368309	2.04113571529	2.24726874678	1.64322859972	1.99880418066	1.01237472845	0.999646486062	1.03596572056	1.22325775887	1.28836309127
Lipid metabolism;Biosynthesis	0.453012366684	0.422454527454	0.51619007394	0.515156239509	0.431023640892	0.250265914568	0.608683274845	0.643161653165	0.496313591896	0.546638372159	0.94495413059	0.84191709081	0.974355586341	0.764033763645	0.919277402098	0.519115279187	0.464963691334	0.578968209635	0.653483129171	0.610193990738
Lipid metabolism;Fatty	2.17835160622	2.07354331392	2.47096001807	2.50566750481	2.07635098491	1.66190492363	2.86690071272	2.8452949005	2.46513252285	2.63877055415	3.65801463496	3.38697007459	3.70214429008	2.92962031309	3.46851574143	2.17756143071	2.23493243295	2.28076850491	2.59983427415	2.48715533531
Lipid metabolism;Glycerolipid	0.685169256626	0.550517198021	0.666741208318	0.733737582351	0.618593969897	0.536507185211	1.05651164027	0.950519496473	0.826566671074	0.881950848717	1.09326654027	1.04058677503	1.13646715196	0.90581143846	1.0509786921	0.705538962877	0.768254355376	0.666056787028	0.803861496745	0.761760079338
Lipid metabolism;Glycerophospholipid	0.568781593007	0.462955604034	0.62656074709	0.697518660063	0.490945697219	0.300172824156	0.988065776158	0.916312485003	0.771842585771	0.820181347264	1.14664878185	1.09683875495	1.16012611457	0.900743238633	1.11067357354	0.60195337149	0.572134338841	0.610565513006	0.729212993842	0.662757940971
Lipid metabolism;Sphingolipid	0.0828606826822	0.0634306402856	0.0663279212385	0.0607125378533	0.0787071510228	0.0387023589999	0.0699901133161	0.086355666693	0.0728704292744	0.0810696579063	0.108851258454	0.0844068123164	0.0808355135927	0.0562752721949	0.0705127525511	0.0498634404979	0.060602576135	0.0705515824516	0.0737436564452	0.0767586666645
Lipid metabolism;Steroid	0.0431757824964	0.0333391257903	0.0576069813095	0.0548721648547	0.0375407396777	0.0274752496168	0.0947549577351	0.0852974979408	0.0678551074466	0.0797734214441	0.0374897809441	0.0536990918468	0.0611126208805	0.0499192641681	0.0508434058158	0.033067009616	0.0367360139788	0.040159067416	0.0450810403852	0.0467167752145
Lipid metabolism;Synthesis	0.125226280458	0.107852799114	0.1242560028	0.132620372274	0.113271934741	0.0914822043078	0.178009417241	0.182605626972	0.153584112632	0.159523144044	0.203313642874	0.23082347592	0.20443784802	0.182559810121	0.222890703521	0.138732145232	0.126219819025	0.130870224275	0.144284046871	0.118965132724
Lipid metabolism;alpha-Linolenic	0.115559981345	0.11211879609	0.117420494946	0.117632346783	0.115435386947	0.0771676962777	0.118535191025	0.129065684968	0.101509175757	0.103044763129	0.193610576136	0.190267029824	0.236002466684	0.154297431595	0.196378715056	0.0924428845328	0.0871815600145	0.125147900327	0.111947602398	0.111943131815
Membrane transport;ABC	5.47002415689	5.47303248714	6.56346528743	6.45348522733	5.47159273281	4.55416247015	6.84288626889	6.65815895719	6.19663491782	6.3783011346	7.22106330848	7.09640630947	7.05173931305	6.65775414085	6.99930014013	6.22024619143	5.86002676575	6.20054047291	6.64576271156	6.31097665649
Membrane transport;Bacterial	0.743787715	0.676635770042	0.950777477374	1.0079454204	0.685698738651	0.405976134238	1.36041537033	1.26972619285	1.05163736726	1.13130329303	1.63536399377	1.53842323053	1.72773955218	1.33849078669	1.60552923279	0.782656411065	0.753348357081	0.921370636912	1.026275474	0.974769664777
Membrane transport;Phosphotransferase	0.04510499403	0.0468061689031	0.0598439695894	0.0617253357944	0.0459915529231	0.0233834207757	0.0591809450751	0.0657764303754	0.0511131133344	0.0661166909399	0.0776420423018	0.122441491502	0.0976311615639	0.100266520807	0.106038377843	0.0613407651003	0.0569612505496	0.0698114244288	0.0712272549471	0.0697919681143
Metabolism of cofactors and vitamins;Biotin	0.57291312916	0.502922569784	0.636596663521	0.638785137159	0.537083888955	0.335090846593	0.822190341564	0.819574248682	0.646918685858	0.718244003756	1.10655532084	1.01271960854	1.14696717768	0.954606735099	1.08922762556	0.664517854547	0.558408495595	0.718541483706	0.831921955009	0.734299433766
Metabolism of cofactors and vitamins;Folate	0.772730451747	0.618146521937	0.788525922971	0.854726672794	0.674190328013	0.493370471918	1.30835094681	1.18572267427	1.03462294604	1.11463546378	1.38832974406	1.24571982668	1.38214990948	1.06379284162	1.27614839223	0.837368545892	0.693339784682	0.735432504182	1.00682374659	0.873944684526
Metabolism of cofactors and vitamins;Lipoic	0.132707550997	0.117870822175	0.178751914716	0.198702947015	0.120009298585	0.079049549987	0.32969346977	0.258804368211	0.210427368908	0.234540008106	0.37490131749	0.288177396733	0.32313139575	0.241605944942	0.344828010659	0.17468153774	0.162204567199	0.171021007484	0.201532878052	0.196922181151
Metabolism of cofactors and vitamins;Nicotinate	0.719402288865	0.612097492458	0.779812676066	0.839935650006	0.667803707977	0.460464927688	1.07746449226	0.958228183921	0.808570574366	0.879729180032	1.14305952437	1.12486007475	1.25752332912	0.902614541775	1.14558693951	0.664512853598	0.581714348327	0.659873589743	0.763715785756	0.7979471772
Metabolism of cofactors and vitamins;One	0.533260529979	0.448174486056	0.583320643127	0.621607867431	0.452833133999	0.384134803938	0.915984926078	0.84213564726	0.696156932094	0.784890406695	1.07017244384	0.926238147605	1.08138858485	0.847686744936	0.972798668317	0.570632781638	0.52230783247	0.527982639289	0.69869042194	0.630237634712
Metabolism of cofactors and vitamins;Pantothenate	0.804686769672	0.668056224719	0.842329616805	0.928267090298	0.752658902721	0.60325182873	1.31378870855	1.19454707276	1.00750448091	1.12503992466	1.57356837048	1.4093597638	1.61192127311	1.17877856254	1.40157727721	0.770510671851	0.764020561502	0.800109067366	0.967561450181	0.912401515755
Metabolism of cofactors and vitamins;Porphyrin	1.23437077699	0.802502562509	1.26126983952	1.43796820324	1.0025528887	0.696603354413	2.72628325722	2.07008186616	1.75769887459	1.99339186147	2.02300830301	1.79740406542	2.09602218434	1.54388640898	2.0617894866	1.13933025145	1.11309990749	0.943111957129	1.4110521869	1.11520689208
Metabolism of cofactors and vitamins;Retinol	0.0671094795198	0.0798000074049	0.0850507634737	0.0964497837509	0.0665168592954	0.115498661953	0.0901757379529	0.0690135876031	0.0777494243603	0.084977839988	0.0632853514623	0.0678117879754	0.0858572588626	0.065774888563	0.0634185133788	0.0874733195772	0.0675604993757	0.0657266481165	0.0762499832781	0.0649182153455
Metabolism of cofactors and vitamins;Riboflavin	0.310652790379	0.263386334142	0.420209433401	0.41668187797	0.275574267413	0.173318795991	0.605604043488	0.501584225314	0.446122287919	0.482883912379	0.657666285595	0.54000544424	0.674778308886	0.44284644377	0.598354075561	0.318578024197	0.29385733287	0.298063974984	0.389395043696	0.370793792391
Metabolism of cofactors and vitamins;Thiamine	0.68943448723	0.701449362262	0.904684403702	0.986993307287	0.692376320697	0.423881417742	1.32211138318	1.2072862105	0.994117223352	1.10593233818	1.6920094119	1.43744056184	1.71995909519	1.15817000618	1.59156348285	0.76716102252	0.744825398802	0.790039441566	0.924354435545	0.942551733357
Metabolism of cofactors and vitamins;Ubiquinone	0.498871545579	0.315949361026	0.612187485089	0.683018334866	0.380619080669	0.253987305623	1.21043968299	0.905850016094	0.776934488034	0.866214487888	0.936719556384	0.871303532231	0.92891718657	0.685625029752	0.999348724878	0.581115495579	0.5555945371	0.525511673977	0.678435742614	0.612157156219
Metabolism of cofactors and vitamins;Vitamin	0.273368843724	0.216804803243	0.259949584194	0.284133939392	0.238310178651	0.185308673989	0.445901362449	0.413288661185	0.350108935162	0.398688488133	0.467050882247	0.410330522872	0.489251342418	0.338404796383	0.421152797997	0.250688488689	0.213030294888	0.198546309384	0.307235985261	0.274664422839
Metabolism of other amino acids;Cyanoamino	0.342068260144	0.315414799656	0.363240582111	0.393008517905	0.323469018873	0.284969004112	0.554666361927	0.487430756686	0.437545079712	0.466789092755	0.779569594503	0.580427736918	0.663974661683	0.478829771951	0.608366838569	0.305617550756	0.281624079817	0.288187190251	0.406003751736	0.342565853514
Metabolism of other amino acids;D-Alanine	0.157293839497	0.190464012549	0.208377978381	0.210835361331	0.164989875735	0.101962428853	0.251376685386	0.264410067869	0.212317264207	0.225712756259	0.435938886375	0.410735339674	0.47631587012	0.331650806397	0.411361845257	0.180005076386	0.181622357912	0.21632915505	0.256443200933	0.237406102536
Metabolism of other amino acids;D-Arginine	0.0385597861586	0.0662637448128	0.0491755148025	0.0504824112593	0.0538080842783	0.0334629713685	0.0546527781029	0.0794591204188	0.0505831920838	0.0567001738622	0.149025307189	0.1172961847	0.171722579073	0.0900005052971	0.123145158828	0.0510255177715	0.0513193657379	0.0599615796219	0.0757311881947	0.070223011495
Metabolism of other amino acids;D-Glutamine	0.181894753462	0.163242991576	0.238481644927	0.237622742715	0.176314680357	0.111128191245	0.380720080021	0.333078429935	0.26298454263	0.3009149389	0.413463779457	0.385938555043	0.441425234393	0.319780806835	0.37728376419	0.204298028381	0.197585325421	0.210153326623	0.238739289958	0.26857364455
Metabolism of other amino acids;Glutathione	0.458580015574	0.318271492209	0.507671673059	0.5758503074	0.370904123157	0.355122569212	1.07344480529	0.818492711074	0.679770920228	0.775276027958	0.886304040064	0.735860234993	0.87712709198	0.642366970399	0.83141619877	0.436824247998	0.42118413857	0.382451527559	0.581862207053	0.465396936721
Metabolism of other amino acids;Phosphonate	0.100955187853	0.0730633247757	0.0915091204574	0.103354020075	0.0834544028546	0.0785436539139	0.182618737172	0.134717559798	0.133666186481	0.141838519324	0.123791919659	0.125139500697	0.140137528678	0.138314350994	0.115823369687	0.114151733218	0.0839986499562	0.0658888689176	0.0714325444438	0.165691731735
Metabolism of other amino acids;Selenocompound	0.468852446615	0.433057006149	0.577416868313	0.599785767282	0.431939742903	0.265065683583	0.80518413638	0.784176963169	0.618484350843	0.692076821124	1.11679206872	1.01651832594	1.1081918503	0.776584690235	1.04507994465	0.532801227878	0.475575622908	0.555539633954	0.657584215476	0.611352657319
Metabolism of other amino acids;Taurine	0.169643405635	0.179376147616	0.208853876178	0.207813102375	0.182987302498	0.193204033001	0.221975004117	0.215301910932	0.202530513829	0.208650971197	0.342576135479	0.255212610909	0.297475601177	0.254705117005	0.27623281021	0.147457650831	0.161838034597	0.166097712774	0.20241209458	0.183086126102
Metabolism of other amino acids;beta-Alanine	0.781455875896	0.642934690491	0.738123902106	0.741830949464	0.727646804261	0.737405912385	0.9088263899	0.843484402443	0.805498609496	0.818494840829	0.885043402987	0.814767757884	0.906221755043	0.753371575848	0.811975663328	0.601704734015	0.693126943703	0.610208808592	0.6712389787	0.668409927802
Metabolism of terpenoids and polyketides;Biosynthesis	0.245482127386	0.254768577509	0.300075813299	0.299082879489	0.236272491635	0.155805688393	0.460885973991	0.424306702359	0.356876911459	0.375547182035	0.570223230779	0.526889440681	0.596986405863	0.429388089537	0.546061004739	0.269858727894	0.27141528163	0.293557339599	0.356219393233	0.343565424442
Metabolism of terpenoids and polyketides;Carotenoid	0.194112991114	0.10190676748	0.21890875522	0.24655276325	0.138764687486	0.0983331242444	0.47884076923	0.34207838747	0.293848527861	0.331604205201	0.380107432715	0.318836222348	0.372064456247	0.234874768097	0.355339073113	0.197795325616	0.191123169619	0.153758782109	0.249290122477	0.178325071541
Metabolism of terpenoids and polyketides;Geraniol	0.173415891062	0.170251533552	0.173596304388	0.161549697775	0.165121520303	0.10540702373	0.185849013208	0.217041351899	0.168813108431	0.170421704257	0.319446279431	0.300230473693	0.353868812077	0.233986492935	0.297385828736	0.142560678911	0.137578077692	0.172316222456	0.179888783114	0.161668121568
Metabolism of terpenoids and polyketides;Insect	0.37593269547	0.288436234323	0.34065817978	0.353088926235	0.340158048967	0.355774995849	0.436750363378	0.411427383998	0.374849363652	0.400027223556	0.491440096738	0.475003476356	0.485021011704	0.416704927127	0.472225849235	0.34902289142	0.449296260638	0.333661099459	0.357767989561	0.394182908997
Metabolism of terpenoids and polyketides;Limonene	0.427508132495	0.351428036264	0.402004119045	0.400012831099	0.39581680615	0.386507914521	0.499008264309	0.496830696386	0.430641499514	0.458433352569	0.651278206341	0.588930859464	0.626898357813	0.507975605194	0.587560795205	0.400482430262	0.500223270725	0.395320563955	0.434676979815	0.454024635555
Metabolism of terpenoids and polyketides;Polyketide	0.366998549719	0.325605202299	0.431769909475	0.410776318014	0.355304994198	0.215606435006	0.532064857228	0.510351126565	0.446560107582	0.466638007644	0.568628904177	0.516691171323	0.572140556493	0.449435797374	0.559690735903	0.318480591799	0.306753882817	0.349450007804	0.404021126012	0.405919625538
Metabolism of terpenoids and polyketides;Terpenoid	0.589888639664	0.466103560703	0.648709309073	0.706543426837	0.493691695702	0.311572969137	1.13223222795	0.975549409126	0.804585756015	0.907053720226	1.02735985608	1.0646546255	1.08105117463	0.844354515137	1.1379271805	0.643067602582	0.595795101722	0.564911133287	0.72539808457	0.631953270871
Nucleotide metabolism;Purine	2.74291994222	2.51308704618	3.17110789955	3.42482699082	2.58437410195	1.7541945609	4.99192741697	4.56479087443	3.70648566327	4.10863013952	5.780271799	5.51166233938	5.95074517919	4.58477113135	5.5993634843	2.98938842222	2.86832614426	2.95253836553	3.67778319422	3.36223976136
Nucleotide metabolism;Pyrimidine	2.25377526288	2.2506870207	2.83574549124	2.99875139865	2.26708130981	1.41312908922	4.15079028797	3.99215141824	3.1277882903	3.49025839623	5.49326469774	4.96411174449	5.69017826595	4.18576492849	5.16552209671	2.59247302283	2.53661922299	2.72889347541	3.1992538487	3.1214423288
Replication and repair;Base	0.354241550739	0.331537912255	0.413826210938	0.449596543514	0.335098415062	0.199482938241	0.624798610841	0.611583921147	0.480864517895	0.505810825836	0.832342440095	0.763293906136	0.849242701595	0.61057314847	0.739253466399	0.430442580438	0.379806867359	0.43082304542	0.530762674841	0.467515187284
Replication and repair;DNA	0.780480155583	0.718537732937	0.90086277277	0.960653994823	0.730053861647	0.482721312193	1.32731712114	1.29748306335	1.06681117197	1.16397975701	1.56977343263	1.57097041022	1.63738701529	1.28812221744	1.5602416745	0.888796918133	0.886850762083	0.83236288156	1.038735083	1.01175813517
Replication and repair;Homologous	0.9907190136	0.938247774919	1.18499947895	1.23973067075	0.936440847427	0.573759649407	1.77747665333	1.69401364902	1.37342047106	1.50165319344	2.26455226018	2.17117974702	2.31744912468	1.76438802333	2.1659421211	1.12085342838	1.04579109246	1.11565794675	1.38608497037	1.3836703168
Replication and repair;Mismatch	1.02483790402	1.01808316121	1.33767042146	1.37667329747	1.01616782777	0.695585196348	1.64753166138	1.66940476124	1.36355116082	1.47893447399	2.30435465518	2.15356622463	2.35326880301	1.77649434376	2.21466482015	1.17326925592	1.08716468963	1.22622632792	1.4770603487	1.44748059649
Replication and repair;Nucleotide	0.716032770938	0.640647015847	0.762498769973	0.811156532896	0.666912782556	0.474049443692	0.95389540768	0.987874200384	0.833667660326	0.89857164654	1.40496729665	1.31043418434	1.47626840534	1.09034371544	1.30055872972	0.748000916394	0.700496223118	0.784836290399	0.883965385342	0.917034873537
Signal transduction;AMPK	0.216737450699	0.235229788435	0.301530001625	0.324403014617	0.223610648395	0.143225883449	0.409683177776	0.39178673977	0.304728014248	0.349788002029	0.583573957235	0.539014028809	0.600435819748	0.451166856061	0.56341810538	0.292196731647	0.316992498859	0.306964223441	0.303684103287	0.35269361126
Signal transduction;FoxO	0.0570881920046	0.028101866808	0.0553593390946	0.0623798829944	0.0423646315	0.025489719291	0.125483165172	0.103776056559	0.0805137084566	0.0875426644544	0.0850885521229	0.0808781525039	0.0869459667034	0.0593666664271	0.110664369015	0.0552440699616	0.0489649470585	0.0399939546123	0.0661597087406	0.0492077266878
Signal transduction;HIF-1	0.338506209145	0.305694422325	0.484507286784	0.493196893203	0.339714049748	0.242471768282	0.514274884383	0.490815340154	0.422806435144	0.445413822971	0.650445898377	0.538728657438	0.652243290865	0.458266256629	0.577264753904	0.310968300071	0.332502617491	0.350793045225	0.408155940199	0.449418998953
Signal transduction;MAPK	0.149487357213	0.0944248439768	0.14918927417	0.165389395518	0.113628596641	0.0663731402247	0.313301897624	0.265587248395	0.213464729576	0.237134070622	0.240159159962	0.2355922496	0.254363957777	0.188753727848	0.277303355706	0.143990408775	0.143286056376	0.112039181637	0.179054572221	0.140892074045
Signal transduction;Phosphatidylinositol	0.109140503622	0.107217054273	0.142255287369	0.152352718044	0.104192686318	0.0793574089512	0.250031697726	0.200778776111	0.175066941057	0.184920650103	0.240137618008	0.242093151835	0.234110698564	0.199940891063	0.228177407775	0.154608894384	0.124869755157	0.138019078277	0.17162632351	0.142567434158
Signal transduction;Two-component	1.39672652013	1.3218449348	1.71024808607	1.74061624971	1.3188814731	1.0802848425	2.18271017774	2.15200250417	1.82467780253	1.95677805201	2.72761435181	2.75262896207	2.7320287288	2.36144444776	2.62175808191	1.61144274618	1.50011489338	1.60969522165	1.97945728519	1.73367438247
Transcription;RNA	0.325326850772	0.346495129535	0.400262106772	0.423731944491	0.345959310271	0.20046370438	0.616804447276	0.630067464264	0.462384333527	0.517612703604	0.913940416311	0.817645645862	0.955994917869	0.665234049107	0.796107610724	0.374662675342	0.383112055341	0.414589293105	0.456862768667	0.437070266634
Translation;Aminoacyl-tRNA	1.61418590801	1.53210907697	1.90299939379	2.00107338601	1.52874788614	1.0333957467	2.89076938432	2.73108967607	2.20118598924	2.45810716633	3.51770007733	3.13934915306	3.50448166396	2.70096400533	3.40133787421	1.68487262847	1.64965700391	1.80212353017	2.14242796199	2.04236474951
Translation;RNA	0.0825147802117	0.0780159584267	0.0950317165298	0.106261378244	0.0718923543457	0.0518571986904	0.166066909406	0.134468496626	0.117040130499	0.131906574917	0.155243727982	0.153104711709	0.156720200167	0.113904325162	0.168671365725	0.0904228499103	0.0734430792165	0.0780252177591	0.103473433061	0.0770586446114
Translation;Ribosome	2.71053581828	2.47433480037	3.15295181547	3.38540172979	2.48820827696	1.48041922791	5.2990777268	5.00312403235	3.7850097417	4.33132614954	6.37762420247	5.64839093207	6.53039873464	4.57109835945	5.58289195057	2.76813072832	2.82816082456	2.81390492122	3.51174814939	3.2839327747
Transport and catabolism;Lysosome	0.0552061155059	0.0582258832671	0.0707337184828	0.0576232332818	0.0544423177751	0.0671603270702	0.0792589062778	0.0946368225419	0.0743201638765	0.0778737758626	0.150143593326	0.113290833267	0.113987133518	0.0779262062877	0.101141718242	0.0510105941953	0.0530891057597	0.0747916546033	0.0747050961595	0.0905854644164
Transport and catabolism;Peroxisome	0.477742556804	0.463569625238	0.586494819055	0.594248697752	0.46138555412	0.365481646993	0.721200026469	0.694864665406	0.609500960488	0.653433495251	0.866896029384	0.803203424453	0.887951677781	0.651971357671	0.828861430603	0.47788412133	0.515216924362	0.482139397644	0.586588953408	0.541855468969
Xenobiotics biodegradation and metabolism;Aminobenzoate	0.139467777034	0.0978367046366	0.156061496085	0.162222840201	0.118553877973	0.130210057448	0.238172951388	0.197721991237	0.187637692433	0.195808241744	0.201618524714	0.227131941113	0.236005605855	0.209487511747	0.231095598551	0.214924443158	0.200166559301	0.163585862891	0.245261098549	0.19327934765
Xenobiotics biodegradation and metabolism;Atrazine	0.0780145624641	0.0579272706859	0.071885100095	0.0861524953478	0.0711880679867	0.0771392456166	0.171915212509	0.106442024808	0.102393829115	0.113407796762	0.100316057039	0.0539110553339	0.093584415099	0.0866112705941	0.0890546088884	0.0655493741415	0.0650070119562	0.0388150763279	0.0785047997626	0.0464424370938
Xenobiotics biodegradation and metabolism;Benzoate	0.369632550968	0.340804921296	0.373944951399	0.368653514307	0.341286021477	0.212333656785	0.456082510558	0.503308651672	0.401177609847	0.421041175213	0.646393453756	0.633715445597	0.678968602698	0.505112120234	0.61847158073	0.350002557983	0.329793016289	0.391698004725	0.411070738843	0.369251799683
Xenobiotics biodegradation and metabolism;Caprolactam	0.116024734828	0.134961137581	0.13041087524	0.122786761984	0.119589437115	0.101102713998	0.133139881443	0.176205198198	0.14007709471	0.137233369225	0.289724489911	0.237967323505	0.273701929796	0.185605385584	0.24531452006	0.125961643882	0.114814652591	0.128571717806	0.151459249279	0.134525899187
Xenobiotics biodegradation and metabolism;Chloroalkane	0.566205042555	0.449472201636	0.539167389537	0.574061504982	0.515532125406	0.560440233527	0.797633245609	0.677993196061	0.6238467771	0.680797465448	0.717852111735	0.705687749106	0.732238812336	0.599209511393	0.733684255929	0.523725421236	0.616953784507	0.487772468205	0.540374979438	0.565554764406
Xenobiotics biodegradation and metabolism;Chlorocyclohexane	0.184987891037	0.121471927379	0.178645695017	0.204044897553	0.155513017865	0.125611477305	0.411913130937	0.300500327261	0.25980863401	0.298811678188	0.255477712584	0.258164826019	0.280426848856	0.190504594735	0.304554110338	0.146416824445	0.160480619054	0.129461247304	0.167157419922	0.16553243887
Xenobiotics biodegradation and metabolism;Drug	0.577720307991	0.475480693933	0.633547538542	0.700348711766	0.514145856734	0.49112595067	1.10728413339	0.872475302776	0.780040006413	0.848088511598	0.857153189138	0.792382753843	0.907770452988	0.686514113263	0.932160782687	0.578055739946	0.532279231702	0.50940807598	0.673603892643	0.536644884606
Xenobiotics biodegradation and metabolism;Ethylbenzene	0.10036554711	0.0906521700867	0.0906467472441	0.0927068360398	0.096594824309	0.0697568890272	0.0972422534878	0.102082995644	0.0827489799263	0.0836528264962	0.132493067746	0.130812547609	0.180412767826	0.113794407168	0.128011322075	0.0661204915597	0.0630976525231	0.0904182495798	0.0802720002706	0.0799934366227
Xenobiotics biodegradation and metabolism;Metabolism	0.107890095004	0.0827611939614	0.124291430823	0.150102455982	0.0898334844316	0.136769781265	0.277675080413	0.176329742516	0.167292735746	0.1942537662	0.0974829589544	0.0860447682519	0.115777095477	0.078123704519	0.124454596079	0.120933191019	0.104605678422	0.0788510314959	0.125257980761	0.0790853225706
Xenobiotics biodegradation and metabolism;Naphthalene	0.0507319876646	0.0730251812037	0.0660291223941	0.0707707603307	0.0566845658911	0.10886729842	0.0353313966435	0.0365184166694	0.0508938887239	0.052503892736	0.0306628376537	0.036519098129	0.0340362160111	0.0412577873263	0.0316122522929	0.0683371470248	0.0499810003139	0.0571272454157	0.0612783309917	0.0425953605219
Xenobiotics biodegradation and metabolism;Styrene	0.070978713497	0.0562718082327	0.0690167986327	0.0657092581954	0.0661360310155	0.0775045472011	0.0756564954852	0.0822572695642	0.0809328310781	0.0722648773215	0.09970383821	0.131150507284	0.113029126387	0.12440830886	0.110911369041	0.0964365348444	0.06979589221	0.0935038504494	0.10196679513	0.0787362503491
Xenobiotics biodegradation and metabolism;Toluene	0.045609444754	0.0387354607926	0.0544383300498	0.0587825965905	0.0345512271553	0.02352820113	0.119995761628	0.08421231676	0.0702234193127	0.0843777670782	0.0649676799943	0.0636369116526	0.0741717357818	0.0541253005057	0.0824187120331	0.0526998237507	0.0912575434732	0.0340804218107	0.0448656657688	0.0507654795126
