Category	SG1-2014-09-1	SG1-2014-09-2	SG1-2014-09-3	SG1-2014-09-4	SG1-2014-09-5	SG1-2015-06-1	SG1-2015-06-2	SG1-2015-06-3	SG1-2015-06-4	SG1-2015-06-5	SG1-2016-02-1	SG1-2016-02-2	SG1-2016-02-3	SG1-2016-02-4	SG1-2016-02-5	SG1-2017-02-1	SG1-2017-02-2	SG1-2017-02-3	SG1-2017-02-4	SG1-2017-02-5
Cellular community - eukaryotes	753.565373868	854.3008058	623.404503629	642.541366933	751.082536401	948.445673399	615.325778112	646.461182106	754.485096999	726.879053074	419.806040074	526.624682073	469.779168046	564.18445204	483.832602991	836.490290867	688.989927914	735.123998911	593.182728208	669.597038527
Transcription	17677.7054879	19381.7936604	15588.9439707	15925.0981673	17529.3846104	20227.4371706	14907.1484957	14922.5013974	16763.100867	16315.8899457	10789.6717799	13652.1846089	11829.8380742	12726.4429489	12818.9127718	18015.7948481	17526.9452378	17046.0876449	16504.8113028	15518.38011
Energy metabolism	116775.162368	114732.822928	101559.773189	103311.388913	111644.268821	120848.572594	118975.289043	109056.218955	113382.505408	114094.438891	91927.1703952	103141.423052	97579.5991485	87376.3736571	102025.947918	111042.158531	110470.743756	102783.183797	105849.663135	99258.3206748
Signaling molecules and interaction	4.5499249992	28.1485569934	2.29782399863	2.33172799975	5.01083100267	4.98419700209	4.08264200074	10.6474950018	21.547619	15.7883100016	3.31393700059	12.4863230017	3.51827100034	12.4071420009	10.5389089998	8.09090899871	15.8471149981	4.9000969994	2.81218700099	8.31090799413
Nucleotide metabolism	85538.6949031	91758.4462095	78969.002298	80569.5606016	84695.9979062	89892.3288038	85510.4584016	81699.0126864	84837.527736	84597.1612746	75945.1564674	83119.8361455	76711.8256155	193561.880017	81034.3460926	88592.8309819	86375.6731432	85158.1341098	87095.1144456	81079.1711257
Metabolism of terpenoids and polyketides	32913.4203983	30865.8257457	28820.5662129	28831.93849	31233.6295347	33210.602152	31197.9646227	29340.3174798	30859.647972	30594.4628731	24998.1192714	28462.2873779	26440.1343126	24253.9169367	28669.9190935	30786.543292	30838.7777601	28909.6319995	29134.4585363	28307.374684
Amino acid metabolism	221013.774059	219550.326218	194087.811836	196578.167427	213262.932796	234409.487927	205674.04988	194663.576039	209767.879805	206917.188909	171030.399302	197573.791232	179250.755552	166037.768058	192336.515868	218447.019684	216839.749231	203346.150823	208566.202266	196520.0679
Transport and catabolism	10961.7351151	11179.6927474	9909.4844191	9827.53301398	10680.5886787	11008.5598236	10102.7850338	9868.36975462	10501.752728	10439.5270881	8453.8436195	9524.55216033	9041.53455188	8887.06491363	9248.05528284	10330.4562104	10851.1664077	9523.66108985	9712.62895241	9627.6305052
Translation	85058.3636281	92245.3371075	73659.0906371	74489.9035942	83453.6287655	90624.9212262	78262.8250832	74743.4520352	81865.85887	80681.8871883	62612.8911171	71851.418072	66507.7374446	62360.7992354	69490.3299718	82357.4691489	80853.2231219	77654.7331656	77688.1167403	72338.8330129
Cell motility	3988.83614131	4791.72548288	3499.53798392	3765.64734761	4143.58269221	3556.62364749	4487.28582181	4471.97543874	4359.473529	4458.48832145	3442.28296761	4331.76275861	3554.78391234	3337.06461823	4322.35856892	5097.73738519	5403.95790433	4336.45838648	3727.8630823	4251.559415
Replication and repair	64632.0347107	68602.461646	60892.5254178	61860.9315436	63410.8525509	66177.1270919	60739.5626671	58742.1155546	64059.908149	63447.7654465	59697.0314525	61741.4151256	57451.0889767	51813.4387356	60267.366824	66897.8774093	65137.1660668	64154.1410973	65703.449028	61789.9726653
Cell growth and death	11971.3988749	12470.3495411	11434.8311062	11623.7880588	11553.5633072	12038.8675071	12750.1772603	12466.92722	12445.826516	12662.3665523	11337.815773	12844.1372168	12281.8171442	11693.9682848	12277.3852298	12212.8895711	12443.2771465	11575.9182766	12198.8533543	11740.6206577
Signal transduction	36642.2937596	36370.4580715	34900.5416532	35316.9737003	35143.8063288	37982.330651	39483.9761602	37142.454727	36947.215217	37918.3661939	31478.7891525	36085.809611	33119.6586913	31469.0950253	35493.2677784	37399.8952831	37379.1151273	34741.1502818	35280.4378104	34243.2759648
Xenobiotics biodegradation and metabolism	55197.1049824	51403.300537	47293.8712209	46918.0657971	52489.455434	63006.5530544	50857.3926672	45802.0942355	50373.911397	50402.2330621	34002.854073	41889.0813158	36395.5223656	36319.0623976	41125.8529593	49340.9372491	50009.6217678	46361.9633444	46093.8383572	44055.7129539
Carbohydrate metabolism	259633.179044	258595.177096	232956.878055	234124.858113	250659.839987	273406.572204	246232.691067	236888.545646	248493.316946	246987.712676	206523.244878	236455.554488	217516.920159	198954.534313	230610.449504	258854.616245	255702.622388	241072.126319	245983.49401	235786.84212
Biosynthesis of other secondary metabolites	40133.753903	39488.2310627	36274.0190594	36705.2723472	38793.9882697	41075.6219443	39397.9721782	37481.5221371	38906.168553	38748.9096309	32727.9425258	36605.8912701	33788.9230453	30801.4901562	36327.8954604	39714.9733067	38847.5099372	37103.4720346	38006.0721093	36601.0268442
Glycan biosynthesis and metabolism	10533.2888832	11230.6097324	10854.7648515	11210.3196208	10432.4128666	8789.49452271	14598.7945957	14294.8504933	12523.375528	12968.3861753	15259.5438257	15707.2881502	16626.3244976	12854.4920409	15590.5921837	11526.5796652	11489.7779396	11692.5524746	12221.4367993	12568.4555921
Lipid metabolism	70038.1785959	67785.3228721	63009.3838084	62205.2342305	68053.2459673	74634.6450003	64614.3138608	62421.8566443	65085.541585	65263.3342256	51435.6380281	59129.5855192	55244.5781874	51062.4931606	58105.2362569	63620.8601888	64806.0051099	60812.0952337	62609.438471	60739.2639831
Metabolism of other amino acids	32556.3045723	31319.3905387	28225.0379792	28761.899452	31275.6830627	35592.601835	34160.5848172	31159.2784681	31996.876811	32650.2489383	28638.3284301	31949.8066964	30122.1275219	25917.1110078	30824.9039715	31142.923551	31503.9595371	29425.5747665	30492.2136327	28886.9436076
Metabolism of cofactors and vitamins	108198.529043	106236.745943	96368.7343997	98740.9337947	103913.555021	113173.996045	109097.876196	100154.170855	106270.87936	107651.57582	86391.8467232	97366.5921255	90864.4032059	80898.1129287	96640.2190463	107286.050829	105947.338488	98651.9321822	100960.246749	96245.0814251
Membrane transport	74065.0963141	73106.7923449	71851.1980883	71576.3321665	72007.6073704	76955.6907404	72913.8171783	69988.5274425	73052.80338	72085.4067284	56739.681919	65021.776451	59719.7885059	57181.529258	64165.3883619	75706.425241	74913.4180717	72714.1761522	74371.099991	70366.6172523
Folding, sorting and degradation	35814.6935818	37136.2576943	31622.0458432	32581.9527076	35025.9884907	36024.0179592	35006.5807544	33510.3523895	35254.28251	34772.5339186	29276.8424532	33726.0195727	31298.5227351	29223.0002391	32396.9574494	37062.6815931	35922.0295815	35013.4594588	35100.5235753	32664.1200129
Global and overview maps	1136582.61062	1126957.67884	1010440.67563	1024074.40515	1094090.38023	1184314.00276	1107197.78173	1040520.50391	1098379.34136	1097054.8294	910820.333334	1039275.88804	957369.057801	991190.978426	1014375.67656	1122697.50197	1107319.49363	1046193.25717	1077921.89089	1016198.19876
Cellular community - prokaryotes	65338.6476966	66732.2621544	63166.1591954	62108.2884266	64638.0590045	66633.802032	60573.937553	59406.8055408	62692.365411	61438.8745862	44048.9771918	50589.1364001	45375.0494814	46428.4112143	50040.8594112	63593.5602899	63222.9781322	61511.4511806	62312.8650158	60107.0610596
