Category	SG1-2014-09-1	SG1-2014-09-2	SG1-2014-09-3	SG1-2014-09-4	SG1-2014-09-5	SG1-2015-06-1	SG1-2015-06-2	SG1-2015-06-3	SG1-2015-06-4	SG1-2015-06-5	SG1-2016-02-1	SG1-2016-02-2	SG1-2016-02-3	SG1-2016-02-4	SG1-2016-02-5	SG1-2017-02-1	SG1-2017-02-2	SG1-2017-02-3	SG1-2017-02-4	SG1-2017-02-5
Environmental Information Processing;Signal transduction;Hippo	6.83060699881	5.72607399866	7.63124699546	5.93132099938	8.87339100474	9.65032200406	11.9808710022	9.34513200153	7.056842	9.50546400097	8.84772800156	11.3595390016	16.3818440016	31.1952110022	9.35695699984	7.63723099879	9.70718899879	6.82364299918	6.92785900244	10.4886779926
Environmental Information Processing;Signal transduction;Hippo	10.1893819982	6.94394199838	10.5184029937	9.96539999895	9.21333200492	15.2143740064	16.0970800029	16.7290630027	11.893562	14.2564460015	12.2444090022	19.0637940026	20.9843370021	49.8654240035	14.3314579998	12.0414369981	14.8910719982	10.0401529988	9.60790800338	17.2717859878
Environmental Information Processing;Signal transduction;cAMP	88.0658699847	75.8265709822	88.2829009475	91.1525429905	70.0205630374	55.6098090234	102.552380019	104.610974017	91.892653	92.4862820094	159.322162028	211.952746029	200.13661502	177.946121013	222.392016996	113.484772982	104.754122987	108.167982987	120.283863042	114.860976919
Environmental Information Processing;Signal transduction;cGMP-PKG	38.0863879934	21.8539739948	32.9688239804	35.7953189963	27.6544160148	45.191712019	44.012405008	49.0994170081	39.002974	46.7471480048	40.7476780072	68.0955540094	60.4480720059	145.06205301	43.3451719992	36.0294239943	45.5716449943	38.2775619954	29.5602130104	52.0615319632
Environmental Information Processing;Signal transduction;Calcium	56.8044549901	21.016912995	49.8645919703	64.5183179933	36.8600070197	46.1335340194	156.355403029	102.988620017	94.0314689999	110.648902011	85.6665960151	72.7022130101	95.6012510094	131.098937009	92.4951939983	56.888909991	59.0456009927	40.6083359951	59.948724021	52.1396799632
Environmental Information Processing;Signal transduction;Hippo	2.02961099965	1.2877719997	1.81232999892	1.81051399981	1.10152800059	2.18570900092	2.85305000052	2.70191100044	1.840856	1.9975020002	1.97602700035	2.69378700037	3.63992000036	7.53831900053	2.65827199995	2.65572199958	2.17565199973	1.75157199979	1.19477400042	2.4087469983
Environmental Information Processing;Signal transduction;TGF-beta	16.3815119972	9.78245399771	13.6560539919	16.0648949983	12.9456340069	20.0738770084	18.3584550033	19.6153440032	17.214747	23.9691840024	16.5866890029	28.656656004	28.0271760027	63.6287440045	18.2117549997	15.2676539976	19.2428629976	17.7066649979	12.9833650046	21.1203679851
Environmental Information Processing;Signaling molecules and interaction;ECM-receptor	1.76587399969	13.5951199968	0.404081999759	0.264132999972	1.89790200101	1.38629800058	0.834546000152	4.01898500066	9.99249699999	6.44695400066	1.05300300019	8.72091500122	0.111707000011	3.72259600026	7.97637199987	4.44500599929	12.2565269985	2.14966499974	1.00198700035	4.8143729966
Environmental Information Processing;Signaling molecules and interaction;Cell	2.78405099951	14.5534369966	1.89374199887	2.06759499978	3.11292900166	3.59789900151	3.24809600059	6.62851000109	11.555122	9.34135600095	2.2609340004	3.76540800053	3.40656400033	8.68454600061	2.56253699996	3.64590299942	3.59058799956	2.75043199966	1.81020000064	3.49653499753
Environmental Information Processing;Membrane transport;Bacterial	8282.40199256	8720.38165696	7731.5139274	8387.96242713	8077.76421831	7748.55106826	8872.47896461	8651.73298942	8661.03700899	8571.19843687	8142.02293144	9093.00573826	8911.74895187	7670.53753254	9250.67418084	8646.91598562	8603.00957493	8807.28678694	8598.99100702	8102.80548228
Environmental Information Processing;Signal transduction;Plant	3.09461399946	1.04436799976	3.29498699804	2.31681399976	1.28477800069	2.39274500101	2.16907600039	2.85136300047	2.042906	2.40090200024	3.87369200068	4.14366300058	7.64945500075	9.05888300064	4.45532999992	1.8650179997	3.2523599996	3.41314499959	2.33793000082	3.75354899735
Environmental Information Processing;Signal transduction;Phosphatidylinositol	1709.5963867	1807.35372858	1766.04884495	1815.25273481	1661.29905089	1712.76994172	2023.43371537	1836.9550313	1766.01535	1825.75696019	1647.65507629	1856.07283926	1719.46014217	1631.96581411	1813.44328897	1909.8603607	1879.94122477	1637.8902758	1655.26527058	1670.08254282
Environmental Information Processing;Signal transduction;Sphingolipid	33.3511149942	21.182810995	22.4183089867	26.3153569973	24.8071570132	32.9491890139	43.5095070079	40.0673610066	35.485238	39.374128004	39.9863250071	67.7251950094	54.3086560053	125.257011009	54.505207999	29.4212069953	39.8601919951	48.4023419942	39.4355360138	44.1545249688
Environmental Information Processing;Signal transduction;Phospholipase	67.9939059882	18.0773559958	57.141856966	65.0803329932	36.3473500194	38.7107470163	273.31151805	192.246188031	112.5721	134.908146014	58.6222940104	80.4190830112	116.341803011	93.6407790066	106.506291998	112.612751982	64.911237992	58.187093993	74.6831790262	83.5416599409
Environmental Information Processing;Signal transduction;Wnt	25.3083909956	14.7866429965	21.1178579874	23.4441829976	20.0643410107	30.811109013	28.5707020052	32.4266370053	26.218582	35.1361270036	25.9783800046	42.4832850059	41.338885004	99.157995007	29.1144829995	23.1600029963	28.3823289965	26.6439419968	19.856772007	32.7424229769
Environmental Information Processing;Signal transduction;Hedgehog	18.1178149969	11.1510419974	16.0097049905	17.5514459982	13.9610230075	22.0647740093	21.5527890039	23.2126820038	16.759477	23.9836550024	17.7460440031	32.2516580045	29.8990760029	72.5089140052	20.7485089996	18.981027997	19.6851529975	20.0911679976	15.9965810056	25.6062489819
Environmental Information Processing;Signal transduction;Hedgehog	17.404891997	10.7548899975	16.9349999899	17.7902099982	15.1474960081	21.8437550092	21.928819004	25.6074750042	19.329022	25.5335580026	19.6766440035	33.5895890047	29.0945250028	75.5851440054	21.8421589996	19.0964989969	20.8760409974	18.5997629978	16.4198930058	25.1948549822
Environmental Information Processing;Signal transduction;TNF	5.52907699903	3.92493399908	5.7064369966	7.13020799926	3.78516200201	7.18380900302	6.49333800118	8.97544800147	5.246736	8.22603200084	6.40992800114	10.5262410015	10.7455090011	25.2962760018	8.94865999985	5.92428999905	8.57853799894	6.27936499925	5.29594600186	7.2220149949
Environmental Information Processing;Signal transduction;Ras	13.7103349976	7.25229699829	9.34602899443	11.2212439988	8.94929200477	11.1718120047	14.4092100026	17.7734350029	10.2813	16.5727090017	14.7155700026	22.9415260032	26.7969320026	42.276569003	16.1371219997	9.50913299849	13.9265829983	12.5779609985	10.8356520038	17.9547159873
Environmental Information Processing;Membrane transport;ABC	64906.8400477	63673.3394611	63366.7016103	62411.6924545	63134.9115517	68235.7535427	63205.8291075	60480.7056989	63491.995506	62632.7096274	47550.0360484	54885.5108176	49792.1831639	48655.0346494	53927.8546161	66013.9267885	65372.0837359	62923.8918564	64856.0712427	61266.0607407
Environmental Information Processing;Signal transduction;Apelin	661.362096884	720.099751831	640.357560619	612.799219936	667.890189357	704.137485296	434.557422079	483.464019079	557.724335	539.628947055	324.500517057	428.904935059	342.717830034	467.294635033	370.232438994	617.543390902	610.985731924	567.812263932	519.120246182	504.734493643
Environmental Information Processing;Signal transduction;VEGF	3.93140399931	2.25998499947	4.34764099741	4.07657599958	2.68119600143	4.74938400199	4.83643600088	5.88242700096	4.224625	5.41104100055	4.23158700075	6.92834100096	6.28406000061	16.1340800011	4.94086799992	4.33439199931	4.61145199943	4.67833499944	3.44569500121	5.06925199642
Environmental Information Processing;Signal transduction;AMPK	3464.9151744	3700.05963913	3467.00518894	3407.95237864	3613.12435193	3491.32147347	3390.18535062	3406.85321856	3513.642382	3446.89753435	2977.24954053	3530.86886149	3280.98695632	3101.99704222	3476.87627094	3726.99455341	3870.68339652	3416.78843959	3288.43269415	3406.74685959
Environmental Information Processing;Signal transduction;PI3K-Akt	713.714567875	800.476047812	682.120347594	668.262188931	706.502076378	744.202706313	598.011758109	596.583664098	665.093647999	661.895631067	404.491077072	502.71552207	418.727858041	557.897513039	453.722496992	703.343333888	696.180008914	626.704070924	599.28353121	550.917543611
Environmental Information Processing;Signal transduction;mTOR	671.296144882	722.277101831	643.355651617	615.638477936	675.140153361	715.085930301	448.043962082	491.85965708	564.519484	556.957017057	333.205221059	438.010433061	354.692894035	501.276514035	377.975743993	624.528735901	619.826040923	584.09093293	526.085149184	512.745697638
Environmental Information Processing;Signal transduction;ErbB	5.62784099902	3.77921199912	5.41244799677	6.80610599929	4.07482500217	7.130365003	7.7239030014	10.2819740017	6.095502	9.18780800093	6.95126100123	11.4484400016	10.693623001	25.3807840018	7.52205399987	5.47495399913	6.78620999916	7.75146199908	5.30193400186	7.09088799499
Environmental Information Processing;Signal transduction;MAPK	1128.9106278	1080.22235375	833.175135504	892.290855907	1088.03920958	1394.03852059	1237.27428122	1047.82403217	1027.110008	1134.42374312	953.882515168	954.751249132	1037.2192301	781.917055056	1032.42898298	827.619581868	855.340718894	767.183513908	794.579241279	743.983166474
Environmental Information Processing;Signal transduction;MAPK	11.8260839979	7.53304999823	10.7242439936	13.1189109986	8.74233000467	13.4302060056	14.8997960027	18.7077780031	12.638329	16.9748430017	12.7872980023	22.1040160031	21.9692550021	47.1995030033	14.7608499997	12.1914029981	14.6110549982	14.5727949983	10.0347900035	16.948199988
Environmental Information Processing;Signal transduction;MAPK	84.6114059852	33.8840659921	68.5521469593	85.4413059911	52.0850890278	72.6897580306	194.598030036	160.058756026	114.179399	127.187271013	66.5284930117	157.268150022	94.0835150091	220.326191016	94.7984769983	75.6292659878	81.0622039899	46.2507259944	62.2396580219	66.4185009532
Environmental Information Processing;Signal transduction;MAPK	1872.63763767	1699.9932176	1438.46294214	1447.51187185	1770.36428695	1916.06474581	1719.67777831	1581.65724626	1656.027393	1611.06607616	1090.90108019	1341.28430119	1250.38720212	1119.93922308	1316.38269798	1532.55143976	1455.28586582	1414.08618283	1465.87078951	1309.36087708
Environmental Information Processing;Signal transduction;Rap1	9.08182699841	18.2188209957	8.19384699512	7.87190399918	7.61480400406	10.9407340046	9.9301090018	14.6566390024	18.064473	16.6459950017	9.74001800173	23.1082930032	15.2644180015	36.8041760026	17.1624899997	11.3757009982	22.3262809972	10.1801929988	8.34725700293	16.8603469881
Environmental Information Processing;Signal transduction;Two-component	19226.2951726	18956.0915326	18818.4317218	19203.221271	18395.4556478	19662.3246223	21860.778842	20445.3235013	20056.357034	20788.9265661	17811.9608801	20105.5710138	18271.0438138	16541.8621332	19990.8767737	20070.9802358	19996.5714185	18843.2173387	19653.4135879	18761.1543487
Environmental Information Processing;Signal transduction;Jak-STAT	5.55541199904	4.00579899907	4.61416999725	6.37695999933	4.23387600226	8.06604400339	7.03782000128	8.73411700144	6.078106	10.3838220011	6.15188500108	13.1489530018	11.4250530011	24.0308120017	7.05554599988	5.37321799914	7.81870899903	8.06592199903	4.68807200164	7.18457399493
Environmental Information Processing;Signal transduction;Notch	20.8735479964	11.0503249974	16.70388799	18.2712629981	13.4274610072	23.76479501	21.750352004	22.8057690038	19.970444	26.0507430027	19.6504060035	34.7501100048	35.1221890034	78.2190650055	22.4880829996	17.2966639972	22.3931059972	22.3282609973	13.5379320048	24.9929379824
Environmental Information Processing;Membrane transport;Phosphotransferase	875.854273848	713.071226833	752.982550552	776.677284919	794.931600424	971.386129409	835.509106152	856.08875414	899.770865	881.498664089	1047.62293919	1043.25989514	1015.8563901	855.957076061	986.859564984	1045.58246683	938.324760883	982.997508882	916.037741321	997.751029296
Environmental Information Processing;Signal transduction;HIF-1	5430.08526205	5462.18324272	5241.95679488	5156.39477046	5048.08982269	5696.1611534	5317.29336197	5168.42712185	5319.349233	5296.91473454	4276.76049776	4910.91285068	4380.21823443	4273.8424173	4718.26722392	5906.15681106	5861.73279027	5549.03470033	5395.97341889	5323.53262824
Environmental Information Processing;Signal transduction;NF-kappa	2.01342099965	1.20797999972	2.10197899875	1.68986799982	1.36448100073	1.68654100071	2.50233300045	3.26195800053	1.958062	2.9767390003	1.65125400029	4.23963100059	4.0429120004	9.11293000064	2.47616399996	2.22994499964	2.13578099973	1.58119099981	1.55266300054	2.13204699849
Environmental Information Processing;Signal transduction;FoxO	1217.06177579	1109.15017674	892.272568469	957.9089319	1132.66200761	1442.57896761	1427.28630626	1190.8667672	1147.298946	1255.33453713	1018.09037918	1035.11714214	1123.92544911	884.778757063	1106.80873998	881.836215859	915.962553886	801.362983904	847.897685298	802.799300433
