Category	SG1-2014-09-1	SG1-2014-09-2	SG1-2014-09-3	SG1-2014-09-4	SG1-2014-09-5	SG1-2015-06-1	SG1-2015-06-2	SG1-2015-06-3	SG1-2015-06-4	SG1-2015-06-5	SG1-2016-02-1	SG1-2016-02-2	SG1-2016-02-3	SG1-2016-02-4	SG1-2016-02-5	SG1-2017-02-1	SG1-2017-02-2	SG1-2017-02-3	SG1-2017-02-4	SG1-2017-02-5
Cellular Processes;Transport and catabolism;Endocytosis	78.3691179864	41.6575249902	70.9977409578	73.4781909924	54.6076600291	77.8593250328	208.550025038	173.081342028	99.038085	120.921495012	75.1416400133	118.921708016	138.918926014	265.104013019	118.597461998	136.065089978	96.141231988	100.712329988	84.7629280297	141.4564559
Cellular Processes;Transport and catabolism;Phagosome	418.354824927	472.891928889	314.106321813	284.81947097	401.756581215	511.284501215	350.773161064	323.886261053	352.14347	350.690593036	215.474640038	246.968212034	245.844191024	348.253496025	258.205662996	307.966860951	321.39253396	293.051746965	278.292675098	291.955670794
Cellular Processes;Transport and catabolism;Peroxisome	7617.86291267	7635.77719521	6796.42251195	6822.37318429	7351.21795792	7762.49974126	6680.01726321	6579.23067408	7112.75855199	6967.35945471	5706.52521101	6394.36257089	5845.67048557	5475.84545339	6284.73735589	7159.27980086	7580.41157606	6537.36532321	6860.28131941	6317.80020454
Cellular Processes;Transport and catabolism;Autophagy	671.955467883	743.714811826	574.461217658	562.428152941	666.937867356	686.759648289	519.424111094	477.857932078	616.77342	610.644377062	370.696684066	459.725597064	424.033457041	526.742312037	463.025639992	693.54605089	702.063672913	593.629426928	541.31784419	616.976140564
Cellular Processes;Transport and catabolism;Lysosome	1421.58717475	1493.51669265	1510.8658411	1445.00815785	1471.51835479	1212.92567851	1697.39761031	1713.03503328	1601.109536	1656.75572217	1631.26632729	1708.17265524	1819.02090018	1506.78646211	1556.16719997	1260.0004488	1370.99761683	1320.33080784	1349.22298247	1543.12105791
Cellular Processes;Cell motility;Bacterial	3689.70107036	4516.07717794	3175.04854511	3387.53301165	3898.11419608	3425.68839744	4091.97975274	4000.34042466	3885.274605	4018.70249341	2934.27710252	3642.83896351	3001.43612329	2849.8195832	3827.75603593	4841.46929523	4975.96660838	4100.33744451	3458.96802321	3904.67547824
Cellular Processes;Cell motility;Regulation	7.28351099872	17.243419996	6.14568399634	6.91985899927	5.61646700299	8.85830200372	7.53837200137	14.0494290023	17.096554	14.6993410015	7.3299450013	20.2659240028	9.41295100092	27.923090002	14.9760799997	11.1193279982	20.4714459975	8.90079499893	6.00185700211	13.7944619903
Cellular Processes;Cellular community - eukaryotes;Focal	9.42465399835	18.4536679957	7.78829999536	8.65775499909	6.9463220037	11.6527590049	10.0482050018	16.9437970028	19.104487	17.6487570018	9.63943400171	23.6293190033	12.9484730013	37.3881680026	17.3322639997	12.9581199979	23.0866979971	11.1696879987	7.88729500277	16.1842579886
Cellular Processes;Cell growth and death;Apoptosis	169.012270971	87.6573709795	91.0344829458	127.930860987	124.817446067	248.304333104	274.76943505	207.090225034	151.455612	216.838033022	68.5795440121	62.0926680086	100.62382201	70.563707005	89.2153839985	53.9744619914	43.0565789946	25.6862439969	51.9340840182	60.5426979572
Cellular Processes;Cell growth and death;Apoptosis	22.608061996	10.5712439975	10.3641799938	9.87812299897	14.1357140075	3.63988900154	31.6503350057	32.8040660054	29.225789	26.7670840027	6.03008300107	14.8198550021	17.3310230017	12.5315330009	4.88304399992	5.6549049991	4.74445399941	7.27073399912	4.09170600143	12.4164599912
Cellular Processes;Cell growth and death;Ferroptosis	4109.34066028	4335.01245698	4177.41193851	4070.84236858	4001.45241214	4206.21161077	3156.67213357	3388.53182655	3806.569066	3650.26002737	2918.81425052	3222.88305645	2823.38083927	2930.49731121	3209.62465294	3806.88738639	4193.67360248	3551.77610957	3890.65102736	3654.54980942
Cellular Processes;Cell growth and death;Necroptosis	2525.80062356	2661.42211338	2363.99863259	2359.76815075	2437.4725533	2785.29082017	2398.24657344	2392.64415339	2502.526481	2490.66792525	2270.7776044	2597.34488336	2175.65988821	2259.81015016	2436.97565496	2726.77886757	2732.39887166	2481.9667827	2667.79968093	2464.24740626
Cellular Processes;Cell growth and death;Apoptosis	676.734075882	743.681508826	572.623866659	561.728771941	669.004034357	669.903607282	526.885482096	498.174367082	631.886588	613.388019063	360.537188064	445.949299062	410.74458704	465.597108033	446.516620992	682.799641891	684.812804915	579.68934793	532.577892187	602.298426575
Cellular Processes;Cell growth and death;Cellular	26.0320209954	15.2681619964	24.9594589851	26.7412879972	20.3529970109	33.6946020142	34.1955820062	38.6162420064	28.428908	35.7846740036	30.4317530054	49.0804950068	47.6424390047	109.616213008	32.0527559994	25.6019279959	34.4057269957	28.6855909966	22.788306008	41.5200539707
Cellular Processes;Cellular community - eukaryotes;Signaling	7.09906299876	3.76177599912	5.80647399654	6.95837199928	4.00318500214	8.41968200354	7.45826500136	8.04337900131	4.92329	9.61207400098	7.97636100141	10.8572200015	11.7160360011	26.5112180019	7.14664899988	6.286346999	8.28129199898	6.60694299921	5.37274400189	8.57191599395
Cellular Processes;Transport and catabolism;Mitophagy	14.5359689975	10.2207859976	22.9821579863	21.5709009977	14.1739510076	20.3114720085	27.262173005	29.1016380048	21.69101	31.3986960032	14.5649890026	33.2779250046	29.2860270029	57.6576150041	24.7106339996	15.2113049976	23.3549639971	17.3456299979	10.7498260038	25.467282982
Cellular Processes;Transport and catabolism;Autophagy	720.170829875	769.60062782	604.096939641	603.925465937	706.325544377	713.2212143	592.019761108	547.20086909	681.857371	674.695829069	419.988227074	529.111577073	504.125479049	625.823133044	514.957145991	740.959540882	731.196070909	637.198167923	573.102528201	661.759464533
Cellular Processes;Transport and catabolism;Mitophagy	5.03402999912	4.32370399898	5.57017999669	5.83614199939	3.79696200202	7.06356200297	6.35558300115	8.00905400132	4.501912	8.46310500086	7.57452600135	10.3036270014	12.4221920012	22.9619450016	9.59511899984	6.22900199901	9.07074099888	8.07711699903	4.71350200166	10.4105499926
Cellular Processes;Transport and catabolism;Autophagy	13.8647879976	7.98947599814	9.98150799407	8.09334799914	10.2538000055	16.634681007	20.9853460038	16.9669510028	11.879372	18.5978160019	12.6113750022	23.7082880033	22.2128940022	57.8904840041	18.0590629997	11.1981109982	16.5379999979	15.9505399981	10.1853470036	18.6836779868
Cellular Processes;Cell motility;Flagellar	291.851559949	258.40488494	318.34375481	371.194476961	239.852029128	122.076948051	387.76769707	457.585585075	457.10237	425.086487043	500.675920088	668.657871093	543.934838053	459.321945032	479.626452991	245.148761961	407.519849949	227.220146973	262.893202092	333.089474765
Cellular Processes;Cellular community - eukaryotes;Gap	15.4268679973	9.41797499779	13.438748992	15.4066969984	10.4785910056	17.5018000074	19.8026130036	22.3799340037	14.021989	21.8467900022	17.3300180031	27.7784090038	23.1566230023	55.1572640039	17.8786779997	14.6430489977	17.0369429979	17.041821998	13.5686320048	20.0026259859
Cellular Processes;Cellular community - eukaryotes;Tight	717.609061874	820.168947808	593.214939647	607.976516937	726.981808388	904.944044381	573.702758104	594.622786097	712.231141999	670.792550068	380.935580067	455.965660063	414.527003041	428.64356603	437.159771992	798.852141873	634.901895921	695.524914916	563.067243197	620.040473562
Cellular Processes;Cellular community - prokaryotes;Biofilm	4227.96817026	3311.23217522	3557.18070088	3457.00344464	3785.08545102	3634.60609153	3961.05898172	3654.5050896	3804.563606	3628.36759337	2317.46370541	2663.58476737	2686.09467326	2866.2918222	2611.32235996	3078.89739851	3312.58518359	3090.91534863	2858.903289	3086.14552982
Cellular Processes;Cellular community - prokaryotes;Biofilm	3675.90211736	3529.27298417	3563.34335088	3737.92114161	3374.0377048	3263.91569037	4566.14872983	4097.40024567	4010.802837	4183.77915942	3365.53636059	3867.25615954	3642.77386636	3252.96814923	4295.07232493	3951.18899837	3529.71095556	3835.90331754	4139.21786245	3537.4700815
Cellular Processes;Cellular community - prokaryotes;Quorum	56807.3661811	59426.1818811	55451.261119	54171.9569794	56953.2142514	59393.514774	50436.8540622	50408.0132463	53830.126757	52457.1491593	37297.7606716	42910.337718	37892.6029757	39370.5316428	41917.0121893	55883.1633061	55705.7366871	53994.8200935	54569.0023961	52832.3057627
Cellular Processes;Cellular community - prokaryotes;Biofilm	627.411227891	465.575113891	594.374024646	741.406860923	525.721597281	341.765476144	1609.87577929	1246.8869592	1046.872211	1169.57867412	1068.21645419	1147.95775516	1153.57796611	938.619600066	1217.45253698	680.310586892	674.945305916	589.81242093	745.741468261	651.13968554
Cellular Processes;Cell growth and death;p53	28.537721995	13.9468679967	14.6784699913	16.2130079983	18.2330770097	9.489041004	39.0300480071	41.3304540068	35.518852	35.3219030036	13.3576330024	25.9418960036	25.5783220025	35.4508000025	11.2512479998	10.3096889984	11.8635869985	12.6324939985	8.63578200303	19.9910169859
Cellular Processes;Cell growth and death;Oocyte	64.3940739888	38.0160119911	56.3782129665	66.889316993	50.417315027	79.6406620335	87.5730510159	90.4335460148	75.703447	92.2116780094	74.8183830132	125.146502017	114.193224011	267.712014019	80.2624389986	63.3666399899	79.99356699	72.9359729912	57.7809410203	93.3657689341
Cellular Processes;Cell growth and death;Meiosis	270.326933953	418.542303901	272.051745838	322.456873966	339.680755181	275.412140116	563.505800103	548.35111009	386.648072	467.599614048	410.422528073	603.435200084	547.354584054	571.24467204	564.31800099	334.372955947	345.721483957	304.852695963	355.516882125	332.086026765
Cellular Processes;Cell growth and death;Cell	3203.23430744	3246.60285424	3128.33590114	3290.13551766	3033.33109462	2619.2503411	4839.57628888	4422.16821373	3914.013092	4152.72056342	4618.66101582	4938.14409668	5341.19646352	3930.08917428	4770.00521192	3547.47070443	3494.30306457	3618.57128156	3891.90793936	3628.00393144
Cellular Processes;Cell growth and death;Cell	82.8254779856	49.5397939884	66.3207059605	86.7045329909	63.2952240338	105.420885044	119.960553022	113.522348019	94.255133	112.571303011	93.8212740166	157.030574022	138.028843014	319.965252023	107.376676998	83.2255499868	98.1996709877	103.587901988	79.9490300281	113.28426192
Cellular Processes;Cell growth and death;Cell	792.552645861	850.088852801	656.673510609	684.499245929	781.370684417	1002.60957542	678.111978123	693.260668114	789.595475999	768.235728078	471.564516083	602.268691084	540.083109053	720.890350051	524.903539991	872.446840861	720.10373391	788.263120905	635.220083223	718.314797493
Cellular Processes;Cellular community - eukaryotes;Adherens	4.00572699931	2.49843899942	3.15604099812	3.54202599963	2.67263000143	5.92738800249	4.31393700079	4.47128600074	4.204189	6.97888200071	3.92464700069	8.39407400116	7.43103300073	16.4842360012	4.31523999993	3.7506329994	5.6830989993	4.78063099942	3.28681400115	4.79776499662
