3.92597079921
42.5251897942
331.685175366
52.1021119957
222.232796171
3.94191219961
8.47021899932
89.6252863915
0.610178599833
52.8481527908
0.43343100006
3.78440219937
82.0760693889
22.2841737962
32.0942289945
15.8788601969
2.12862699942
107.866057982
14.452731598
125.591232383
177.694079978
139.60802338
3.80485779958
440.753942763
35.509433596
165.950775779
217.795355581
49.9214577926
7.45005539879
404.096454572
11.9207283973
64.0020969896
93.0142895889
281.139972551
2.8118317994
29.4081931977
11.4803197985
1.7657184
62.1336967922
110.685549789
252.818894965
3.48530999929
72.5168585895
116.037853184
0.562228799839
3.9607191999
531.383302923
0.860716799842
141.09306359
102.31745299
19.7013073977
736.697215695
1.10590420005
336.026736562
8.08906699929
0.724842999864
367.223849751
22.7351247924
88.508832187
809.758420313
34.7464143956
96.6355481859
4.31344619912
51.7502351947
652.61066872
1.3404887999
49.6028913939
4.81895079934
24.2264399967
1.87237579955
0.0
645.949853124
0.900305999945
573.941370719
70.2783793872
10.9783318001
65.8618173908
1.66051359977
29.596249795
1.52657459974
335.230521362
1.62483979975
150.199041178
2.24305759985
7.52711540003
267.022144955
826.449987506
16.3243159941
0.21616159996
1.23601099955
17.1115939945
19.787363996
113.515254981
47.9525321948
49.1079167936
2.4138051993
10.0576399977
56.9118717917
825.676136103
13.8361771979
15.1545376014
0.127641199961
640.645064925
104.014684786
0.142207599967
97.5856539903
0.046976399997
440.345195154
10.6503475989
19.2158369972
51.4757915943
0.0
60.540251993
1150.60167285
4.38354479885
6.70862759896
119.176937587
322.460755152
70.4541465888
33.8137439978
24.2271641963
101.158046591
161.010207382
0.0
109.085774996
109.775799184
1.71038159977
0.0
0.760218399999
21.6531913961
7.91978359845
349.398313568
10.0381579992
188.09631558
549.818320535
526.145928341
3.69409479958
10.5956273994
87.8816997952
2.3768109997
161.679971175
162.343750982
531.213889146
5.98369939981
6.18263439878
524.749250333
1.69792659951
514.577047133
178.224808387
63.2302315933
0.0
4.96534119969
855.107544696
42.2748563932
97.7667821874
904.865207508
5.23441159911
2.17316519928
29.6612523958
768.16719711
163.081210984
101.008121385
82.9503873875
36.9434363949
30.0647513967
3.20810699924
2.46570159963
25.1911645958
2.01513799972
490.174887123
110.845178392
5.55954539909
26.4742039965
2.80811259943
27.1085747982
13.5672317995
131.059499181
22.1210003963
427.446552152
1.74751599983
348.285725162
15.3466287972
22.7113445979
68.241697989
12.7442967982
20.0913983969
83.254358588
91.7489869844
47.2494643909
0.952114000303
3.7812213991
143.412611986
30.3358638005
550.052541334
1.16449479976
83.2748491891
1736.40025317
361.864677343
348.080546751
1305.27750725
2.59481459926
2.19422379962
1.89724579973
0.218631199963
38.9814233914
25.6778707967
1.2204429999
0.0
7.2011313987
0.805450599982
10.7010953993
1.96514379949
247.919360376
0.334773999979
6.1841927992
0.0
1.86016379995
89.107735587
0.172033799978
1.67149059975
11.3874485966
308.124557764
1.77109079974
14.046635399
47.1843941949
292.299577366
47.302070994
3.65464339923
19.8425433973
321.213931162
12.3911881976
28.668177996
1.64778659991
1.89062659969
0.0
0.516606800005
243.968667774
229.962855384
127.115651186
64.3224711909
137.850608984
470.632833148
90.2576049894
0.0
346.482677162
63.3922623913
152.288299985
80.797494985
1.95821439974
8.13658199912
423.442649158
218.298731565
26.7966919953
3.84714679907
0.25734639998
4.27453239961
12.534625398
31.0276633971
230.379390768
727.481289689
9.59656559807
38.216077796
212.33768417
6.74627879939
16.0791209998
0.0728305999556
13.5540061983
23.8907329962
2.41447299977
27.3028181968
193.82474038
336.42304856
27.2696251954
233.263482376
514.658097931
24.1886507958
4.32516939916
1136.40590527
168.758240173
3.35657939933
457.907746534
2.23292979978
9.57976219823
3.93941659912
38.519183597
2.02022799965
69.9264625891
45.2291681927
1.88737699955
32.1160957952
797.892830922
36.377524995
6.77697619865
8.1751503979
612.993387936
112.679673981
0.414005399893
3.6760237997
4.6356327996
166.418210578
47.0887597932
182.286493572
0.0879779999782
77.1694525905
8.20602419852
180.160998376
66.6472939895
25.0384393955
8.03998599856
21.1376059963
0.43616319996
1.66021439982
28.7377255949
6.89018679988
42.6636693941
1638.128595
47.868336989
660.090260338
35.4970009945
557.655019739
5.28335599922
43.9531579929
55.1850747951
0.647968800014
86.8758271929
164.736289576
5.60888539909
3.78557799914
55.0215803934
2.49760419899
46.9815767947
1520.00277385
1.00725439995
22.1210003963
4.15049579955
140.836290991
349.489581755
523.75087614
20.586101198
875.429278679
1.38842479991
22.8281061954
115.711904585
8.19595279861
408.584341357
197.945332174
8.20875499941
26.022541398
0.239314799919
558.587203928
129.593563393
0.641063599896
5.54817939881
130.718362383
21.5480151977
427.923397948
26.0409661967
84.1751671888
584.311416136
22.1210003963
1.74465079961
1.08474219975
418.41265435
165.393469382
46.835360994
10.8608325998
5.02589499915
242.455114576
0.0
88.4561987934
6.5779975991
3.39185219927
263.198715763
42.3570923929
8.72228259885
177.527316175
10.4122341984
14.5870089977
66.9125561948
33.9292775956
1.36061959995
167.543536182
73.3440895972
103.021278387
54.6665111961
35.709225198
6.91562219947
34.6520705944
23.4382683968
7.62640999858
4.49307519951
6.36953899792
30.9562565901
4.55007660003
14.6644241982
106.353379382
2.47418919934
36.2856929972
635.808150732
172.572408574
0.747648199712
15.3476503975
32.2048105948
81.5832965887
357.074617756
68.1441189906
86.0493595889
869.486230293
641.438705928
552.290740343
551.350268933
440.076063545
2.11199879975
366.198561564
1.16958079953
196.569502985
0.698856600038
18.9841647968
4.88423879973
11.5613749976
0.0
0.845455000066
25.2839511959
0.223538999958
330.722162553
149.500032382
0.288079799943
0.323226399936
2.62289559957
2.13170639942
75.5617427896
12.9795433977
103.822699388
96.0195503847
15.8478605953
1.11119080035
130.864674585
5.89016359894
1.46304579973
0.0
2.10270679969
25.4165191955
14.2340519974
40.4885613938
0.787725799874
1.08141139993
0.0
600.19716353
1.50724140016
87.0565211896
0.0
432.208620958
0.0
487.08171155
453.44210756
56.6487987938
21.0087699966
119.037439387
119.467981985
328.249586566
644.719865739
7.24217760049
468.250480346
10.5962549983
98.4945559869
6.24737899907
0.89902859992
2.12072619965
364.299069556
72.0981565885
17.6233913964
0.0189847999954
0.0
100.817598588
0.440259600043
72.8910757902
0.0985383999398
43.7251725941
14.5366025977
25.1797639953
31.9230055957
656.469033113
179.779432976
0.692196199949
3.73680299935
6.06917279971
26.7176273965
301.965051777
8.78023839858
720.253186707
0.0
11.8895421996
2.65650959972
0.0
406.429997547
0.976561799854
31.3961761935
372.127738567
93.8563727885
437.124713356
569.856722744
23.196083196
6.58567339953
19.4233531971
10.8846435974
0.539953799929
0.0
102.982329986
153.364337574
150.39210038
4.3212351995
2.17817019972
172.024980573
50.8293723956
28.9007811958
1.55240379992
36.0808284001
444.175826151
25.033105796
23.4771313972
179.149559575
94.8700367958
781.948432703
0.649092799973
117.249931183
149.484397381
107.824582788
3.18621899918
67.729176388
1.75300419987
131.725436991
11.5712433981
12.1123003978
511.207882958
23.0879747956
1.97683399969
108.559476588
0.23051939991
78.7475537873
5.52132499965
611.424838739
277.615794776
89.0996915895
102.559929788
0.692900999976
11.987169999
270.047365971
169.161061583
0.0
0.0
280.234196164
445.664236554
21.525924597
107.972248582
18.6624799957
136.78962719
175.335481375
165.622349778
6.43023939948
29.6414729949
31.2023151991
4.06358619929
606.985478529
33.922993795
31.3477915957
74.1492957935
3.57387859991
136.513832781
4.68686739965
24.6689609973
106.430957986
1.25780459978
1.70054399962
377.069621765
77.1617287884
1.68994419944
400.567891546
35.0248643948
40.9391545948
142.292750589
0.0571953999932
3.45215599957
1.0434225999
5.29644819883
23.6700545957
586.296301318
2784.21202949
1.78213239975
150.831753371
188.845262378
76.0969939878
2.47874299954
412.990422147
461.209706542
27.1166445947
2.8604501995
92.858932386
83.3462673901
35.0459867962
78.2531479832
1.76694219974
37.9257633961
0.448042599896
4.07583259905
23.2497533964
32.3056593966
154.320106382
151.209362579
118.442730988
1.32444939957
28.0011585964
0.0
100.037796989
174.931999789
96.0814089856
690.793368916
6.02104999904
135.320402181
266.295108775
501.697967948
169.721598778
583.640157732
759.873611136
153.676265578
517.177820339
0.0781907999908
487.871671126
23.9966899957
220.514696583
36.9804833941
571.826826534
2.37210039963
0.0
1407.02612545
3.0196051998
0.0
22.6364429963
40.7306057921
24.7053841959
0.523699000006
214.35057118
1.70334039974
0.541451199975
47.5246875935
0.203765799911
5.74264999899
166.101366577
56.2053149901
79.2192469881
62.8101177923
38.9730233917
32.4329945924
85.7535317799
439.657072353
12.912074
0.721143799817
4.18311959942
106.183857583
1.47711000024
0.0
88.6518267883
90.7453353818
45.9735157879
78.4256775921
5.21507759884
0.071205599965
547.231451945
783.674239533
19.5713979979
2.19136559969
4.97028019908
1.04663019968
193.034538985
0.646021999809
0.0
1.72218099971
175.34316078
11.7997449973
69.8024201902
254.466550573
7.66440499807
0.0
237.405583575
109.173184182
451.784261962
59.5255665928
0.0
181.451708987
91.294368188
135.377195582
54.3443017923
621.480148937
5.99675679921
4.48294359916
11.3180547987
12.3735351989
6.4869651988
7.07989379871
332.92194036
40.3982501935
0.0
23.9284775975
25.9236211978
1327.62788466
136.831275181
263.21116897
213.392285177
548.498526527
10.3001055981
270.033486162
343.629875561
267.239847172
3.03338119944
6.25000699887
1.08797179993
0.572772199894
448.976359749
629.824641133
16.3019263995
26.2663245987
5.7688465988
0.167217399964
15.1827329994
44.3401627928
16.9265893988
2.14091919959
25.650191196
1.81952559973
845.164339911
3.52529120027
68.5485721921
2.3694957997
359.704024562
18.9317843957
30.400743995
1.24776119961
505.157328944
89.7082559908
354.852575953
551.346165734
121.146299984
102.987480787
52.3205389984
12.0026297977
1.27418320006
329.484600961
22.4672577955
25.7456253982
151.051866582
1.89658219949
1.46583059995
6.84687760002
0.0
178.356038982
187.545068181
125.97237559
59.8901293895
30.2546391959
370.360162748
230.893405765
50.5333609966
6.89427959964
408.800140567
16.0462851971
36.5201497947
649.688204341
820.6083933
807.106252686
2600.78634668
538.067399539
83.5288901864
2.50272700017
28.5111583959
31.0886149953
474.895072341
152.488913379
711.26995573
410.958084334
51.9228437925
249.98295877
29.5626545952
4.09318099915
1478.18230124
0.673236799972
25.6187975954
558.18530354
511.593519341
10.3847195965
684.848371313
315.06802357
181.407551391
0.28965279985
812.163598695
11.8043549997
35.398451596
2.05035920012
7.22223499875
124.243595984
7.58167839839
6.01039379922
21.2595915984
103.741183991
0.609481400026
0.0295777999885
0.576077800021
551.367703541
48.8084015918
0.181146199954
45.2534061953
8.05372259891
9.63000639858
0.383550599817
118.313403786
736.214286319
36.1945901945
28.4910091955
23.2818949963
37.6476033955
2.79428279954
0.0
24.5618595958
1.32566099969
3.0886047991
0.118718400005
63.9891077917
232.153780178
3.19190639991
59.409215193
10.4072867994
3.75371259986
1018.57722668
848.058997511
80.7164651906
5.78957859845
23.680869796
35.1791555947
0.155308199955
271.30664257
2.5270889993
18.9732497987
3.95851859943
300.591071772
325.214891565
405.273680749
533.822994947
4.593227999
98.4928711859
54.4882129943
76.5419921904
791.333142124
10.6721055983
228.679030367
37.874796394
323.729135572
1046.47739309
4.50813519905
439.321068755
177.472429575
51.8559909956
117.006461982
1.23815299959
105.879876191
433.672183953
0.0183360000095
51.2054575958
10.7619585997
7.57643559872
317.75178217
82.7015535928
12.5389675969
101.488022787
23.3177887968
208.259065168
367.467708356
0.620140599666
121.355935387
4.33622899971
8.91044559851
98.7849913879
30.6798865951
259.190642966
3.81634699962
6.32202479884
103.778472188
14.4857137966
562.024979942
22.8104413972
6.87521219903
1.71677879924
22.0834421978
0.206906199955
3.23767159948
2.51855559999
73.1555851941
0.0
56.4796033974
287.031814962
231.693714373
26.4375093995
3.54062319921
42.5856817961
1.01528740012
49.5610405923
12.8322223981
0.376031199885
0.0
29.8497517952
0.0
3.42256819968
311.462844165
1.51911499979
408.766204756
640.248648541
42.4437685935
21.7958013945
168.249566991
0.708078800062
398.690344743
791.761139287
19.5411755982
1.72602079958
0.33329479992
0.790433199847
102.310646181
168.882849778
28.712087592
138.29450478
82.74792439
1.53136579981
0.476265199907
43.1973763955
496.06148295
8.65024339901
38.1016995974
18.4384235999
14.0800681968
5.27550619906
299.183749163
0.0
445.342686143
31.1014015971
29.4378017953
58.7474127961
20.6584341988
848.920320916
5.83488159949
0.0620239999846
14.1678795988
0.617008799859
2.04082180014
758.048982718
16.3492225972
20.802226999
390.574524543
38.4568825914
246.07031736
164.793842175
77.1792323924
597.85422233
484.277471337
0.0
7.92084859842
360.080323737
217.728221173
1.83890359977
2.16666619984
143.849561579
229.915880183
37.8965991964
18.4164237976
217.896199375
740.002115133
701.066626928
4.18027739917
21.5842213967
271.931378372
332.742991374
129.74295659
232.022805783
30.3200443949
17.6771373979
447.511676345
3512.28896537
99.8376141854
18.6396381981
195.114440776
1.63012039972
21.8668437965
4.553183999
156.973866186
407.251312961
458.914113947
2.21719279986
5.42940039921
40.3265023906
34.7455289948
4.45790559922
3.36420699978
2.50771279988
35.9398115941
14.1364285974
137.520370979
367.647771955
209.293030776
6.20754479817
46.8311883925
256.406905578
64.8868133902
0.199655199902
1.6024505998
1.75614319959
0.0
3.40254460016
86.7297685877
56.1274261937
165.199014776
593.479225333
102.317011388
8.46443359892
226.833085783
0.902267399752
9.20325659918
79.9327503951
195.264532386
18.2160995977
2.70080339928
617.643382321
10.5447435999
1.5257827997
6.35419599937
547.218401946
0.0
16.8637981969
0.309115399955
10.1295087983
49.2105531918
3.10810779914
24.8937965921
94.2152467886
14.0262561998
103.665614388
14.6378535994
843.59831413
2.54703059943
0.390958599823
5.64734059885
215.242215981
0.601252799787
67.2114351923
76.5725365913
0.0
22.6441871976
12.572150398
302.588880972
1.81797939972
0.0261139999952
173.599807974
38.9715333945
52.6909901929
1553.47347361
0.245068800128
81.5764021887
18.8639867987
11.4636749982
86.2038119947
146.480349189
11.9753593979
5.37166859889
385.745566953
374.945044546
413.330383748
119.130501383
133.715807583
0.0
11.6966963975
3.01357139947
3.98611019912
3.33462699944
261.247551556
279.136716569
7.1312665995
6.76721059907
289.020885775
56.1410687938
5.88416339886
4.82735799983
32.4135613946
4.87933459986
443.843462132
24.8714119952
0.425331399943
92.3742517862
0.620183599824
2.03641379964
14.1949301992
4.36662899949
36.5527447944
19.2865127962
15.965409599
16.3582783974
4.39574539956
0.0897879999778
210.770036783
4.18029479937
4.51387759974
59.5928193981
308.249238561
123.025954379
1.8164455997
112.397178789
964.168393702
104.868991585
192.905207784
3.74702279921
12.3425601987
0.691765799948
5.6013589997
52.3727805923
12.4591095975
3.88673180006
2.77951799934
0.785369399883
0.819176199902
1.06561480001
823.886649109
15.5114947981
184.424591185
1.54221419974
0.221276799943
0.41782119989
22.7374951963
188.108098178
278.05459057
565.188133132
1.17133579986
0.0
5.83879459898
31.7426487955
228.758218766
58.1310261931
93.9541307877
0.337698399843
3.98009139904
3.55723579946
37.0897409943
10.2525901981
622.520374346
658.983302915
17.5762145974
1.06927279977
21.5842213967
1.50795219992
43.9416855942
56.8348035924
7.14484779913
1.70654079981
5.24066159921
116.450557586
4.95391579923
5.70768679923
0.277350199832
48.3422933906
149.751285776
0.0
811.870888905
16.0303541999
567.37355053
4.2746029992
48.0208063928
9.84591999824
3.20810699924
13.3048683984
118.28856519
6.14689899941
22.5959825967
0.32339959994
100.75298399
36.4434365948
26.0890821959
97.4219043896
60.9127439913
1.44257899998
30.7677449959
0.0
501.236324542
30.0648723912
4.08493679905
12.4706299977
14.3033641989
70.2277339887
77.4341479889
223.741380982
759.650502117
23.0528905983
540.277027536
519.809117156
298.346161992
32.1372525958
1.9305835999
32.2457609958
5.74274279927
1.92495979992
69.16636979
0.534264399905
21.3330615987
4.13804299916
37.1648375952
159.085178378
144.605408183
255.433391569
386.400947944
0.654296999769
27.7009509949
37.5718521941
34.6273709935
0.0
139.335662583
441.913253558
527.982120722
169.064132986
426.62516075
1.50617139964
894.99773709
732.593805511
76.9721345909
1.85843879993
9.99859179804
92.0464205868
17.9845853989
212.810230175
36.8313411992
6.77702559835
25.9786307961
0.0442731999948
521.847709542
8.61952899939
43.2082849956
0.0
74.1900425913
32.8437355951
1.23520959966
44.2420007925
72.7182379916
4.37921299936
81.3242463895
0.0
404.274374344
124.176694379
5.65361239904
29.7421717947
132.85046057
0.163789199986
341.499495769
244.582876166
51.9696889922
216.837718777
12.2015757971
101.089689187
241.404722576
2.47410000002
7.29150859896
35.9312173947
176.061363974
0.0
2.8431415994
0.143313199983
20.2904451991
3.67327579958
0.0
0.717488999783
1913.61813939
306.733460157
33.9703605952
3.41719119912
323.719078965
368.390230547
0.0
43.7019507933
697.083321314
0.0
185.537597372
12.1557621984
162.565992392
225.126686972
2.0993243997
2.49629979956
22.1091495982
22.1210003963
16.5495899982
57.1479827938
0.317170799808
4.03011300053
2.04266179969
0.0
145.596670177
7.41330199912
0.0362545999958
2.56508279922
15.3178525983
0.887683799888
729.953474732
77.112685792
67.2304217915
316.536508963
306.989955159
4.38069259907
7.67096979775
22.9949969971
35.8746501943
55.1632917897
9.73826579818
613.417334927
0.106895999974
0.0
7.8472969991
0.0850891999902
3.05916719959
0.801364399866
568.593461542
19.2869005975
0.810768400072
186.919329977
10.0879161989
21.8310203963
0.530994000276
3.33171299985
1.76694219974
26.8352439952
107.545194183
2.32171699968
155.21879358
55.8205087926
12.8663437975
5.79732019905
4.75656959927
39.8493949967
3.35820439914
4.63578899944
519.218915344
231.716445374
165.416099574
120.187213788
35.0390233967
0.0
19.6160029969
191.775621182
296.260178757
4.73082119967
0.207503799942
6.16525459969
5.09342999887
108.686578985
22.8230859961
11.784574198
64.6351103917
0.374282000111
118.992929189
44.7143601983
4.72849479922
1.86369639995
1.56922939981
480.218885158
15.0213401989
495.133792146
28.2776067941
26.1870115917
4.35717879902
303.252794565
87.9241283879
1.00573159982
25.7263533977
241.758538968
0.710919800224
8.70752599815
12.3482048001
259.990944165
291.345885969
7.28981079849
9.18438179945
496.206929166
4.21956439923
2.96945379933
22.681009797
288.03351036
0.0
0.129571399976
16.7231739984
5.69982159917
45.7447701962
343.605252156
203.531980786
311.938650368
106.994892586
0.492716200076
736.661461513
0.502615399898
66.9153115923
1.90042859969
4.5885971988
89.2053773845
0.315586999894
1093.4451765
4.75971559917
404.757729343
240.783556961
199.739636387
17.0435803978
0.221276799943
468.72123816
98.8356735885
575.020728146
113.317612789
75.2504057936
358.064633362
38.9979681952
68.7533107972
92.562682987
201.777462377
413.837117148
16.5050433969
0.0
27.8427913965
4.98743979993
0.204096399941
8.90272499852
159.959873184
437.830605551
0.660013199847
24.0704715959
3.95916140002
1.66576079969
4.69572099976
25.3862783954
20.5984469972
212.285451177
21.1382711969
967.627659868
18.2480427973
7.66459459839
45.9170885935
2.35793299974
5.47449319891
0.573999199945
2.93901060025
152.029284377
10.7886129995
1386.81395985
109.631134583
719.40068893
1.53103119977
318.678029957
22.165970398
408.94886375
61.7843913927
1.53825939978
50.6621009956
580.052880527
157.792933388
369.678767543
3.71351399925
524.791069339
84.800669185
0.901556999875
118.962965181
4.44487199931
397.703549366
0.285453800048
163.180730578
71.79660199
36.4163003945
0.0
1.69639640006
175.615244372
8.80880119721
2.04722439952
14.5917755957
666.257236126
140.946594382
62.7523677905
86.7797095893
180.795381372
468.55342994
101.732084785
390.173213742
2064.51908896
207.61242376
0.4834585999
296.968770158
0.622968599974
445.311355941
46.9858711956
1259.01542424
241.620378169
13.7480703978
20.5102383974
209.590944583
22.904324596
182.399109777
6.3583480002
57.1485675893
12.1686935989
1.20569319963
9.37411219845
30.6486495972
0.0647815999996
5.26626779896
2.14664319963
25.3303627962
27.0382373983
712.73194772
172.268182175
351.404279552
78.1996831929
1.74982999975
5.0863469997
9.10412279797
0.263133399943
0.839845399817
157.660315177
110.352510781
4.718492799
0.175502999979
0.286608599896
6.80963739837
25.7717547963
31.5526199953
91.3404709859
20.8845305958
4.38640500005
109.486438193
4.07419579962
438.525652741
558.115948345
676.839739918
609.826992319
433.610357154
774.727572904
448.350041544
810.366798691
990.204737267
3427.95482235
0.774750999992
26.4421635992
286.941920581
19.3946389989
132.318926982
0.179024199961
66.0165635914
31.6019393984
38.4913923966
1.78424979965
118.621150794
933.943012694
2520.07949971
10.4887137981
245.884276974
0.0
210.928458967
33.3579473969
0.531862399845
0.0
23.2415671964
288.171662161
24.9395579943
16.720233598
312.99552676
39.3570757933
370.30932436
403.313297343
19.9129015976
38.1261613952
0.0
29.9133629978
176.103532769
11.2422159985
21.7019441983
45.8366479912
22.1278165963
275.249016767
521.994365142
219.035514782
12.2013283983
812.521557506
66.9470397899
7.35579139969
11.8201719978
0.142947799964
116.489041191
155.148315778
11.5678129985
66.9909843902
224.224466587
12.3757125977
4.87583539972
6.29555979887
0.152923399982
2.83379599968
521.844680935
30.5984291945
2.30288119952
364.291283963
0.934236600087
180.069246176
692.445392111
135.727428382
186.334227975
190.372220177
177.182281773
187.846076577
709.800486519
142.117658586
2.28253539979
37.8708241949
125.528077186
425.083068548
21.140921196
5.41118819922
34.2983905955
1.95110399975
469.957414347
387.253602156
43.626585593
57.0396167933
375.892188764
8.72523099923
31.7280199977
0.844208599838
10.8633409976
3.60417979934
2.58739279953
137.668200979
105.034048596
3.11249740007
371.55661055
16.3883387992
87.2296137887
17.8730033978
576.916264556
149.921538383
1.68559879974
647.439893927
1.48443959987
2.58595699977
3.26259539921
167.091966382
309.062124765
0.0
281.661063759
51.7565047916
488.461461357
11.6488705991
203.268683977
3.09508480011
159.494502578
35.5949795921
49.9949347896
618.907154529
524.146574122
78.1201031863
21.9573955999
6.73094039867
177.316267376
2.5270889993
518.04005634
0.609739799979
112.56959099
445.283984551
3.5691843993
15.8304095971
621.958284933
71.93202479
6.32416979906
28.5900953951
682.735029904
300.731069359
1.03664980001
285.27116977
37.2040305962
526.850077932
406.735956147
405.883284542
24.4612131957
476.137302947
0.0
36.1169761964
79.1028947881
10.3243437981
149.439730578
6.63570819914
41.7921577951
287.984585771
224.62092438
16.9308353978
251.325407175
10.400800596
67.2652935906
109.173781781
275.769644976
97.8729247849
0.0
426.704469145
13.6806627968
674.508131312
3.26965299953
19.6421421978
101.233406386
79.8966841902
0.315974799942
4.82224879892
1529.57538162
557.997203546
95.3449391852
0.251005799938
128.034771984
144.48158478
0.0
0.0
24.3532015964
23.1226925961
23.7019181962
0.0
0.0
3.80007199947
68.22671539
311.613470153
1.78087279983
553.623787337
419.940016942
145.858288778
415.33204276
364.118499754
34.9493246002
4.19921539915
18.4430753975
3.55770339936
0.542204000085
0.446724399824
3.08943799901
25.7551561958
0.0440153999948
11.9321663958
48.048976594
52.4149293917
126.556228796
8.19016800001
79.0054719892
93.1565293924
2.80323919956
46.9745387924
31.4529315965
3.81634699962
11.5758389976
233.484632971
1.85806639968
287.873481565
18.8141677986
39.6357127961
1.00919859991
108.972251986
4.89504779905
3.38982999944
547.20860093
2.96675180004
30.5822043938
9.02162599843
12.9542897973
0.308513999942
0.908145199824
139.447612775
12.9891873979
544.502142938
0.0989745999754
28.7875373946
416.722720952
885.211726889
62.9098749866
11.5368042003
12.0170895982
0.148663399972
29.2837145941
3.01667379925
0.0
74.9687797909
13.787253798
59.0112813953
33.4875883949
92.1190795861
43.415958595
25.9001137957
81.8745453899
16.0567969997
9.74927439863
120.887973584
16.6617627979
58.6582451924
150.992924782
8.91333519959
17.0072771986
1.77737659996
6.69315139887
19.6166009969
17.2374645986
46.2645973954
114.442890989
1.04927079988
65.1749653918
35.971324196
27.4426719968
487.572597354
8.93017199913
42.1672141938
362.75033214
199.315387772
53.1913747937
2.60181159994
15.5863477982
7.83889879894
5.67821579892
1.99578119971
115.409572987
12.2021303987
71.3459389894
1.05427839967
916.855969701
38.5945469952
280.451350963
3.59084679953
64.6966887929
257.739908967
285.245900168
0.0
3.79589679997
23.0635273953
8.3702501983
3.97544219933
6.78876299846
26.0397477973
8.86230300042
12.4783036003
3.75400399905
2.84637039997
4.95748599909
36.7434609945
31.0636643947
97.8416753877
1.27402159999
0.646571999983
48.2336573917
5.35073339951
1.81223999976
70.5530437882
22.5341161964
89.5935101883
7.14253320028
550.535222525
242.145029976
60.9530797943
431.468100949
1.78743679969
462.764416955
31.8331113955
0.450404200012
54.6794413937
274.528659558
74.3144311888
80.7417701867
46.5050527937
193.517648771
4.59239299916
33.2921755945
0.899616199827
1362.10015184
3.72439279939
656.373201735
441.48005153
59.3680183925
28.9434155953
450.338720734
3.18241039959
118.968812384
362.282831956
2.14442939968
16.1885955988
6.1169605992
0.833155799802
271.333730964
80.4550283886
0.681045800032
0.317900399964
930.194545488
114.579544194
69.4359433953
1.13588779974
4.32255399974
106.829929585
39.4512587931
431.32756735
114.803989588
15.1812389986
9.12002839865
26.6720999962
6.13890419883
226.210617168
11.3605247984
14.4045301996
123.765782585
383.339231163
249.48398878
0.0
110.117193385
0.0353161999828
12.0064769972
1.97996079958
0.377205599912
44.9641065921
163.755592984
49.944194193
0.246686399952
47.6880267934
1.40930499967
2.52498639953
4.16233859926
243.621470765
23.0130713982
110.111034783
33.7475535952
305.980020746
63.4431119917
0.52895920002
58.4761447902
42.618618798
63.4455369958
0.241878200013
482.479553138
335.805713153
17.3245817981
6.84839180021
184.015646778
41.5096375975
91.1568861866
11.5057109987
1.50911639992
0.555570000027
860.093506497
5.60518199922
27.089486795
331.401533173
54.1046809897
1.77105479974
12.5604739983
32.7990633957
0.200413199878
96.1924425842
221.000667988
1.89896699993
40.2863179944
2.49448159943
51.3912069971
201.402480774
73.9546639926
39.929626795
30.5159387946
1.90046939984
520.926156946
52.9431775938
767.43042372
67.3934987906
0.868379199853
0.220195199954
34.3707631943
115.294682781
3.04383519931
0.207503799942
7.90125479789
3.15917499936
131.791103582
0.361879799924
130.927009781
37.3034373924
8.08525179881
3.62338339924
510.905230543
2.08601520028
733.722751126
417.83162396
1156.33639328
8.96894239877
0.898836599631
88.5871303932
19.6453831993
42.0760615934
127.408652384
449.711940957
0.768502000046
357.403328767
1.85147019946
11.1970553977
74.3033633914
139.25444758
6.0715386002
158.620155187
896.82257249
22.5515539971
32.0014129954
20.9778577968
9.03571159769
154.542602982
6.67145819973
583.314762925
34.7635475967
62.8300019936
49.9731401905
5.41587999941
23.3783209964
2.13482159988
347.30205036
1.88367719996
0.283989599956
0.367192
231.272260981
110.892312784
0.201937399984
2.49784919968
1.51732579986
64.0114479926
119.285008179
41.6578559946
1.7648665999
0.686242999832
23.6397587959
9.02231099906
66.427280392
34.9630629966
16.7196917973
7.35931519871
0.498625000082
0.020707399995
1.58158299985
90.9707905851
2.14442939968
306.133305779
51.731891992
8.69061239868
3.7909893992
3.34154479922
2.2044783996
0.63491399991
243.286219966
2.70294379938
142.813903384
23.336052396
22.3436211966
487.96715654
3.91497839935
80.8121639863
2.95228459959
0.0
439.221860748
78.8879361898
454.331790142
0.120708799996
45.9313287936
1.81223999976
117.952566382
649.996114126
6.29728619922
18.2569937969
42.3613469963
20.061886396
5.09925559964
46.2407311919
186.373568181
8.54599939798
341.377735359
3.26565039935
1.53543059972
8.08852219882
22.9382295956
1.78496899989
20.8844856014
5.45421939881
13.3073745969
0.924106599707
6.20027679902
0.0
1.76317419969
8.74721379927
279.391362169
82.6362559944
25.4427005955
243.073381369
858.020311886
164.819191582
140.091483181
20.0780929972
5.37763799881
12.9008929983
423.53663256
185.647540583
120.455387376
250.462385764
600.994676916
0.0
0.124025399968
486.983737539
397.170047543
48.8038541957
8.42072379904
25.0555827971
1.08779859961
18.6231531956
19.1932439977
1.28375659987
9.17815159841
30.3064207952
191.413519983
227.211190779
262.822512968
87.3517015975
6.8557065984
452.950538148
8.44105520034
0.00995579999754
0.0
0.0
88.9089621842
0.235713599967
475.713158336
692.015409321
2171.48914817
37.2729813954
588.170892733
87.4259275929
30.5792331966
43.1716701975
313.868505761
129.569404184
64.192665993
29.0398793962
15.1705515978
5.55495339917
25.5961717977
0.0
5.29745679853
1.47489279992
2184.95004149
20.7983179968
21.1794965953
0.0
270.41352817
16.2235813968
5.93941199973
39.0911669933
247.511250972
5.79486319959
460.636556735
348.106884744
422.828268559
6.4477893981
3.15629959999
35.6068973962
1.29368179978
0.163835799977
4.90304159928
1232.18751506
10.8112383994
165.354055376
0.175474400051
14.7859245977
296.852882767
96.6111501835
4.43927779948
14.2578087985
151.581756383
2.9486905998
170.706231384
9.98874959806
246.11037637
0.0
3.60754619894
150.382207586
6.06154979974
249.371549179
2.91322639974
1244.82869305
162.910491785
476.87422315
8.36538519888
0.0
0.446555200014
14.552024198
86.3718993836
119.170396181
1.69757579984
14.6712619982
15.1775935989
3.07740080012
159.560589781
210.264199166
54.3735765901
236.391110562
1.75032659975
111.557493982
1411.23515443
0.135223599967
70.7641355896
0.336745200006
37.8229375949
23.8115009963
3.94767639958
521.924994724
140.421943578
39.0262901945
148.360207974
7.04952939881
364.936725971
12.4910669999
41.070902594
8.7396493992
4.57522819954
2621.64785911
0.707863799741
3.13128639939
2.47171399963
3.81583519899
11.4148117971
211.161237568
23.305791798
0.0
46.3857503921
0.0
3.41677739927
0.0
0.0
0.267795199896
93.1401749853
0.291637599972
68.0485941897
11.2201511983
1.7775785995
55.1162971937
0.0
0.590069799933
1.6024505998
250.675432968
1.78840299962
143.667677577
34.9711847909
44.1704573927
0.589729999889
7.82274999771
668.454201904
221.572405365
243.603222779
1.88926000001
122.389154781
1465.957938
38.1715131978
216.480093972
81.1594129894
295.829047356
33.0143289964
303.382186561
3.49340720042
3.72038999933
338.86785195
6.8449763986
1.61583919965
13.9028909993
96.2072165889
189.113485777
0.0
5.91083279896
4.15487339905
0.0
438.723323751
128.657021384
62.5406995909
0.239960999958
33.5043341918
17.7348737985
5.03824299979
69.031043193
1055.91022127
67.8324097928
34.9314949936
19.8931977989
30.5295271983
98.7364999876
2.07517579977
1.31539579985
3.59913399979
105.125865392
1.94241379976
4.95748599909
49.6573959911
0.158062799995
13.7153129988
400.116379766
95.6926395857
67.3576771905
411.367177945
61.2378071927
634.636199127
51.5201231913
78.3547829879
121.874474983
199.099372971
4.63160359922
10.8414849974
161.793454177
0.0
151.776554575
14.8842271975
3.16369679941
0.0
169.424801784
35.4743457962
6.48086559897
43.5018189956
12.8737311981
727.440739518
164.122398167
8.31251379901
3.34413539916
270.673686172
385.77362076
98.7005105863
5.89266319899
26.617237196
127.158242179
352.291660764
299.32803637
4.02588079936
3.68269359949
144.495183374
11.0622961962
0.0226403999862
674.539275326
489.753391156
335.476662566
287.993145153
102.316649191
0.145611199911
21.2549235982
1.57702079982
27.2334579936
10.3001167983
205.702631972
72.7621281914
0.438814199873
14.8679121988
12.8366817983
350.255527954
43.953021794
77.1305239945
29.8340063946
7.69720139855
32.7276905956
0.0352749999786
253.832025166
31.6240239967
72.6342399898
46.7082875894
916.230845307
227.845294173
23.6592495963
41.8543403932
326.718421761
448.606339336
1.31883619991
2.29588459956
66.8981755889
7.16819199887
148.97906538
21.9376405965
17.8756651995
3.06012579949
625.699101724
4.88466119928
3.30038999921
0.478320199814
200.039663569
4.52564759909
18.3697803981
17.046453
34.1847863931
344.726159356
1.95110399975
69.9015637915
9.73768819839
21.9453965959
23.3908603957
30.093550396
19.4294999989
0.155308199955
2.37086139999
339.043602371
24.2359331964
299.811584567
1858.43782444
414.905544562
8.73397079914
277.829705165
5.30495979913
359.840489957
3.75820199948
1.53827279989
270.587186565
214.311510374
183.341746375
4.46024459923
63.9893871934
485.174151741
466.231479344
518.496174143
493.174326942
148.902284179
443.14326875
114.094605783
334.382927351
244.660822173
0.178472199931
1.52996619966
1.56754199973
7.16574239891
252.758575773
4.22995219937
63.6127587937
90.520052792
809.311617737
6.42310299953
83.9138415875
1.23565139982
114.319358987
114.889703781
190.832789379
3.76594979993
1.0098575998
3.68870599929
173.403313575
426.634562547
0.0
51.2680739949
98.5962245872
0.80157319977
88.6482825902
22.8586941971
9.5130035986
3.00231919943
8.95843199789
34.8355931992
7.00541959895
57.4694867909
7.17227959893
8.35737719932
11.4139931988
1.63615639982
1258.87394447
887.931130079
13.7666317988
7.15184779875
16.0523271995
126.275312785
135.260020783
126.350531587
56.4973809919
83.4016897891
0.0
115.700639373
557.437658941
0.0310705999812
0.346287599895
238.328795973
16.8573678
32.3627023964
87.7018347869
60.2335093912
108.129981984
27.4467003951
312.775616155
26.4678969959
0.8888869998
80.7452025962
2.06095579981
1.1442797999
0.459587199954
51.8247635967
0.437262000041
478.228717941
8.59619379809
0.203844599955
33.9568143938
35.3349469949
219.184947779
0.318004799912
448.194205952
6.37605179831
72.6236195891
541.398591913
53.3595823905
48.7678225919
49.1349269965
0.415527799956
8.34342279893
395.30170675
9.88107479921
41.6556503924
4.44114059908
45.304278993
295.904644953
44.3946133941
7.76518880091
94.1819565895
237.059070176
5.7108689995
31.1555895976
4.08879799982
15.1787747987
2.36499079935
10.1393869988
0.954457999586
121.899875784
1.56892139992
1.88922359975
3.82648620027
3.3679949995
98.5663979881
22.6765947963
1.47828679995
113.265659782
67.5803085923
1.42711979979
0.0
82.6005531938
19.5739425985
2.46499139947
60.6494843923
197.31477998
164.181641781
80.2740415882
49.1862129973
3.33868539954
213.48025538
179.803082784
63.8661935918
0.0
134.276511988
0.0508655999941
34.5649447944
17.2596060002
355.215228753
212.927725368
28.0722547965
87.1750281892
0.710919800224
8.62201759816
245.757404974
27.569312196
23.2694371974
183.747901973
131.217722984
87.7698873879
9.37507259875
70.5882427913
26.9148229952
492.224764144
33.9109227949
27.3240219958
84.910201588
0.689869799794
38.2980387958
94.5903185884
176.839643184
295.822737572
114.933938783
22.4165697967
0.26168099992
33.1484103951
423.782774341
375.230750756
37.0180185899
28.360993995
246.57929797
1137.97440908
30.9001629945
10.9133215993
22.0244327967
202.916678177
45.5320443986
10.347157798
71.9112049861
8.21624979864
4.51513199897
22.1210003963
249.426876559
95.2447087872
0.387859000016
198.639480178
3.43472219903
0.852545999815
65.0099011927
64.1086149931
476.788423348
524.465911732
21.3746149965
0.0850891999902
0.23169820012
651.519611521
2.81722519949
2.09499399979
30.9748195901
0.704204199886
65.617862187
410.84612795
519.474544542
525.967448552
34.9810499954
0.139324799978
4.59643860032
133.254175375
680.75560232
5.6584847986
644.219603926
5.3479171988
128.525177189
140.22161979
0.282238199891
23.1506627964
4.81488019948
87.2272109877
0.190416800035
12.716063399
187.202643767
51.6000291959
0.367947999843
13.3199917956
130.127057378
92.9170701875
27.760507996
49.2874315953
5.47096280041
3.90778439946
565.020768539
0.268905999952
2.07208679985
10.3224795995
457.829445559
2.33913299955
216.664146971
0.485584999956
101.567547184
1.55112519963
6.64373739917
583.927030931
2.15796559948
68.415659191
75.9970789908
44.4789117921
6.60650559952
44.5576289928
0.635467399991
0.594045800099
175.201189771
14.1759425984
1.56602299988
49.4393713964
974.858808286
4.48269899925
48.580875995
0.839994999868
4.93498019955
5.80317959914
73.3863661947
84.8962443959
319.740893552
3.87651999903
21.8668437965
687.623498507
142.142859378
2.33352099956
0.557298399894
0.0
80.4851357895
0.130315999968
4.73873819962
1.72148200006
14.2101465985
25.5140015956
38.0134047973
341.47292737
39.5425453941
1.84841259968
21.8843223977
750.818019318
0.692702799936
287.29940356
6.23188659864
1.84423819974
226.889487174
22.0005117969
131.989650987
183.237840384
2.54219099965
10.5906429987
53.0204551946
166.009516778
691.092853704
75.1806439898
129.013487579
367.799199759
2.03153940014
1.43216140002
9.9465061983
554.429992134
204.476768569
3.22847459921
419.537140955
0.0
4.26210099895
40.7863527957
0.0456435999928
979.973709689
207.387860378
4.19435059914
274.718573963
361.836275167
404.296828756
98.3753535908
143.515774379
102.913104791
745.694463322
0.0
244.143542377
28.4717219958
591.535396131
144.830391778
76.8471195857
116.644251385
164.988929176
1.98450479969
22.993480998
91.5313267876
26.9742849949
124.01965859
7.16322519889
34.3781425952
46.5159497959
0.995547999823
0.0
383.594128149
129.327117185
1.28010219969
216.260482782
36.0089615958
60.9370383937
12.0824731984
2.23470819941
119.286380189
0.523571999878
101.871244585
6.88319079896
167.713711581
28.3976067947
0.0
5.64744179871
2.16647119964
62.3037585944
5.94068699937
0.526464199999
4.37802659923
17.1854985989
154.015142379
4.1585715998
138.330996384
25.3887795959
4.30945939886
20.0451545983
254.124932178
110.984620193
5.30009779865
25.3251695959
331.735295561
15.0261703991
302.363177373
342.30769197
70.8465105936
1.48741719983
355.51201416
413.722201347
24.5876611949
152.582170983
0.547068199786
571.322010729
30.9228683967
457.071940146
607.38699392
259.163013779
7.37715359938
4.30945939886
22.9443985966
21.4019935986
172.172733177
99.8271035858
1.17591599956
0.21616159996
0.288841799959
47.4161295926
10.1406995976
129.348103784
637.42400873
357.023116551
190.389513171
401.660768938
259.51734016
0.670169600067
53.4679303933
74.5862601896
385.832263759
105.544518991
156.227529784
870.97605891
2.13339979959
56.1670075906
8.23702319935
113.675420589
60.3992447944
9.75760019984
163.765606578
516.190918746
1.76939879969
231.50478757
36.3883955967
6.90615819875
220.759578181
0.50105399987
337.839046754
69.1572771882
207.27698057
951.824481708
0.382759599944
0.88839919978
0.611307399895
1.53097700004
5.20511219933
67.6267263918
354.306746756
97.6911449885
21.9376405965
1.72911219999
0.0
0.0
1693.02484142
1.38464539952
281.317273771
826.381420699
12.8957873982
20.8618989972
5.6835561987
109.354341993
0.422445799918
20.3091151965
7.99927339915
39.2761585952
0.0445214000126
642.288184313
76.8277805924
316.503564353
3.27664599924
19.6983659976
33.383337796
515.890846941
2.51012499965
0.742546599855
3.49886059952
157.960589576
35.7644659964
11.0711413983
271.161123567
101.664929185
6.8405969984
186.186207178
625.035330748
2061.85947596
1.52392399963
3832.05327172
341.506419956
4.35280220014
11.5131081993
0.510111000074
0.343937799933
167.775332175
161.36185719
23.242023197
0.0
53.9970419897
306.146324966
13.1015221986
11.5103709982
126.27531839
134.769183186
3.4704871993
228.97307017
4.54600279907
0.118718400005
10.7338657988
4.09115499948
43.4043049955
102.012479192
2.48316679966
58.0572203921
52.3623767923
43.7677935938
131.465366384
66.2824467921
52.1348385928
0.458954799935
146.100942186
32.0899943955
34.7079155973
596.786938731
5.6633431998
13.8103883983
23.1439291963
22.4315087962
45.5634707942
0.0
1.22269779985
2.35138319984
67.3512141934
0.286608599896
184.046876578
0.204096399941
1357.86973762
374.524584344
35.948782596
0.0
0.349501400076
52.1095327926
67.0741763925
41.0804275928
13.1162539982
2.74345879992
3.01394179948
1.85994099967
172.168120178
24.7541569939
8.62336279814
374.185229752
39.1811923947
274.331941768
163.182115591
42.4023029952
28.8409533953
13.9403927994
47.2584657951
359.146459349
0.0
1.95372759971
16.8463095981
76.4701665871
110.877273591
15.926111398
3.01800079968
602.817374922
107.555247387
200.388574774
167.763993779
94.6979465917
77.3669743891
98.0920243862
28.001908395
12.4694833979
1.89641959971
102.677845982
3.80821359934
24.0741835968
91.0144457914
116.108961984
1.98785239983
326.239625962
2.13140619973
18.2250531977
413.383747548
2.8902109998
0.0870497999468
103.175344792
3.0906691999
13.7113463981
229.797436772
430.810723146
6.72907179878
491.482325129
228.967812569
495.751141337
1143.49413447
209.629291579
0.682810600045
26.8527777979
461.213485739
59.1379815918
1.42809959972
1431.96774642
1.39673200014
856.052161894
37.4187745946
0.136864000052
6.19902839921
0.693107600057
7.71767259827
4.58337859916
192.727928183
571.598093333
655.775190721
1.65586319972
3.40057159973
330.81941417
196.586230789
538.28293813
93.2821301926
178.247769774
101.932143986
0.915318000395
178.681135376
2.59050599965
178.541397177
370.334068561
9.35840099814
6.29283159791
0.784386399791
252.686356782
6.96416239901
2.22663919993
1.04392060017
0.0
6.90708719893
3.32367859925
4.02081779901
110.193843585
44.3451455936
0.0
2.53931379942
17.7315001938
303.79549716
80.0853079918
5.85784159894
0.649097599916
24.5425665967
300.227699168
0.639303799937
12.7149973975
24.5370257961
11.4998885994
4.2371269992
3.05536059975
52.4839099945
68.4830452
101.127923987
7.95055999956
121.265915583
14.7375053953
9.05604799691
2.95562479914
31.2429329999
0.0
401.182395945
134.606869382
99.5503817905
253.122139569
965.588306085
1.6024505998
572.900971336
0.257648599956
126.58180159
424.931543759
298.473450171
70.9725501917
0.16617199998
154.107527575
86.2047293899
1.50959979996
159.139898576
68.9459845889
1.71220039991
1.92219679979
42.2794639916
1.07867600001
8.51659939899
132.810080784
0.600675399922
7.19487639935
57.2607359913
190.908626967
37.4746417938
5.69059999855
155.426571182
165.498108579
47.2592569932
319.811699174
1529.75382143
14.9880027971
1.96515179962
32.8890645974
156.72032659
407.055844941
777.898965914
614.765942121
534.617738138
39.0990505963
2.1996327997
55.579395391
364.489246372
138.041617183
128.566124785
681.779918118
0.0
0.865102799773
2.03622660003
9.81945739842
17.4107793989
0.804679400165
3.77610799949
42.1966905917
493.036405349
164.070933776
44.9341055947
62.4313655912
296.453251961
392.817747983
1.62695000003
394.197091943
27.520127199
103.219001585
0.181389399988
1578.69004922
557.371465551
1.26297519976
555.064508327
601.602993938
0.567749800296
0.42165319988
2.06902599965
24.8369739963
3.2190827992
27.1836341961
155.577542184
0.892582999778
3.27576039952
4.42149159942
7.46526379891
449.575043165
2.69512199951
26.7669087969
108.571569782
10.5213335985
1.71209959977
6.69783599911
59.9742211951
150.86304159
41.997189394
2.55850459955
75.7609503863
1.9231129996
218.719414769
5.66093779857
45.965323395
14.7562391971
7.0861283986
14.5140855982
1.68081659964
11.9906109985
9.01141019844
38.6472811947
7.75175539897
83.9019053875
1.82973559974
26.3355559961
4.48393819922
372.118432968
381.868850756
708.863535508
27.2023987959
539.101118942
194.970433379
98.5490581889
174.766486975
173.140261975
2.75877019948
476.303188953
271.182464162
0.641190599758
23.3894751964
0.973296799838
2.6577288
3.63233059939
116.802425983
154.670798377
366.731413971
2.20091479991
94.0950301915
61.5658277896
63.756687989
20.6488385978
494.223917129
3.54862639913
573.651639133
8.31386519935
1.90910199961
226.092740375
68.9488193909
290.330327358
547.278443932
1546.94874084
1951.12275499
56.6557773928
1.93682879928
9.85624739765
431.659402544
163.749180976
0.0
76.9978603871
3.36087559979
257.733872167
4.27756539872
469.56006494
438.057848347
104.181960594
0.118718400005
2.38276279978
34.4692797957
8.75107439804
81.5231427884
9.37604059846
451.22832157
101.830445981
3.48506579945
171.729001984
2.23477259998
6.86509699892
16.6515469974
156.181250581
3.94137479919
3.28485120013
385.336025142
74.5720629917
84.0308501889
175.074554977
2.40649079937
592.511740527
54.6168409918
11.3050975983
1.43875759977
10.839042198
213.582634983
470.431847942
3.78471719954
96.309236592
7.09419659859
3.49769919922
156.705701381
4.21788919909
29.532516801
251.725481166
33.416249394
190.356711973
443.615745956
7.34116939914
1.78424979965
0.244111999852
0.349177600182
149.247403979
42.1060529952
17.7621999967
3.32903399943
28.2381169956
390.378746944
131.440778383
4.46297779986
8.19290479852
326.300933363
757.075861519
14.6811113987
5.30249079887
59.9755991949
847.82274809
16.8102149974
0.0
4.72010039952
7.18498679895
4.43370519912
1900.0662568
33.1750715981
6.73641839946
177.389167577
624.364720925
28.9434393953
33.3516555954
3.63128059929
16.9005165965
130.215274383
0.0845755999746
219.689298976
0.0117841999971
794.17613592
4.41695339923
30.9176715951
0.24455959994
251.278103366
676.478050508
476.63525615
0.69340519996
0.863690399815
8.13842079932
3.26425799933
1.21289379989
17.8209205985
390.552928542
914.770200086
1.71066059975
807.505738127
97.7581335894
51.4047587925
109.36944399
440.276126953
500.861049341
0.221142999891
73.2533095889
114.678928996
4.62000479949
0.892993199822
105.481884989
25.0366633954
1.82826860011
200.243713978
29.1826611984
121.109077982
79.1290249902
46.5880579919
4.11096959918
37.2665409981
12.0022905983
5.36080479929
555.589493332
916.496520512
15.9140235973
12.3581997966
52.5573739932
570.087228136
123.340605981
574.57341133
126.860174983
410.823934558
69.5856167909
154.624075577
114.733262985
553.856158537
224.881883972
8.25181099876
297.856216579
24.1846699978
93.8729873941
66.0242111942
52.3537921921
541.61507772
12.0594389982
62.4887279923
77.702278987
375.052441364
194.976650172
179.054157582
81.7374571919
13.8077357982
0.345584800059
251.125830566
171.038112776
2.25392500011
230.426765181
35.5682131957
2.56309399999
11.6021149984
81.2484611906
12.2609391979
527.412947736
46.9081205909
119.520408192
25.3166967962
33.9189233956
413.343968353
6.42850119894
61.3632053918
7.00056599903
368.15777736
3.10856059952
659.943263525
70.150246791
99.0114823863
5.66671779939
23.8086277973
37.2587661947
11.5992079981
35.5004887932
70.2170619883
2.87289319986
1.77509739976
89.9228013901
3.38728279949
68.2117837948
162.908617379
0.18119380007
273.910299766
412.12723755
37.7852807947
470.566637739
21.3435653974
74.6442539937
52.6198521919
183.768068982
2.10849839976
344.33694735
337.82975136
1.19217139955
0.265073599951
76.6974551933
25.6652037949
1.73390080001
30.977516195
22.1210003963
217.974868367
66.1881197964
170.514369778
567.651235733
379.314398563
6.07062179932
431.410271738
1.20412679991
2.53222219957
257.782039965
7.43010959926
1.81590179955
1.8503264
614.940508142
5.275921399
1.6376125997
3.86834079915
3.08589319941
44.9078709958
0.893918999797
27.066433194
3.97659379911
302.26114535
0.834449999886
5.28196499901
10.7457515992
0.9402218
12.1863827976
40.8984081952
1.90389020013
130.660226583
160.429772776
117.624143784
23.130622596
29.7777247929
187.344310573
50.1438153932
529.583807327
39.7893919962
13.5622353978
38.5010371931
22.5153525965
494.637721956
14.2249997972
2.42116240026
0.0
0.120708799996
61.347653191
18.191328197
36.8121955934
153.210419992
107.366089991
16.406505397
24.789628396
45.7778517927
166.131795782
46.4142323964
74.4861357939
160.780806578
60.6455053937
85.605923989
42.8008197922
48.5139495965
552.731846533
1.81533639971
0.542204000085
122.71937479
3.11740179895
202.094672971
107.34604539
194.78542536
36.043588398
708.594112534
449.391300742
14.6946325988
22.8051975985
531.088808535
1.08868599991
35.2605791894
230.602898578
1.88510300011
48.8960757943
22.3556055973
0.839845399817
4.18550619879
59.5311729919
0.0989745999754
0.745633799857
0.0
62.8347335947
85.179169385
501.091168545
24.7014305959
0.457732999906
943.886828468
0.315290399935
64.3284807971
6.35844519784
3.43383559924
1.77228579981
609.039905913
1.94969499972
88.9397303876
31.6036563937
400.611153567
584.68236192
60.2550829918
56.0635919945
61.137050591
1.37109559988
277.20335417
157.301200182
267.710497562
4.83983319854
1.14567779993
27.7982143937
4.0111969987
0.0
221.678386565
79.9180387881
2.19136559969
4.58370779912
31.4888251979
5.41883359947
3.41953439966
652.774276722
29.631130396
254.798806975
51.0047903939
208.651037387
198.842851177
53.2568283908
1.4990375997
10.193373198
32.5286395947
1.07227019988
202.41722998
1.16362519996
6.46577179891
2563.27764729
8.23173800003
6.83894019846
52.270409594
0.0
0.219361799933
21.4132335963
0.379843599874
15.3838391982
132.67932718
116.347801986
151.346407376
92.1299119819
63.8088349926
3.67630319888
141.841624986
2.66784499956
579.013599333
205.857017582
1.95110399975
0.0142467999965
112.374001383
58.6645527948
107.038001387
78.5345557859
76.0003723935
5.50938379982
32.5266879965
413.480101347
110.436952389
8.16626739864
703.400972709
748.475489303
764.845395722
0.636956000017
0.971245400028
3.69187399937
0.600949200026
59.5148655929
121.34759838
0.637878199787
35.312925195
1322.90313265
180.518127573
67.7615671919
175.600856787
0.257004799985
69.613201196
41.0138143967
0.447591199884
0.883682800033
62.2269765949
146.444411181
43.3801363928
24.2695289958
164.066292979
224.479663567
84.4462523892
11.363895799
64.2314295904
18.0716343982
0.0
220.413575774
295.895158761
3.49646459941
10.4191739987
29.0551907971
2.45884819952
788.368453686
271.21158416
49.8605903957
9.08921780002
131.007703983
0.199963799878
5.29699979962
49.9901713902
3.45134019981
207.144935584
6.39682639876
480.956637948
7.42453879975
0.0
148.085144789
78.5281781914
57.5443597926
1.63116759971
86.9316407874
78.0073719892
7.52020279855
0.428625599815
23.1416519963
4.02431799928
38.2195001948
296.800650562
0.113593999993
76.2632023922
4.37671139913
0.94217239981
278.893527765
2.54940659947
305.23221257
123.213041385
2.87064099883
102.784183783
13.2332485996
4.39708079939
30.0805487928
930.911052091
105.584166786
23.6010191965
386.190026159
114.491763788
26.5528873956
360.929062558
24.1936981963
25.7167147955
1928.17154199
522.059141945
34.8995511977
4.60785539962
385.87965115
286.417555759
17.591202197
9.5063705984
47.4614481993
0.732726999755
433.67009835
36.040022198
729.330350341
45.5936725908
21.6826997966
10.9907269989
250.081679563
463.312817142
0.143769399973
1.62442279977
3201.53573437
331.335793769
119.919260578
2.06672100011
4.89528739894
1.14845779992
465.066129153
151.080611381
17.4581669971
102.210024989
3.34477279947
51.1265301913
198.048824381
12.4225093973
6.81809680048
65.267633589
0.0
791.45882147
11.6971215974
624.764117328
2.06026299974
13.3019887979
408.875152153
149.676251186
505.301031321
0.945004199663
178.554422768
18.9366487982
5.52467659892
75.5135989907
71.1599305913
234.902407561
356.664344767
0.036426999991
28.4790455952
2.72316219971
35.5562825946
1.51163759991
1.62303339975
74.0400381935
2.62948359995
211.356760974
39.0562875932
0.127853200031
41.8929961946
0.584456800092
2.84178439959
100.996064383
0.957464999598
54.1011881927
18.0203867956
51.9023831941
0.440037000077
1589.63209022
604.844827922
9.96775199907
4.06367359914
111.660074985
58.6523677911
359.003926344
23.5392843999
77.8281463864
4.18663079912
3.93222880014
5.86673139913
6.32329079978
218.418596771
9.93548479804
17.4241913989
80.1675137953
34.9668691936
18.6488593984
145.645983784
0.0
1.32792099969
22.6327701971
3.75920019891
2.77763839985
593.677019732
0.0
718.026039111
233.808699567
435.236208358
40.4988451971
324.564449959
4.8993819989
1.67051039948
1.92482179987
420.050765147
217.939950976
33.2607323937
1.93931179979
547.596708135
3.12932659913
26.3635235981
61.2475187938
6.1322115989
36.2256311972
39.3441081941
205.300636781
1.13304119972
153.963583179
83.1661821937
71.3646847913
3.79532999906
66.3806427918
2.83179239943
25.5808637971
226.862935167
35.5453473943
83.3912453807
16.4452199961
3.18472999981
115.861435396
0.0
1.48443959987
146.76805478
10.4564131991
20.821734594
24.0767223954
648.527572123
67.0038423888
35.9421899973
180.937422573
696.533301115
12.9592743979
178.056347374
6.13928819937
0.468872399918
4.08254619953
0.921389399857
8.56103479888
135.265049982
5.37145499985
62.2554619918
2.2536025999
173.63236098
1.14668139998
236.139253575
455.714066144
4320.95157728
25.0717123963
456.550854537
23.2141085961
114.439164395
3.78274879929
1.91174819984
47.8934557922
452.591767949
558.369994341
290.566526769
915.830919077
8.09416979905
19.6785777963
70.5448373883
32.958899595
11.3034811973
113.597232381
0.400825399866
9.03815119898
2.23105679965
99.6365947867
17.1033681974
22.8391203962
30.6210537954
25.6634447977
27.4459539953
3.19601619997
9.28790579846
7.52043259877
132.466273984
148.463906185
4.36613799926
4.48173639894
1.79974259972
23.7344045961
75.0831245886
137.220951581
30.6517235962
276.82926659
0.0
35.9741497941
71.9801529917
652.215066927
1.88212359972
795.505616898
0.0
0.288903399935
30.4278985952
65.6981227925
2.66701499936
0.26493859995
373.15740856
61.5882063907
51.9834069936
9.05391919864
1.71739419961
8.34071079794
186.035532984
58.1716655935
148.506702579
195.322098175
146.661076976
33.2191777966
1.7648661997
67.5869247938
201.272225374
18.772190399
60.2854895931
301.677818966
3.49769919922
48.2654289923
0.46574079991
4.22073459951
52.4350057955
7.75415759892
152.691823783
0.0
10.9025453998
3.13418899937
2.95330279939
13.9702349999
0.545145400053
0.589992599886
140.956943792
3.16321939971
0.379744799885
51.012973393
97.6130721858
1022.29189247
0.0
89.6467267885
39.9037791952
0.608246799804
33.6628817941
0.760283199933
639.525910525
25.1740393959
374.441398358
41.9330665914
84.380741788
446.855539549
110.142713782
74.45124719
74.7716145937
158.100577785
4.11975659987
1.73320299978
49.8751249901
200.367844169
126.812494984
139.857433585
0.627697400094
35.2008863962
543.230432341
721.481142305
962.525351279
1.14156539992
128.547842583
46.0741181949
40.9749229959
59.4347999916
24.7822215929
2.94271379957
43.3389493961
360.428893955
18.4196977954
3.26238979972
102.996705588
152.663861579
201.023436385
2.26727479953
21.9269709961
22.1210003963
8.29953139867
21.9138873959
1.57784259972
5.76126419909
0.689013399712
434.254048551
317.850333372
26.1131923945
40.090568796
102.964225589
3.17059179922
0.0
1030.95879628
21.5271139978
3.58484779949
6.58089179903
38.6428999947
26.4204557955
113.925705183
13.9545267976
1.09347780006
1754.37632799
1.16569600005
9.25007339884
28.2329645952
167.659013577
9.74315699858
19.1635297982
0.157259199904
2.44894079987
270.308722964
1.80514699973
13.0694011977
278.887411771
14.9623251952
11.6890217992
161.727721976
81.2415501914
0.0960083999884
164.270772178
1.16467059983
0.0
426.572379349
0.131654599967
47.1726013946
20.9947371979
36.4183731947
38.1576975937
25.4431885964
10.0316355978
147.478672784
3.66313979907
1335.68778386
357.255095558
6.78108259918
0.761230599875
0.960346599962
3.58387579968
245.893939368
128.545009776
0.925432599639
69.8493803905
434.446614157
0.917784799819
11.3368053969
34.4873903945
141.346754985
3.29826399977
2.75327139939
3.49214899925
206.902200977
0.0
0.279681399922
91.8487965874
53.2725423918
1.30442399998
23.0635273953
9.03795819829
91.208024186
177.515043776
13.0297265996
71.3628301907
0.0
269.314484366
4.21648079909
427.885425554
6.96639179927
8.5384825991
0.189481599952
36.7076883941
1.39500419995
70.4360877898
184.469240375
41.5981831969
1.76337839983
2.07947100001
11.2491537981
22.8932359974
25.6169409949
120.767687189
47.7512737951
1.15565219989
75.2073967907
245.320372974
207.025450379
8.62766679829
0.0
128.402202779
395.043928947
58.4148571891
131.117752981
356.877921758
18.2794988007
6.79542439836
139.67264718
104.189906787
0.0
3.69633059928
107.56893559
2.2468607997
22.4232717961
1.20920319975
51.3964417952
1.53779800016
38.8792641954
4.14413679958
15.9997951977
47.9100201937
34.0779435962
0.0
496.749152733
14.7742383988
157.175159589
98.4747987886
532.76882295
365.380616161
20.5346423954
529.337031139
763.683823705
5.76686999947
1.18672759987
2.17546659971
294.541709376
17.4308043977
0.760349799827
7.38562259893
305.287428369
2.28890779974
2.23452779948
1.73555499962
233.777917163
6.9698467985
132.930349583
69.4619629916
228.327028778
2.40398999972
234.885769548
288.035566164
27.119588596
847.367862281
3.54497759966
4.70840959955
21.9156005963
8.42733499859
50.2549833928
26.336319598
508.151181948
409.746530343
4.16738520012
134.11758978
0.0900493999456
27.7536111953
0.226608799955
1.7014005998
27.585184196
0.480274199932
194.725155978
4.35285719924
1.38628959975
0.504171799932
295.14328096
0.448329599875
0.255639199966
8.15023639888
615.022858135
34.6605725957
56.2177007901
86.4377455867
562.888992528
0.569090799989
145.831712786
65.0558685889
15.5371655984
42.3859091921
18.8527693976
6.28111119921
1185.06157749
22.1210003963
11.1614807995
3.39233279941
2.54648160001
133.257906176
9.61191379842
0.0657892000342
20.4285875988
5.06925639873
9.89133679907
28.1934339972
24.2623117987
9.6298677983
90.4124397907
241.191558359
1.78182519962
230.913447172
1.95673179976
437.877192347
16.749237198
0.0
1.2780375997
12.7018931981
26.902871795
22.5178501963
7.95661019828
584.42654074
17.4195099968
354.724226953
626.263726529
27.5090427957
4.12233439919
175.696179376
57.8662243917
615.768706927
66.6272983898
1.6344023998
26.3491309957
425.869673562
221.948607983
21.5192331964
6.18265179965
46.5456539958
123.10652038
63.8436203902
12.0012919973
3.00546119964
0.878414199853
31.8840713976
1.99467219974
1.95121559972
22.8800823965
12.898177599
1233.74225066
3.32563539934
327.84015557
365.245447568
2.20457579993
1.94079239981
0.365779999881
320.76207597
5.62883279936
108.811892389
232.125224367
0.26476159995
125.262547384
13.2886579969
367.179103564
0.096933399976
8.88562499913
45.715698593
7.40834579845
23.2610045976
208.617981367
35.0408091947
133.988891784
5.88230199944
4.41919440009
14.7226587994
197.194518579
1.88096359981
79.6312823885
1.83890359977
7.34569599879
117.058619385
5.04300600019
29.1676037976
44.816915395
180.88988378
0.636296799926
323.468395568
227.016712575
17.2644019998
3.7827523994
5.22127179949
6.42069079911
25.4667185975
587.283713715
14.0217561983
1331.31417945
2.30288119952
0.714868199838
2.46196659985
22.1831079964
101.435658382
1031.06417866
14.4722561992
224.632167976
37.2546733925
674.225173903
400.133702748
2.27112059985
5.0640281998
19.7985097973
18.9097761983
1.64337779962
2.29540539973
6.36062639928
75.5771261894
15.5097365971
5.46104459968
9.18171979781
574.187401523
28.6699309971
0.227183000009
68.1904987921
32.6689395945
1.43928779986
53.691130791
54.5637683902
156.291680374
3.37173619947
3.36470479991
0.0
49.0962905917
62.0540919917
163.003170575
68.1637843901
50.9425033938
42.1256827937
404.601096553
15.2671717977
66.1469135928
183.890435169
8.39614859864
65.8738323931
531.949550747
126.057860383
186.485531376
13.8682725981
21.7079217972
168.679565379
108.695389988
18.2639445963
4.84828979853
9.04795839905
7.73641739956
50.8360579931
489.980128346
37.5070827988
42.251377995
244.913209965
123.756099985
10.8444149981
478.420873145
201.797456772
1.09301699953
0.0
551.258025936
1.48626480025
8.88916039937
55.3333265967
711.188947333
20.0871623995
50.1688655945
0.0
28.8440199958
434.605533358
53.6118703951
8.77055919792
112.780484381
36.3276777931
390.283976149
1.95335339975
6.16270319852
8.97803159854
20.4853287959
24.0541935976
2.4640701996
247.070392181
86.3864041833
5.39459359874
266.07871936
0.39086719992
462.511452148
283.309869751
0.741774999969
560.884085932
236.679676764
198.066629784
1.30444399976
100.953549999
33.6325761962
21.9156005963
89.6808139884
0.193289799882
27.6525085965
43.866697193
2.37617320008
9.40582799876
34.6076601941
23.7069493959
0.515012999861
17.2172399986
5.21809119894
437.448178933
25.6011643958
1.38705539953
56.4065061914
10.7689693989
74.4210553928
7.85430679908
0.382304799923
2.4537487997
146.935225586
27.5835537964
104.184405786
2.75457019957
3.0415675993
308.251423349
7.16401559922
21.8070787977
4.91212680004
6.37736540043
0.214231799884
46.3031777931
10.6004334
178.361746386
27.1822431972
1183.99895766
553.209045753
4.33463599901
1.61489479974
552.299520721
588.874919327
22.9649065964
6.55046499912
179.433948173
1.79396139965
4.7457865991
744.652653915
40.5200029942
24.0036395961
423.661674347
449.144011741
706.393034504
1.66164599978
2.99698520039
7.44858659825
29.357730597
2.41328819962
49.9565901981
26.9160805956
347.978985958
171.410805979
178.863989988
9.3092807997
4.41101319894
3.19248679951
26.0655083963
27.7519465954
128.176860385
15.9605675949
6.54156599914
10.2749497984
141.631209789
1.8500913997
2.42419479969
333.363336559
45.6916663935
64.4674743942
37.6676073946
1.37081599973
3.52987319916
1900.51758137
145.37354478
112.615815981
45.7709567936
52.6666287942
335.171708348
26.3831313977
1.20350539968
475.297730955
0.0
51.0634175932
173.844797586
260.83924877
132.411904979
68.5851355907
3.10551179959
55.7909063924
111.955434593
1.1937786
18.2209919961
9.82747119871
47.4162795953
331.085510555
3.97985819968
537.789523945
3.99632680042
0.895070799738
70.5615715948
62.8608787891
895.520425098
299.090289968
37.7679299955
87.8656195846
31.8547777964
70.3375431919
289.856490759
40.4911895933
40.0130951954
7.87346299929
14.6663203976
54.3833179897
3.84539579883
78.0875831895
5.74251259888
10.6367359986
0.422147999952
0.0
408.156972558
0.437452599904
118.161766385
116.222139585
4.72660739915
0.0
508.948773128
4.90983219899
19.6671901986
7.63029599833
0.0
38.1965313964
406.853375552
9.82555159803
3.9988041991
5.17093539951
58.2131745941
56.3062249902
177.922628379
81.1620711887
0.781712799949
11.1567844001
3.62613999954
754.459398711
304.552726168
4.69580719929
2.05447719981
2.43841099926
3.47311619884
2.46967359993
128.667183781
0.0
10.7225513986
96.4363119873
36.6136699949
16.3781907979
0.0
5.35627039907
28.8639057953
352.92399237
0.0
2.35704819956
335.183438957
12.5042937987
10.7408049984
474.972511147
9.6733879997
76.2385973907
25.3234009966
117.959565785
123.537679388
6.55720119885
0.531502200088
2.12729419966
651.332986121
14.3003419967
597.587752148
1717.57161043
0.91377899973
126.977659581
195.755751174
17.6961555974
0.0
420.064432935
3.64028699953
0.863690399815
22.7717773965
18.9918463942
2.56673079986
193.754978176
19.4885353973
251.09040198
65.3535489919
263.616253367
51.1713293957
289.185439364
48.9715625928
137.995340182
561.944898526
41.2068899975
16.2948503998
135.594271986
41.1923729941
186.421507564
406.242487752
63.0648709916
44.962712393
187.148572987
20.2623647975
3.26259539921
0.503831999888
537.725023532
0.408396399903
0.315974799942
117.407719986
2.5620861997
34.7974061968
1.50819599988
1326.49147864
83.8330345929
81.4183167871
0.701940599955
143.47289678
0.401200599903
62.3404627938
50.1154005935
139.007502781
0.515286199897
1.01236619976
132.967718588
3.41359579973
5.0650683994
94.9078453874
19.1456357987
0.218257599954
12.5267007972
0.0
0.285671600148
0.0
4.13722679865
106.173724386
0.0
109.506635384
409.226916359
67.1992289953
4.88785439913
24.2265785922
74.9521675911
39.0977089949
9.82618059835
2.17791659996
72.9352907897
50.6050067917
855.614909109
128.30973679
7.69712780009
7.81570139938
47.6157059967
0.32339959994
454.729477952
128.702663381
25.5893781961
1.95871559962
0.0
1.32465579961
53.1607215874
12.308391398
30.1327347921
76.2975329875
88.9596567871
390.556132565
29.8996131962
135.937975181
57.2864431898
2.09364899953
966.281534296
452.301438345
7.55606999843
58.3233063933
371.906495959
21.3726543967
25.6187975954
0.191733399883
70.1416261893
17.860461997
0.685360599989
28.3452597977
442.173994546
9.89245859789
890.344939511
3.8272507997
581.375491932
94.6438869882
232.747870382
0.57018239989
21.4478667965
106.998707189
33.7363191959
296.352922353
3.16673759939
5.24728480041
6.86569439908
68.7316413908
35.8681393965
26.0503217961
6.69781439911
130.293865379
0.547239199935
25.8232497958
232.422164976
4.3781343991
51.2144727935
12.3514797985
41.8174389972
213.140959368
197.049667972
87.1583257898
4.38345000041
390.462586951
97.9070419875
6.02223699993
0.693489599905
133.483152383
51.5806511969
76.2049117951
5.06534199928
22.7864799978
3.48266599949
0.678630399996
0.822644999944
0.244419599915
1317.09009546
180.840502373
5.25696279929
0.139324799978
35.3870313933
161.815321781
7.69892019947
480.355961934
1.11977059962
945.243067695
145.714234789
24.0490381955
269.561092966
7.97277819886
21.4515955968
1.59179779966
98.4635437897
360.338688157
77.7177735919
0.178111599977
49.8142499924
0.691765799948
3.57009739919
1.25257359988
2.5897063993
11.3157409972
40.3841989941
5.55897119887
26.7559491976
3.81353779934
6.11486699943
40.9799155962
581.605987546
3.43565760003
162.903048576
5.57586999912
38.7021135941
141.102818576
2.88516579975
3.67863979929
371.096878751
154.318328984
20.6496079963
1.54568799954
25.0264265963
53.9625527925
1.10559419969
170.167705184
91.3400027908
233.142725979
25.1484421965
0.899370399811
143.57962098
286.654951783
8.11971079871
1.54269399955
25.3510013979
10.4647347976
0.907235999943
86.138745391
149.847314177
183.94977537
155.438218787
0.402197199861
553.466550137
1.79871399971
52.7877813928
3.57397079957
643.209795738
1.92219679979
8.62823859871
75.512574192
93.9302115954
113.210437988
6.62042060068
59.7864309972
991.467302079
3.63733199914
230.392429372
357.228180357
33.0405803969
7.06473839943
2.38995799969
387.492731364
1.31813819978
0.204096399941
59.0502869947
0.0
20.4363019991
92.6214401879
92.7524675852
0.69827939965
13.920795999
6.90615819875
1.09934700012
1.92300379955
237.911068769
135.897629183
102.981562583
178.60179077
468.510577952
127.365787784
3.43965939956
117.061586186
3.67403199941
1.84515839985
3.21737339952
67.4697935917
29.2711993954
4.34071979941
523.915064143
3.70550319948
85.0635903873
2.98534079949
10.4054953991
0.69340519996
0.631949599882
57.31794439
5.49671259993
1031.89421348
454.55237475
102.869881589
49.2044907922
1315.87141462
27.9325837967
603.531532131
89.1029287877
119.233470988
67.1916301929
24.3736175965
0.0
0.970331199736
10.2500135987
2.59404719992
354.540366756
8.32300879978
0.289522999966
1.21783719982
112.248367586
132.972433179
294.268652766
1.82605179975
89.9895827903
0.0
415.063323747
749.596123707
24.5517597986
0.0
18.4757541967
313.694198774
0.893367999991
6.25665979924
86.7826127887
0.930422400127
49.2386713947
5.25419299984
109.47323658
131.544343173
0.0
169.909427986
318.114651771
766.062619886
156.405485567
0.924441799704
48.3760289937
0.0
31.5403595948
5.62940339938
438.40384355
387.709108348
137.224580184
7.08481379949
8.64317799929
156.013347585
0.175934999996
1.21153099962
20.3894619963
23.5578303979
435.213286753
38.6458181932
67.9561007887
25.551898597
305.877734572
35.7268241936
1.4831775996
660.191539725
9.30828259987
175.588287586
30.5783677947
7.49545199905
467.564682951
94.3194999854
0.156251399971
0.219361799933
8.06710459955
442.608130342
1.23408680041
1.96363679978
0.927238399848
237.423708779
9.15824279884
504.43758274
26.9712175988
16.1209277949
0.0
443.285251949
47.8279629948
161.169122575
75.4065793901
39.9806965923
406.462623917
434.953885348
54.5408365927
5.3521505995
35.8201359947
11.4612361993
3.5201711996
335.533787555
139.421556372
50.9068411948
0.0
3.98402439942
79.4381067899
126.544238193
8.31956159829
0.167217399964
5.64118459966
65.736383192
22.8076983967
0.167217399964
15.6104305984
1.48570859942
1.96515179962
843.282077499
519.796735348
2.5955533997
240.060906575
204.016251975
145.259812987
15.0643055988
283.458109368
297.138768579
10.6446265987
26.6824275993
156.662583187
454.586548351
82.317008587
84.2991929943
52.3627893958
68.9102261898
1.66184739974
0.182429199889
3.80773919909
39.6614841936
4.57109419877
466.510382353
2849.04724225
1137.92175505
745.661827902
88.0067999882
275.901609178
35.4374771938
2.52866339969
8.77062419863
136.384421182
216.010369167
3.1487517994
613.230306717
164.463401778
428.006377348
0.0
557.946795521
30.9039949968
3.45121539985
14.4526899988
3.95109139944
0.52703800014
278.003599758
207.323326375
26.1509935958
1.06770659994
470.856353153
100.222873984
24.283106996
166.94135578
162.720399792
0.0384265999956
1.44757259976
36.8685693948
16.6923963972
288.351637165
0.0
18.5226883981
236.639637968
3651.03486653
214.015935182
504.940686752
463.675261751
130.96658958
5.76024359883
95.3831639851
121.246172792
2.95714879947
22.6120465966
52.5741863916
1.10512499979
31.2133797958
3.6134995995
7.04591939889
0.158555799943
5.78118099888
0.437771799831
10.9033111998
640.825315341
113.93455838
25.937162997
145.916810577
8.98013719734
3.9501227991
23.0521907963
106.759855791
161.551430189
3.23480779929
1.67284699993
85.6222991894
59.0646193919
91.3288719853
0.89829379973
12.0700339991
5.04978299921
75.3608129903
16.9840271977
102.878027983
115.224006195
113.909096388
107.854433788
196.818749175
408.851523747
5.64150079919
7.18298019807
61.7878105966
0.0
1182.21284185
44.0338243946
204.490467773
256.37456958
18.9493397965
68.5523971869
61.2942687929
2.17260679956
115.240252791
24.7276653961
303.178906761
235.465141368
18.9902260001
486.30808914
12.0071209997
121.091422183
19.133058599
650.90886172
0.370960200009
498.584337735
605.068645128
3.4618439993
416.070203754
82.6918449899
577.436943939
367.127300968
287.96888717
4.9019177994
0.824373599774
5.53656659943
24.4796851965
748.647666701
384.103722353
67.5075371924
27.7727253949
0.0
54.773153592
396.491081564
104.655486389
0.0871495999896
0.443770199813
17.0928313981
26.5834081951
0.0
590.667416131
113.700307785
189.264416382
8.21354879861
0.62507259985
0.593988400147
30.3435277995
146.336262584
380.075028756
51.2518249951
4.89307199949
23.2128151963
140.076291582
72.0581953938
20.5920561972
27.0811523958
215.56074077
6.40923680046
26.2998857956
629.615648329
0.0
6.95004619942
11.703537599
160.56015718
528.580649346
88.7795043885
106.608392385
1267.92666204
164.247717379
448.76850213
0.0
44.1016655919
57.4132725912
112.665549989
36.5782303959
525.055157142
55.3811711947
7.77423939889
157.937654178
43.9807173964
427.604502755
536.985892945
153.722460773
424.068379141
507.501950942
168.673555375
34.8903791949
1126.58050905
49.6681779972
31.6822961945
253.250950178
591.476040113
65.3697015898
386.166609766
191.097000782
348.036251968
5.58077979975
17.6373779976
7.09287999844
223.560440978
136.180136984
1.71294699974
2.22483919986
129.91547459
117.768796992
0.0
362.38249836
3.3580109993
0.0
62.5627587909
0.257295800031
0.179566999928
38.0350439962
1130.02939567
1147.42001246
22.854034799
93.6405395823
37.6467855931
4.85565999914
8.85879259864
2148.70862316
307.258444374
3.27834619961
103.195645384
316.252168569
686.029386729
86.52238239
369.627105164
0.0
1017.58927051
229.877435964
309.654694571
80.962718583
3.24656520024
1.02490559995
2.79863599969
475.362506151
97.1903183846
26.2857977953
4.1362599995
84.3541817889
197.862228577
472.574372136
7.38041919834
5.3385647993
9.72795579916
1.94969499972
0.581857800005
4.83387219936
10.1636341991
71.684402589
2.51371019972
268.721112962
318.411102963
0.241230999961
22.2992747964
0.247090199948
2189.75227297
28.6943205971
161.111259374
3.88123439983
2.00787700001
6.34497699864
373.501792366
58.7244559891
111.195937984
466.758823747
2.19676439949
26.400935196
0.0
79.4135719894
21.3918215987
47.5501485925
471.657610531
675.834279121
2.66784499956
22.2841737962
25.2615441959
3.63440840038
5.93145399881
882.194149713
160.023596984
0.0
24.4822193967
30.6896311935
58.3135935912
4.55184359903
508.475200135
674.903945714
119.131199178
169.484160188
1.85643399992
245.361974779
2010.59497976
23.4540913963
0.71687299988
718.216149318
158.996769372
359.759395371
9.56925039859
30.5886775962
324.653884357
811.445751308
7.54872379825
57.0140487905
1.67806779973
1.88089759969
214.810680375
76.7954405897
128.974788987
326.851420558
129.825779986
19.7791371953
113.850838183
201.445731168
73.5584265884
66.082900795
226.126434374
18.5812055973
0.124025399968
8.22360319899
82.1917833954
5.44508359981
3.28815359963
28.5481607955
32.8619327948
0.389109999907
31.649737196
618.219259131
6.70341639901
353.11297335
43.7358367936
0.0
0.130413399978
16.1470243947
480.069575149
0.0
157.140929976
778.258166319
223.193535359
152.717431388
643.850000328
219.287560981
398.890011357
52.6843955886
0.325201599957
56.1270401905
5.45206499927
14.5700785973
40.1766793929
6.7366813984
138.631605979
343.460975969
107.642186385
32.9179753943
99.4178059844
138.16873638
0.0
220.317043563
247.325466576
59.5659237923
26.9038693956
1303.05833745
92.6822173923
21.120900399
178.283068375
8.44275619977
157.207887992
192.887414778
4.5937601994
354.566829356
706.652393115
11.5651699979
53.9674975909
167.563326568
243.329270774
39.718648794
132.495582187
43.9165221929
9.25221739849
37.4252163942
113.483939786
122.630333781
11.9884265982
28.4214573965
498.630653135
3.94835339931
60.2866609907
27.2973577965
195.388282573
816.714411506
30.4941027939
11.1346647989
112.000145986
2.65243859928
471.576807755
10.2220693987
42.8363021948
73.279638589
2.22973819968
1.61886199963
4.01097099921
268.235741572
3.36773299955
1.7497821997
66.4632755926
0.0
52.8913729923
29.8107985956
50.3647209912
21.4917169976
430.425702356
4.43529579917
0.119418999986
370.042014546
594.775922521
365.030318348
47.4418905929
7.48281620134
36.0402327966
467.930294128
141.668533366
92.0646015889
279.280114973
4.61765279972
3.35308279921
26.882064195
91.0796963974
5.71600899926
167.816887176
44.9632239935
80.5871583971
398.522251165
13.3980933972
489.194077938
0.209718999932
0.0
80.7389091887
233.091363976
156.22506539
27.3033711959
421.605541555
23.7069493959
53.8930093936
1.43940579926
1233.25186484
381.380364756
0.761230599875
1.97398879958
0.176598399956
136.204649584
7.88058559913
0.536310799969
1347.61940645
0.0
20.6147723976
66.9520845907
26.1922105952
54.8339547917
415.691714749
1.46893299996
590.158145929
24.0490381955
50.1184727948
479.588657329
1178.03499747
6.31997139885
220.413097773
40.2517203965
5.13495579907
468.474696544
12.0337375978
25.2545139965
94.0739005884
0.303601599879
0.620401999904
0.347190199899
3.43877339988
161.318626381
73.6804827927
0.721109799772
73.5371053894
109.022430788
35.8706075952
90.6433625897
6.30570559908
2.64893219933
35.9827367943
191.681736375
1.41654879964
186.244043573
134.584317991
0.0
12.4432649986
5.94764139928
18.5311453983
55.9051231908
3.12936999952
696.870524722
109.266476786
35.3111327955
254.718808574
308.724960766
153.298607379
582.038552533
81.3586483876
1.75004619969
18.8456249983
143.714208774
3.72503959918
191.258655389
64.6442345977
0.959832000045
439.437399954
15.947167599
34.9697541954
81.4081269941
0.0
492.015455926
5.09360079928
0.997423199858
1303.85341845
84.1231829917
51.8126735922
147.880836379
0.0
8.93707859738
785.850402912
87.2547673934
717.880158109
1.98742859969
22.0046071962
172.182887976
0.639222399944
104.555061581
146.470050379
4.34519119933
7.26005339861
35.2056127951
3.54836699925
550.260071741
61.1267491904
5.22429599923
37.036014996
177.378173976
9.93893739839
4.62353979928
96.270630982
108.505857386
25.6634447977
0.289877200071
22.8717573963
1.29183259985
606.344986925
24.6081785971
491.620045953
175.799818776
23.5609491961
2.11485239984
20.7466699961
957.850169094
526.634011149
24.0930625961
123.92669419
17.1468359971
63.0137557905
5.11225359882
4.29490419914
72.1975677959
93.8305099902
0.157549399965
282.447048769
22.4417331964
22.8230859961
91.8589619869
23.9229497962
23.6216821962
23.5903883961
37.4288789938
478.065570749
33.6971235961
57.6874713914
29.7083697953
9.93552899773
277.018566164
437.606260353
4.81570999876
3.37889499987
0.20733179997
4.47495259852
29.4120915972
148.328458976
198.489954579
197.801316374
2.43229639959
686.495217121
22.9443985966
242.141215581
329.109025551
188.830999976
157.455458382
188.397499188
67.1560397921
332.87821455
14.5675005988
0.0
618.878597327
825.300801894
25.1961445963
488.364568953
6.1172089995
35.2833343954
469.137539943
0.238973799923
58.5379139908
1.89310639969
318.174094968
651.34255591
15.9442687974
1.10028679987
78.3590295909
5.95636059904
44.3917567923
6.32049119978
144.447741986
39.4147733972
1.14495719995
15.9553009955
0.309833199812
186.955335578
6.96788559874
119.075716186
0.167303999981
2.6412433998
218.90617878
9.34626919876
19.4197467971
30.9542079961
4.20571659933
424.835949157
5.10533279916
250.658828576
524.532982141
98.0102135854
916.800922693
82.2636673906
68.828515593
6.92249180003
261.551396978
5.27437619994
239.151026583
462.099550347
52.3518695931
186.962987773
135.464276577
0.863372400086
18.4857575968
143.591492983
27.4166505966
69.9866773885
85.6176241889
177.380284375
27.8054475948
3.47927799918
1.66471599973
453.82498175
399.843252551
2.83548699978
25.0162867959
26.2834201982
566.330108531
0.0
286.962861957
3.26482759966
37.5138139943
11.1206229984
179.397322976
107.765900586
24.0687795962
2.05266059948
653.241484933
152.300647985
175.547510575
43.8053661963
23.1426305972
35.8405365953
11.9934877974
188.013474178
6.50810979842
6.07429099893
78.9074545814
17.1262283978
2.97018359957
1443.07133304
0.333701199938
8.09523559969
0.20136059995
0.551760600021
36.0637467937
64.6226381933
2.49857739944
38.714665994
0.700664999927
10.6625943989
641.676582325
21.6175277966
168.095684974
63.9918117932
378.239362754
1.9383957997
13.7364951975
502.691443361
124.374247793
2.67638079939
26.2874041983
375.285670753
56.4461141945
9.65874399791
4.48430700009
2.2006571996
52.5626829945
10.5530895974
79.1378243895
0.0
119.328872992
311.235931963
1.79553699988
1.53191259984
489.250760546
24.2972127958
100.79668599
49.9221609952
2.25391899951
820.831625286
244.754272363
17.5557657979
6.4714719993
66.3436011953
0.979486799775
5.29201199953
22.8057969964
466.818413741
4.07270219936
62.7095475967
96.6616613841
66.4924089941
456.909159746
1.67681459946
132.715039378
250.390092783
732.069746732
1.82605179975
949.249945904
0.899353400021
4.04145679942
51.7978529933
13.8290157978
418.45932355
0.0
0.0
86.5202639903
2.47874299954
27.5935121968
0.129510399968
29.0066357955
398.343078735
171.14271339
116.727652394
8.37134899851
3.84187659941
32.0711737939
6.27255159921
549.652421346
1110.99098748
1.7497821997
542.606593535
4.13075719932
2.39670619941
11.1488835975
190.550645978
9.61914839901
0.0193723999977
5.67835399974
7.34845279968
0.898360199811
2.86474399973
49.4206321864
68.3989567882
33.9143025953
501.127748546
157.285793391
1.45466299994
1021.61602589
53.9236485956
0.32143099998
41.0300029944
33.9320447994
314.266208366
42.3548895954
170.406728377
3.67005339901
343.91540757
5.01104839914
443.144145158
66.335357996
415.312963344
49.4236533976
4.19594819931
147.333192976
5.09582459919
718.47488151
29.9128567972
1.86687239968
61.6157169903
568.061551533
1.75705679989
34.5711753961
1.90721599968
0.761347400096
547.660694331
45.4397431933
6.04347200019
1.64393739974
5.56584939817
363.343996953
25.7732359951
41.1442117932
37.5914101946
454.393197156
9.36221679977
31.8969467912
3.15007800017
65.1676483932
28.610220596
263.384102574
497.215941734
1.08020059992
17.4378183978
23.3631799963
102.603868787
179.728461973
109.440031796
289.927032579
134.485596782
31.6639957962
0.218631199963
1.98450479969
285.926560759
0.225991799953
51.0094357934
148.90799938
21.9376405965
89.5192197909
0.0
980.070950702
402.674002948
137.874616591
51.1161227955
399.561973156
16.473232199
17.9245131978
3.97200219937
20.9614997948
16.6089327984
265.162773361
29.5854497946
175.55187218
191.172001377
11.0914141972
37.0018225937
488.452561547
29.3603119965
130.032345382
76.8944879916
2.03598419913
22.865411596
0.893918999797
1.59127839983
20.198225196
406.576796357
309.190643369
7.28536739913
0.878765199982
0.246279399944
507.144747732
705.323724507
94.2081999857
506.443629536
11.3224827982
396.184079958
4.47140519909
627.001271914
74.0862601908
0.795967600315
174.256532791
2.34177119986
23.4663819965
528.471174956
14.5564553962
323.786777559
28.9477949951
116.972162781
2.38347439991
811.411880705
78.5380345882
6.88940720023
85.633197389
7.67736959782
231.783715367
1.60175319992
27.5396211969
22.8319071966
13.2962523977
2.61745959975
1.67675799998
6.94395420019
1.28780619969
0.0
595.435148736
11.5145613996
81.3273023895
78.9883411893
9.27937479831
754.551323716
40.0968171954
955.301717486
9.8775067985
1.53136579981
2.07001719987
147.503806177
66.105043391
227.72405558
154.787391381
428.589263342
2.67815559967
321.943385769
21.6826997966
141.55215438
33.7976721955
33.1545785953
8.29404899943
238.822145576
35.0048151945
5.31323999934
64.8569431888
1.00542079987
3.63891019947
1.74522439982
0.0
5.54647379924
537.641483757
0.536196799899
5.87911179868
5.3087545991
172.985337583
140.01559358
2.00229179983
127.298589982
0.0
736.840250538
12.6370615985
2.17961339976
26.9812785973
151.681481379
604.608501108
33.4406911975
476.753739139
15.3976351978
84.1165797933
1.58069579994
1046.35237388
22.3822921969
102.592398391
302.882991566
395.899739347
2.91003619962
22.3011069963
0.218506999933
25.6233587958
25.7265723953
0.0
4.90922099987
7.14239380059
31.5606857956
29.3134237966
26.0084127953
0.139740400019
76.4149437892
72.8066915983
24.8270055963
21.2126991965
59.2651765915
11.7657095972
12.6374853986
413.596846154
956.644770687
3.68344179917
659.790522518
3.28485120013
352.376653567
2.4032243995
356.909163353
12.037933998
12.8939223985
42.5861591934
0.791157199905
45.3309999935
