3.55846900042
84.4293156109
368.031883265
84.376420622
304.36149685
4.02314160075
13.1585196015
103.273199222
2.28397400025
39.0099688058
0.0
4.58260600048
151.754856819
67.0022722085
80.8447754107
10.4106838015
4.29938160048
129.557487017
15.1304302017
100.952664617
237.509930832
224.052947629
3.88304560041
331.166856655
22.5040874036
222.534875638
189.413162643
47.1861248072
5.64102020074
338.963061864
17.6384092049
65.9221486109
164.591832021
312.023279845
0.6389550001
15.4436712018
15.8015646025
2.94643620033
144.995600218
137.33672602
335.035015644
7.350825002
72.2218622101
139.792891219
0.150034599998
5.45932240067
627.886212696
0.777262400093
107.627928021
114.579351622
23.0705144032
746.499916518
2.31151760023
502.085173482
9.58151320143
0.313586800048
348.559273062
13.8505480016
166.074039821
957.536418368
31.2676750047
156.17369062
3.87246980048
75.5164310142
665.029793104
4.74908780052
49.1172736067
3.42170200046
69.813176009
0.146890000026
0.0
684.768160109
0.320596400036
594.762311296
70.5423996112
17.6637798047
120.171404215
1.51453820021
42.3368740059
0.223986800024
310.614187053
0.365690000012
134.373837822
2.8270214004
5.35600580067
323.574538446
866.611402559
0.216561200043
0.0
4.07635880055
7.26853620114
7.36127640139
222.868521829
49.6925260059
39.681933206
1.58016180021
8.8674882011
55.1201566074
929.472995773
16.441429602
19.3197092034
0.0482942000044
614.376867309
79.1288758108
0.180641600012
139.314401218
0.0
473.098634083
6.28872620111
21.7086912024
48.922999809
0.0
112.245340215
1377.37797942
3.63965020041
6.48314300085
131.920445223
321.906756044
127.030277217
31.4716076048
70.1831430089
190.084257426
139.568480019
0.0
160.774306229
190.694995825
1.34735800016
0.0
0.953970600079
22.5842922042
4.59896220053
310.609653658
17.3481016022
274.480386245
552.088366887
472.76908009
4.53381500056
20.9472584022
95.7381680167
1.15687620013
276.158447636
260.473908647
463.324562688
4.84825660069
4.52754560053
532.052427882
0.780834800236
582.324312492
186.458902235
62.2120556128
0.127843000052
3.51969720045
797.283359341
31.8612234039
118.103934816
1258.53273598
5.81737360085
0.604783200039
87.7068912113
717.326259321
150.410505027
101.481474415
231.65652303
49.2531692055
46.9196878054
3.00605240033
2.91761840036
73.6341626098
1.33886580016
598.591490881
175.11379744
6.2959728008
49.6277378065
1.18357060011
43.7393076058
25.0860564057
197.944698226
67.8211884086
429.767307474
1.25840580014
248.720950642
21.2456154035
47.3984186055
123.995218016
13.2256554016
25.8422268033
149.148384619
102.286891014
48.6290836058
1.36645340014
3.56335040053
149.29755683
55.2797584143
506.658295682
2.76049760042
93.4452378129
1988.13346892
422.857597462
330.013127251
1411.02090786
0.152374399998
1.34283820016
2.50457280041
0.115884800017
30.7360078035
47.3573034058
2.12847380036
0.0
5.11639760068
1.06346400008
9.118119401
0.649599200044
283.68121565
0.706856400043
9.43423720108
0.0
2.00196200007
130.704888218
0.0906024000138
2.47402660041
8.32269240119
316.879689055
2.49061580042
15.4581440023
54.999782609
347.245824059
67.0587466105
2.68873100033
18.695565603
423.774753464
13.211758402
45.2457882057
4.20008380039
6.03995000081
0.0
1.31216880014
249.674161838
260.78716965
121.49445922
91.5806420114
154.416599625
529.104408288
116.007413616
0.0
394.458026866
74.3006728103
116.779152219
103.481892014
1.52230160015
9.41043040135
481.224929479
196.875453835
71.9977038092
5.12213640057
0.331869600112
15.8659156025
12.2083800015
27.5345474037
270.840089038
711.638253123
5.36767320063
32.2485872043
294.099941239
9.5562482012
11.9947384023
0.0
24.0927988027
70.9132270092
1.73479960026
31.1617920045
214.290729235
301.081930656
72.4451332095
180.274369231
575.645350287
72.6349296095
5.66398340059
1139.3482402
231.220017032
2.76787940036
397.215733668
2.84891000033
9.98829120138
3.27940100039
22.4603734039
5.06910360066
128.263834617
100.983740414
1.15413080019
83.3514798103
745.534376337
157.076146821
7.41069960098
8.03525180094
628.959321904
104.511163815
0.584652400158
4.6695060006
7.31993840093
143.60620262
63.0249252091
232.95532523
3.2583978003
87.9031534135
8.96366420116
169.487002827
60.0203302097
48.568560212
5.43642180054
70.6859298091
0.31250220004
2.29978640035
27.2399586038
3.1540814004
95.6911166131
1642.28845287
84.8489012108
693.876701326
21.0058874025
573.038971097
3.48752220053
30.5096430033
57.0927806121
1.24544220005
117.658077025
186.516302025
3.45634260045
3.18402000041
82.9805462104
3.65026460056
88.0460692119
1582.49425268
2.12916260051
67.7574974086
4.03429140069
121.207233424
331.178216653
465.99552888
13.0648386024
801.274807928
1.01766420014
42.5945870048
127.237384019
5.94055160079
535.381642689
254.847530835
6.31583360106
46.768554012
0.17156460002
482.398802482
149.11652243
0.323668600061
4.89313820051
99.4723756158
23.7432248033
360.246822264
32.3269042047
143.367226218
619.184745903
67.7574974086
0.0993908000101
1.32339800011
462.349950875
221.308159043
81.9913118104
27.9669858029
2.55426860046
256.550799847
0.0
119.305673426
7.97057500095
3.31777620039
231.63475924
37.7270100051
12.3251114016
197.802185428
8.79982120131
13.8747986016
87.0580618177
43.8195702061
3.77268680053
163.95826123
61.4491354129
177.528285223
38.4173266068
61.2083070141
23.5427586076
81.5597394104
74.2477226097
10.2454848015
2.65624040037
4.57791960075
4.3936644007
11.5390268014
28.7492882041
96.3326970131
0.0
42.1902332056
659.546611906
176.131156624
2.39952800038
26.7866392034
86.7381730116
109.112760814
354.497856456
135.882957817
166.704206621
884.719520746
646.238536708
569.425700293
585.921084896
526.020814082
1.85026080022
355.594991064
1.14053700015
203.475017033
1.21542880013
20.6530976026
8.02979580078
11.5593822013
0.0
0.0
73.8860044094
0.712374400123
261.597061645
110.686388018
0.783369400087
0.0934994000114
2.13343680033
1.48011340022
69.8192730109
17.7899882024
185.783992026
121.513170022
11.4940170015
1.73710040037
116.478642217
6.20203780064
1.28912100018
0.0
2.76379060036
75.8410140098
16.6210746022
95.3378542119
1.05124240014
0.643391800094
0.0
589.30143551
0.553667600074
146.579693219
0.0
404.526031476
0.0
467.073543691
444.604692685
77.0208800091
21.1694550027
178.804516223
193.713440425
355.161508058
633.364252518
6.20717160116
611.509261898
19.8005774022
95.9377608173
8.81089120098
0.616343000084
1.25026720014
398.771906469
207.395644027
10.1443554016
0.0
0.0
71.1948758107
0.666607000158
137.245825617
0.0
55.8391124079
11.1377730015
47.8357044065
24.4674468037
637.266466903
224.248499836
1.61333920018
2.74173920036
10.4992250021
37.0744836047
378.409666274
6.92169000126
790.985927329
0.0
23.3366886026
2.85463340046
0.0
488.887330278
1.78666000006
16.272041203
325.856170261
166.169264827
368.413334665
638.245425518
65.8132038084
18.3337810023
12.2765674017
5.37547820063
0.237554800008
0.0
167.743660625
207.911779628
222.913865431
2.72857480042
2.39826480043
285.264469838
55.3902212125
86.6572400113
2.91020900033
57.9107278129
407.687558873
70.8961468093
37.8209088044
220.22895263
85.2056412137
779.555486328
1.47304160018
139.883024422
159.803530022
126.199633227
5.45499940063
198.449042025
2.14113220033
132.098011624
18.0552414023
10.2128358012
500.495946288
23.2739800028
3.41889920032
150.620006423
0.421632200082
135.719287217
5.04781260083
565.193129493
261.919544251
64.8733266095
151.40748222
1.71346520018
12.8712034022
341.27825525
162.85175183
0.066510200006
0.0
312.261780854
411.154896474
27.5967756054
108.979883215
17.7965636029
136.951245225
243.335298842
206.455228029
5.2953208006
18.2064386023
38.3507362054
3.83495640066
675.301680911
88.8959592112
28.7901372037
76.5527050126
4.30010540045
270.320376235
1.86393980025
43.4111042048
89.7649286175
0.373235800152
1.61074620025
352.108746457
237.16652543
3.59225060039
475.06137347
21.0186970038
80.6552088111
183.809043043
0.116685800016
2.7169408003
1.10657660011
4.20882360052
67.1428938087
550.035078087
2595.28451827
2.6227762004
87.7523840138
266.368150437
71.4900022112
1.23201700016
375.37916226
444.592185472
26.4258874044
2.31375280028
93.2739138136
95.9222056176
52.1898850069
68.7353708122
2.5899166004
40.9810374067
0.0
5.56363400062
70.197933809
41.489121006
149.153652022
150.768927227
164.647140431
0.0572790000052
37.882199205
0.0
129.098519023
181.612734838
154.20515962
696.26731231
4.92653160062
170.987321423
290.494562447
488.565284886
265.674803036
577.956693499
703.148332931
216.513150628
548.068590291
0.125210200019
499.863667878
72.1909226095
211.480599235
31.460301404
564.686660692
3.14208660067
0.0
1544.06104027
1.72840120026
0.0
67.6647802085
37.5866872061
32.9868094046
0.499013000044
247.726296646
1.37068060017
1.40964840015
68.3018498089
0.253353600026
4.78781620059
214.159139238
159.802113621
83.7653750114
68.6825108142
28.411787004
19.3135372029
62.6370948081
491.001797295
31.017548209
1.71305720014
7.55287080106
76.2489438123
2.81571360024
0.0
99.4553008142
89.290506413
11.280990202
93.5461736178
3.30914980061
0.172296600008
583.279826903
810.41843055
25.6626150043
1.38476480016
7.12232600087
0.174717399997
188.440725035
0.0
0.0
2.49360340042
149.438406827
8.1871514011
102.942718813
330.457103448
8.06356960073
0.0
305.235348448
117.587240816
371.146041267
76.2821460092
0.0
187.143290637
95.0073774178
171.454706024
75.8015524099
700.436777519
7.79953140108
9.56143300167
13.9098012022
19.0640172027
9.16021820138
7.52393320095
375.501284252
56.5899542065
0.0
35.5665982045
19.6057842031
1442.64757904
170.209163828
214.030808636
241.049570842
529.938254082
6.32211800076
391.40469466
320.079829857
340.896910056
2.09576820028
8.39034100113
0.498861400127
1.60881060041
385.806585667
706.413304718
13.655633002
36.7883968046
2.17156500033
0.105807000015
18.1070434023
65.4975082088
13.1295646022
1.65810340039
73.3833610095
1.11865740013
996.271938379
4.8808442008
90.4349840171
3.67908480039
377.653035265
20.6928478031
77.0516720101
2.2040942002
492.306165289
98.8798174142
394.475287256
533.353292692
184.146981429
129.945625017
50.6472086101
16.4397230024
0.482786200051
373.209968465
27.7180586037
24.1501948035
215.873972634
0.363639800039
0.916814600279
6.05094080108
0.0
240.22162244
249.181064241
146.496163228
109.229593814
54.1105216066
428.532218064
310.036126244
41.2032638062
8.63349940119
431.429869473
11.8271500019
29.5010988044
682.349705726
749.013733726
709.420144513
2674.43050471
545.527275088
149.727377619
3.81620900028
9.78112200148
25.2464630043
482.119426683
215.575029828
784.275098935
443.788566871
103.440708614
287.656089252
20.5969992031
1.45158280023
1426.77232444
1.94514480021
75.5795894094
525.378053096
494.732930681
0.0281586000042
787.134590908
345.954801458
138.338141026
0.0566684000088
694.194663714
9.82346980173
55.4734066083
3.20794660034
7.78360200093
153.46856443
0.803425600123
3.46493260053
12.4827974021
49.2634022099
1.56783680016
0.0175088000015
0.781423400106
630.566039696
99.8299514125
0.0960870000112
43.3363572095
14.0223440017
5.18465420067
0.133333000018
176.240453229
698.54434112
43.6209162057
77.1351064102
67.8318360086
49.7125350069
2.95667540041
0.0
76.0696948098
0.60328540009
4.21216580042
0.0766634000103
73.1463746114
207.118579837
5.15232460046
68.8702382112
21.0642596025
6.27282080072
934.949547165
917.452255159
169.95767303
5.17184020055
70.2466290091
105.876775415
0.0603744000054
343.279346258
2.94520540026
25.500662003
5.53669520062
263.08500805
447.148989465
464.065719477
592.505458296
8.87866940086
161.093606021
85.208013011
97.8440080132
756.710275126
11.6806348017
153.010678623
89.9577840117
314.551148856
1090.41651538
4.58539540056
471.904690677
263.783358836
84.376420622
82.3490282124
0.322895200048
169.681107032
377.632331664
0.0
82.9292142183
6.58982560069
8.70903400134
304.515132455
75.3530190107
14.3824714019
131.709222218
32.6825936043
157.353252224
357.941641264
0.224172400008
160.057843435
5.37326520077
8.6457582012
95.9580152146
76.7296324099
305.417347452
5.18134860069
9.91690740142
109.853144614
13.9957512017
618.938626714
21.9483050032
7.98392300112
1.53425060031
31.8134662039
0.0233106000036
1.4738848002
3.97575000032
79.5322654181
0.0
53.4533298078
279.862646652
209.58223144
46.8562098122
2.76217060046
29.0884428044
1.64890840025
140.117296018
10.5059862015
0.0
0.0
80.3719768103
0.0
3.87583820056
334.335226853
2.27086720036
445.556829687
748.630661726
62.8473554078
6.46303020119
228.684261639
1.50219800021
388.954163661
925.505552942
29.6901888041
0.0
0.258813600058
0.973449200146
85.2136694104
156.706899425
7.07429580098
148.988561421
98.6557308129
2.5061914004
0.514164200072
61.5480748082
536.885376086
15.7404442022
46.9861514071
28.0446010035
8.69100120144
2.60168500047
256.27451745
0.654953200104
384.502979669
32.8439266052
73.5811030092
91.7569884123
25.4998108052
903.820342355
6.57751380118
0.272694800026
28.6473112034
0.265426200011
3.45105680057
763.245132932
22.1571702036
18.2341722033
403.685918667
51.1784390062
216.090198231
165.318810624
105.526005619
509.111389087
591.085024901
0.0
5.68969920093
393.94766506
286.166462438
2.45926240044
5.16136980074
156.736136622
285.608979847
44.5491210062
14.113175602
172.576966829
771.286898532
706.421156921
4.9403894006
68.706757009
251.895793648
278.460242652
127.990478623
234.758953448
36.9752530047
13.1457646022
358.843562266
3920.2052834
178.492984823
38.2148684042
209.869920839
1.35052820017
67.0493742087
6.42846200087
133.78447382
445.781751074
482.41809588
1.28629100019
13.2889504016
17.1897554024
50.5809560063
3.88475360064
3.35034060053
2.58123780034
25.1633868034
12.4264912016
138.09876902
441.304750274
230.682823845
4.77860820056
48.554375807
206.29184544
62.8911914084
0.8423634001
1.20787580015
1.10817120016
0.0
3.1735684004
162.427497221
84.8991594107
241.180164032
674.937495908
103.235268415
6.65154800089
209.004613442
0.411866400019
11.0258870013
82.4091396133
211.984821834
13.706898802
2.34273960033
689.124903306
5.75739260075
2.87241280048
4.44106840042
549.849345304
0.0
13.0942688018
0.142817000012
9.08030440143
139.988024818
0.0
6.51016960077
77.6958012125
37.6910838106
133.874132019
10.6737354018
883.087994567
2.58756040041
0.115059800017
5.45335780074
223.838531042
0.0
73.7812240102
116.017107415
0.0
31.3341748073
17.9580146027
335.269172662
1.34428660017
0.0272889999996
230.215712831
54.311133807
99.7631730132
1444.57689364
0.0
136.401723018
148.89794882
10.8126712015
98.6020268201
162.044015033
7.77284840138
2.8845796003
429.391983068
500.744656068
458.51791287
202.337449228
157.960845021
0.0
7.96793540098
3.69096020048
3.46463420036
4.46072820037
464.766972264
319.810571064
6.18619260084
4.28897080063
306.100097456
99.7056588132
5.48164580079
3.86497860051
77.3145202098
4.80719120057
436.444258671
65.5684378083
2.43549060035
159.585925621
0.223650600024
1.37893740016
26.7832202033
4.63625940057
36.132066605
19.9904192025
18.7186976032
17.9946804024
5.02416720092
0.0
234.820240848
5.71722340086
3.86427060055
85.6470108202
313.09638065
131.756161817
2.39182960042
140.703502027
928.544655156
303.898608839
198.027877037
3.34538980045
17.9920920023
1.50013340017
8.38788620108
116.679101815
3.97306120095
4.01573000053
3.2760394004
3.31604300041
2.10214400022
0.892576600032
1064.09261656
15.9275434015
115.045765817
2.17439860037
0.108517000014
2.94464340032
67.1757528085
208.400529633
320.51449625
560.802998093
5.18824200067
0.0
5.2667512005
41.3264784063
234.996495433
116.150522221
159.968378021
0.454362800089
7.38690700089
3.73168840047
32.7616406045
13.6660880019
597.479913512
662.330691906
18.9229258041
0.695359000062
68.706757009
3.14835960038
62.1185666082
76.3582128103
8.44729200121
2.28614720038
8.58772300122
194.893388824
10.1411204013
7.52429000104
0.616006599992
47.8584636078
115.08258182
0.0
858.56641694
22.8665298043
636.6168631
2.93336340034
142.211489819
7.2166904011
3.00605240033
9.01994340134
180.722184248
4.3142444006
69.4985746088
0.695888000058
103.191165215
22.2817572032
16.354646802
111.516176418
122.858759616
0.940764400181
26.7039798037
0.0
548.484206893
10.7139796014
5.9503772007
13.6784190016
17.4144560025
44.1845180066
95.0266876186
245.858450443
763.805888731
39.9318682055
490.350814684
609.252588518
246.995690652
20.9439402037
3.26106440032
39.4439488067
13.8373662019
6.1075652007
133.718194817
0.165656600015
21.184690604
3.54436220038
46.9231526063
184.461783225
190.009278426
269.671900438
368.696465054
0.103177200008
85.3095822113
81.7730156109
25.3514768037
0.0
143.906637825
608.282716709
550.204392694
191.415872435
506.554015289
0.292067200066
1019.03883398
719.989854525
105.988412614
4.75632740045
15.3455832019
125.099938223
14.8050824022
184.622508226
46.2304846094
8.64937860122
79.4366388107
0.0
521.758641897
5.65126640092
35.8214116044
0.0
132.315300422
21.4936894028
3.80692220046
135.578685817
124.187291418
4.38867640066
52.2744278091
0.0
469.064241276
79.0223202124
4.92196160056
38.4872374048
155.355870022
0.498581600047
352.02647666
191.986761831
65.4947052086
252.638898839
14.6709268026
140.097484019
174.23338603
1.90455980022
5.16760300073
24.2485692034
248.573730634
0.0
3.78133600043
0.0
63.1796044187
4.60896680074
0.0
3.79591900052
1919.40978454
326.29106585
37.7619804055
3.05020320026
478.986363479
374.451763263
0.0
84.3343092112
636.563076302
0.0
260.587964435
14.9228098021
123.096161224
267.056608441
1.58913700019
3.7882536005
18.6730540027
67.8211884086
24.742913204
88.1234432114
0.0
3.35086420087
3.86835140044
0.0
118.478250618
10.8654384011
0.0
1.30751800017
19.9539004032
1.41350900018
747.388804327
66.7135002108
95.9193736123
332.882979852
450.231341863
4.80340300052
6.77049320085
33.2702284058
28.882708004
57.4045168087
11.7359484014
696.98078951
5.37198360191
0.0
6.06411480062
0.316530400018
3.87518640036
0.21509260002
516.523148888
15.6346164026
1.05176000013
272.071346042
16.980134802
68.8125872088
1.65278140027
5.2938544007
2.5899166004
70.8314718092
102.880352816
3.78340300045
190.257061626
128.324262416
3.98437880074
5.51718160078
6.4253856007
48.84349821
3.83740800037
5.06578880044
514.375094688
262.06414545
160.990624222
114.127975018
46.3438282055
0.0
21.2257384027
188.09295343
269.477068439
5.76005400081
0.0487596000057
5.76732940094
7.23563860095
130.512899217
67.2158952086
27.5629774033
84.2657960117
0.112100400019
109.908684019
29.371741205
4.9639022004
1.25627520013
0.697295600058
617.680338512
16.708833403
429.223604474
47.3617616062
14.7450478019
3.07302020036
370.925520068
48.455126408
0.991358600166
20.311889403
247.688906243
1.60019180024
6.44419680077
12.0131214025
256.013275242
363.264201061
9.76662360174
13.7521552017
496.882975697
3.58388140049
2.42464540015
51.064588015
347.820712051
0.0
0.0
15.1834404024
13.2935310016
56.7361988111
331.062620052
249.313059853
346.474457854
200.571935026
0.838029600101
931.589028145
0.468763600071
112.472802814
4.76291740067
3.03282560033
197.282100026
0.0949614000119
1029.99907438
5.97641160076
429.17778507
173.095548028
263.828876242
16.6469282023
0.108517000014
528.705842103
102.290153216
717.017607323
110.219625819
71.519359614
309.984692654
42.8460516076
49.5875218108
60.2417842091
350.987221046
429.06297607
13.4538612018
0.0
38.359398605
17.3329912021
0.0804180000062
6.83810680089
150.235654228
450.352041277
0.264578800031
71.6501640094
1.80596080032
2.7547432004
10.5242078012
25.4407748036
10.5455266014
251.101283843
15.950741002
932.389435756
26.0952632051
8.56719440111
142.633286818
3.57483100036
5.85208380091
1.5999424002
3.53568740042
216.223423032
7.13192380128
1338.97785744
167.377204822
675.470916725
2.33834060039
285.407619853
26.1385898047
432.335600467
89.8145662112
1.98437960028
76.7918144192
574.617937294
225.315332643
380.760552852
3.41828540046
528.181221086
59.3645696089
0.897605200122
100.536140416
2.39674660043
357.215456266
0.918624000076
163.892658024
51.2075020072
84.0737444111
0.0
1.72263660022
166.477772225
0.823449000336
2.25447520019
9.85324440141
637.14422451
224.746112029
124.549069416
101.509077214
213.285367832
515.880811281
269.119198835
575.002981278
1940.56267432
158.969063421
0.525579800102
329.661299846
1.21513180014
440.653809273
57.8849402081
1067.26886657
232.881944039
9.80055940168
14.842845802
258.92369725
66.3682872085
233.44219884
1.34228000019
43.7869902069
43.9326110057
0.921269400133
8.82317980107
47.8280222064
0.0376064000049
3.72705500042
1.62266420021
27.7654328041
32.0649178036
773.014718525
149.625273422
370.114923258
79.5461942122
1.32379900017
3.75082620034
5.53726160073
0.276252200039
1.31052720017
239.088142032
80.5672206117
1.1169926001
0.273371600042
0.0935272000138
8.90883540219
39.209856405
46.1812356077
112.638322416
33.0235184088
1.98251400032
107.227108418
4.82989420042
371.765378853
616.509119303
656.164329109
540.745725692
390.039110867
748.820435321
415.664602066
746.079177723
825.10683915
3255.03466097
0.0949614000119
25.8248948038
344.217770055
31.5784234049
178.130957024
0.125295200051
70.1134738101
50.8191464062
26.3600318038
1.33390960015
111.372647014
1083.70889377
2442.84594062
10.7261534014
268.472299848
0.0
305.028980841
45.6392436061
0.495753800066
0.0
72.0816070094
265.035535844
20.7683034027
18.9575168026
458.344372471
81.8039488112
420.391229279
413.836563857
34.3523088039
37.5545110062
0.0
48.3147270068
150.849060823
20.5858906038
26.2437514044
108.353572813
67.7686418086
326.820346457
636.229732105
262.322141253
12.5644734019
764.981245137
127.920208616
9.51640540093
20.6864822028
0.133333000018
68.692167611
165.366844224
18.3535678038
122.109387817
244.732990054
15.0242554023
3.59493340041
10.7547016013
0.171283400026
4.31046600054
536.527971091
86.226944011
2.14592880029
585.787364891
1.97238160025
225.85172763
651.725386514
162.818119823
284.25000044
169.141979629
269.086520235
196.33385083
732.065977138
133.560465218
1.64901180027
25.8899972037
156.47825983
468.937286276
13.0622498031
2.91795140033
25.1338028042
1.44134180018
482.287234687
343.81093826
37.0276944061
58.5492772118
365.937473068
9.79895280159
43.9821598055
0.844313600133
7.17600920085
2.77053260032
1.59699420011
156.583305221
111.992850422
5.84475880074
510.985281477
11.4521914017
115.908354419
11.5788818017
567.325844915
97.9801686147
4.84629920068
745.22286592
2.78691840029
5.18349980066
3.15039800039
200.332404428
322.207007659
0.211081800032
300.688172843
142.180973418
390.546030069
24.0290840028
194.994673029
2.56066460035
209.858492029
23.1313108039
42.1078016058
646.511046307
543.096379882
109.966639015
47.1777570129
3.63233380047
208.788170029
2.94520540026
523.975984489
0.211907200018
126.083706421
475.279178285
2.02378640029
16.8068432022
709.283137329
81.1744790111
5.90101180065
83.2709446104
727.630903105
293.892787854
2.43828180022
321.325646863
49.5939432065
589.518626685
444.340437669
329.719531652
38.6091124052
501.428452277
0.0
57.3480154075
155.39009222
11.3002734015
213.791512227
7.38437260105
66.9016088086
249.667094248
262.388760044
24.7626662031
313.578330445
3.47045940038
135.620034018
168.300869422
244.316807648
269.672341634
0.0
483.995530273
20.1938782029
644.641829508
2.49784340036
10.9455700015
169.460034822
101.376196213
1.43069680011
6.74452300087
1569.47392846
567.922627707
79.2109298127
1.2442690001
240.273459431
202.653080027
0.0
0.0
72.5745338092
67.811652609
72.1877638092
0.0
0.0
3.36100060038
74.6403504102
381.579667058
1.56076540018
683.837385923
455.995502472
196.485705227
400.259125672
429.858776862
61.5794456153
2.66945920032
10.0840728012
2.99620620035
0.948664800061
0.0
2.97329600027
73.1077334093
0.100503200015
5.97665080078
52.5428316073
57.2133486127
135.75086683
7.87696700146
90.1832470182
135.203149621
2.32546020034
91.8269508116
43.500316206
5.20989740069
10.5461636015
265.034490438
1.56559320019
301.596718051
7.61159840114
58.5305960118
0.415793000036
129.083740824
2.96256400044
3.41552020045
484.165786286
1.39059300009
20.6099966024
12.7833922021
24.8150868037
0.0
2.33861020033
196.807041226
10.7568382016
606.293621499
0.0675274000072
76.0142860098
446.149131673
860.642908538
90.5110178113
12.0544832021
8.43468180125
0.045242600004
18.7521164023
1.20150660018
0.0
47.0798250075
16.0123054026
44.1793058104
26.4508248031
143.898590418
66.9669254102
79.8994492104
149.858537819
12.3848712021
22.096574005
202.188131628
20.8504016028
59.6196090083
156.827186226
8.60135500096
33.7626290083
3.57872240039
4.74522260059
8.34331260095
14.2499526023
96.2749286126
95.5243364135
0.299883400063
52.9866260068
34.7536686055
21.0142328031
510.265052079
12.5523730018
83.7303196107
387.756002453
221.113433631
43.4572106077
3.27680380054
12.3713426016
3.25619120051
5.15165460062
1.96540280024
96.2626438174
11.456735602
99.8491438134
0.0
1003.79593538
37.5169394062
321.634034447
3.94103200052
80.1220398154
242.971342035
266.635760854
0.0
4.37293640055
70.3287090089
7.32234720083
3.68019720047
5.49323100072
78.7033286108
15.5331300045
14.0435186024
1.22530000015
3.65511920038
2.46403400031
29.5098186051
90.2261674117
145.82966962
2.73808140023
1.52704120019
61.4581512077
8.90631120123
1.44699960016
78.3864610108
31.6620082041
64.4982894096
6.66651700134
528.291695887
225.520791038
94.7732892145
380.045146655
1.73649500019
413.705710266
23.7917998032
1.44477320016
73.6366098096
481.918287463
125.254455016
187.672017624
56.2642864121
297.224390639
2.41605620033
77.6867508099
1.90514140015
1492.00272405
3.94119120047
716.401928113
452.175377074
49.4088238082
77.6949744103
594.986080478
3.98112540033
229.20022443
342.263241058
1.52117620017
10.3665774016
5.60637640049
0.199363800028
265.279323043
64.6112386109
1.06596780011
0.497485800076
1073.17500237
188.502295244
74.6526054119
1.64960060023
6.26047480089
179.120876232
41.9833798063
465.917372875
190.531620824
25.4602224036
14.0514238018
28.3559028042
6.46616340083
246.108860035
15.0992202017
34.9105076039
145.437367827
402.601219672
276.740456251
0.0
133.795219624
0.0
11.0390488014
0.383193000036
0.0
73.0982302092
136.171559023
127.902218617
0.0507164000046
102.078457417
0.691910199988
0.92537840019
6.17582180064
186.380300231
30.1944532059
174.238280023
102.861936214
173.639417631
55.9996414082
1.1242098001
40.7016738065
60.6389898087
76.9014028124
0.0988210000144
425.422599676
370.083824055
16.458405402
2.77588660049
233.525748437
51.7502270107
94.1580838134
12.8166680016
0.23787400002
1.68845860019
864.785257752
7.61437480084
22.725047603
280.993338049
34.9496622052
2.56547980051
24.2148612033
94.3859934117
0.0
150.32642342
184.271362036
2.38466740027
30.1951232039
0.48901220003
60.8366664085
288.917607242
121.907289018
120.166513415
35.7867780052
2.05376120034
477.473929077
98.2807542139
824.023948953
129.892625217
0.646463400031
0.0728606000084
61.1830382086
344.763214844
5.03730320075
0.0487596000057
5.97168120059
3.35209200041
206.588001234
0.245387400039
100.664940616
101.575222413
5.71130780069
3.55605200057
532.205926895
2.6399378005
676.102247525
393.150208865
1141.84873719
8.76439080097
0.349875400085
76.4065106147
13.2785440029
95.2186554129
178.243187828
434.609392076
1.39777220017
394.332458674
0.921700000081
24.1457078031
99.5322222237
86.4681472139
6.14009380094
189.348314037
911.150491743
23.0190434036
85.7767280115
13.5666440019
4.16299420036
230.900625836
4.68174340089
523.097292288
33.1783496054
85.6233780156
46.4854892068
13.0333812017
71.9721016092
1.30581740014
346.398133261
5.32878120057
1.12661360014
0.373154800053
208.242248638
207.907498827
0.303635200052
1.83510860033
3.57195300036
75.8420084145
126.83725142
50.943000207
4.43324160061
0.339936400042
70.0225956088
39.6917498054
109.910644014
49.2337008063
23.5368824032
9.48930520153
1.05010680019
0.0
3.35611880048
96.4942700126
1.52117620017
475.897333488
108.245555214
5.14476900087
7.47568880079
3.00605240033
1.1092976001
0.719759600252
308.55111204
5.62829480065
158.61800223
68.2605214088
69.5105250091
457.922488881
3.0013918003
217.801313629
7.05707860098
0.0
509.960631684
108.749924214
516.035268284
0.402065200045
105.201303814
1.44699960016
231.692269629
734.442403921
7.23746680061
21.1848378033
50.5200368067
63.3557292078
5.71324260091
139.890897218
272.015906439
9.94358240135
519.638939069
1.37703760019
2.19316740032
13.2546134016
64.5495924083
3.17585740048
21.9695602037
0.488332800038
6.66258420083
0.250846400013
6.14865100091
0.0
0.270852600039
4.83457640066
310.410011857
113.204134223
75.8251616099
241.538674442
898.172562136
181.235129824
236.82190683
49.0960252061
3.03509600036
10.7605188014
456.120376873
179.286463437
129.805080018
316.600534448
628.311760302
0.0
0.13894860002
542.713929688
531.62885168
56.9276700095
12.6862378016
32.725421807
0.129155600011
16.5020142016
65.4532168085
3.18412780034
13.8860760029
21.1903136036
252.055352845
286.061600046
401.679951066
77.6626178157
5.39963220076
552.114291496
9.68529400165
0.0204058000018
0.0
0.0
91.4961738109
0.169369000025
492.071422873
729.941320718
2195.07671358
93.9609964115
547.581943491
136.407802232
33.1923820046
67.335783016
343.652617459
165.204768823
66.0519276088
64.3772900144
21.4370684033
5.68084880055
32.3940774065
0.0
2.95981660031
1.35939840015
2600.82012196
14.5124008019
12.890494402
0.0
296.913741042
10.2938492016
5.66571160146
62.6015462079
215.738487236
5.86713300094
431.332321064
416.946609458
340.422778459
2.18960980023
5.37496020076
27.8771860044
1.90264440017
0.0810334000136
6.31210620065
1252.37655661
7.07503720098
169.34128423
0.528741600034
19.5213338028
318.177284258
165.336770425
6.47560060124
27.5852098043
209.596529229
3.17160820045
167.883540228
8.40009480093
172.895837829
0.0
0.719640600119
181.506451634
5.67679860077
307.166112256
3.27702920073
1223.42156141
274.414283252
510.548199682
9.20154540149
0.0
2.10836420028
12.0240746013
72.029909411
117.338777217
2.92970820051
23.1109108031
5.52893140074
2.60299040032
132.419027423
187.604316428
121.863469615
347.775508645
2.48852040045
122.344507017
1336.20547503
0.0
66.3656970126
0.0443024000066
33.8164546042
69.532050209
3.56303540041
504.323083487
153.662913422
98.2073178131
172.369330623
6.04900980064
484.002205284
9.04186200157
55.2634296066
12.0101436014
5.78170100064
2391.2482162
0.211907800029
3.55734780042
3.05322560034
10.226180001
5.93802540092
163.818500629
15.4939354025
0.0
136.756966017
0.0
4.01842160033
0.0
0.0
0.0929772000094
163.775531821
0.150322400016
131.848343217
8.22820820149
3.08973560034
68.8818954097
0.0
0.798711200104
1.20787580015
311.882184446
0.765988600112
103.081924217
13.5589066016
135.071006817
0.153835000014
5.28977900083
816.556653331
244.699396837
318.90941885
2.9492218004
165.147641223
1259.7469722
43.1332184091
312.912884643
157.06056082
297.805387244
30.4087386042
297.599495251
6.07021340114
3.36611920038
352.789098856
9.72227020122
1.74707000038
15.0618410024
90.4015958177
257.221984038
0.0
5.47157120067
3.15561740036
0.0
519.831336484
161.995071022
64.586337211
0.0
28.8965320032
42.4929008051
9.38340560113
75.1884906145
1261.6561788
97.9413302129
83.4480184107
16.9176718027
50.4620020129
113.329537218
2.87005080053
2.43485660022
0.68728700008
101.803388818
1.41746440016
2.46403400031
38.6927568063
0.0846976000084
25.4237802031
366.718375468
174.825906423
81.0364968104
401.632922463
79.3250338099
665.534968107
102.167941413
80.0506466126
202.658597226
265.962785235
5.66585240067
9.34333000132
181.276637226
0.0
155.505105626
16.124726002
3.1969306003
0.0
185.562761034
39.0473384071
6.82975040064
49.5183474105
11.913771402
721.763643125
123.06240742
8.13926020108
3.81806780052
397.733202456
338.796554661
89.0710712127
4.58645540053
76.68881381
210.121775828
449.784942066
320.424265463
3.09537100035
5.22041020067
159.892668221
6.27657320079
0.0746846000084
746.531864927
502.064303091
380.507866863
402.254635852
230.618891236
0.0
19.9781004031
1.20514880015
8.44994300116
6.2179044011
226.004957434
98.7667390128
0.883905800062
14.0367012016
22.807915803
366.451351871
69.9994668169
94.3733862197
53.6811062072
4.51839680059
81.4009950103
0.333072400043
291.321840043
122.380034616
51.2892860076
71.8351402088
868.336482758
296.23419604
27.7979770046
88.4649876111
375.244203264
436.595536064
3.26122480039
1.42320800016
92.2228074137
8.52969960112
144.135572024
69.3357554088
18.3267580029
2.3218964003
731.64413172
3.3628458006
2.53987260031
0.328631200032
227.564624833
5.94954380056
13.160642602
36.9944352106
18.5509752027
362.122596054
1.44134180018
96.5058790134
13.4581908021
72.7167960094
21.0264166031
36.5266998049
21.481186203
0.0603744000054
3.72399820049
323.177798857
75.7137436099
258.151221443
1908.48946233
410.523191074
7.08790900107
279.510136047
4.22897960071
367.04756886
4.20380100046
1.59386640019
317.792839242
264.129735449
260.457930434
5.95010860063
62.9418920099
530.059168886
506.37940348
585.478779697
544.236057887
217.949562428
504.421950282
235.114590631
355.736687455
253.627380839
0.0
7.67233360087
1.2158006002
7.93182400121
265.523735045
2.82597560035
134.410482422
93.1257628169
766.705422141
11.8857850013
82.2820318113
1.51461140028
147.416467624
112.661580015
267.262457446
3.91046300047
0.578993800066
3.04422920028
186.474253226
377.02308687
0.0
59.2165458122
179.426116223
0.939318600112
159.942169226
18.4811576042
9.73422660134
1.51256920019
6.5031636009
44.230628411
6.82611020105
74.7516496109
8.59176140154
19.6494640024
7.62404080106
2.49937920042
1326.13631284
1005.12020457
17.9825700025
5.76706460111
14.6659244021
234.50284283
155.249903422
117.165641421
119.413609015
101.873796813
0.0
81.3663458114
583.849100701
0.0
0.118044000018
309.123969454
33.9747504095
54.5699250075
155.716603019
84.9690424114
170.330091822
70.4142410092
262.640679441
72.1772582094
0.231154600038
74.3753828151
2.74441040038
0.851560800065
0.234858800033
47.3899768084
0.200207599998
449.944390275
18.5676946023
0.183502800023
45.7227658066
82.578415811
209.700975643
0.0
458.810056474
3.19707980045
143.399887418
501.000749081
46.1371324063
36.0330784055
58.1885842114
0.12942040002
10.1763560018
459.137750076
9.63947220099
37.7349268051
2.00675760021
98.547445612
369.780832652
54.5035996077
13.3147730017
103.02031022
245.383290446
10.1942496021
62.4704898076
4.66281860064
19.3739744033
3.04682600036
21.9706738026
0.494299800038
178.568579623
0.748636200111
1.38400540015
1.4459596002
2.48543880032
103.576824423
70.372854209
4.74331940079
184.817000023
326.660860045
4.27251020049
0.703641000202
134.215711233
14.9963398022
1.69232040022
37.4452546057
270.363620444
211.829774228
77.4478500106
65.3006458157
5.32684380062
217.973909438
178.20092263
101.691685613
0.0
165.446675226
0.100540800004
38.392437007
14.6102484029
409.33306646
204.227970229
22.6132024034
103.709516823
1.60019180024
6.8026438008
203.009174834
80.9462038104
20.0897608023
209.406395633
206.615182831
126.514615021
5.47924780068
105.04163862
76.7222188101
427.853696073
78.9887870101
45.7268714097
90.2496472119
0.0
50.3238014119
75.0414278125
179.185412434
314.669409054
75.3326814118
24.6652032042
0.0883676000129
24.2580430043
498.667077474
378.892829671
15.3691902023
64.6968382079
280.304466242
1103.74238039
17.2618212027
18.4881514039
11.1287110019
159.263502232
63.6031782094
1.76131000013
110.283054015
15.9793960018
4.62818700056
67.8211884086
161.654897227
95.9539126185
1.16565380019
241.58837224
3.10035320025
1.25737680021
69.8319390095
57.5400478091
508.741935887
458.680449483
65.6439528083
0.316530400018
1.03552460011
750.968925716
4.17389640083
1.10627500013
4.29681260077
1.96251280022
103.305280813
439.932812481
429.48954947
495.784816084
51.882729406
0.0257700000038
3.27446200057
213.796321827
723.15863211
1.6107792002
692.131875525
1.71496140017
105.254829817
161.696981232
0.352816200043
68.556721009
4.54676400068
91.4803968136
0.0546072000082
10.4381794016
153.899061223
78.3601920182
0.209920200026
8.03494160087
130.887172626
177.246103423
75.8805260096
59.6683630106
2.67428880041
2.56882120031
576.858638696
0.192138400007
1.4867740002
7.8039840012
427.523713872
1.59170560019
224.474111435
0.338707000061
161.410837421
1.2693272002
14.0197652018
674.524538715
2.49422120022
122.71720682
147.060424418
145.862245019
7.76316280086
110.249841014
1.44189880012
1.11526140017
180.796982224
10.0334486014
3.23670620047
57.0491770122
1029.22747457
2.85967320051
40.5918382061
0.407977600067
6.38331940088
5.40283180076
101.378899223
67.7244512139
722.556010295
3.15504940031
67.0493742087
670.394857305
285.916400437
2.40907620028
0.187675200029
0.0
150.781671019
1.68282120015
3.15506880044
2.60539080037
11.0711028018
79.61917701
41.0623154065
357.156196663
102.415397613
1.56525680032
18.9089802025
882.496387965
0.456933000084
402.470802861
4.5649200006
1.20413260015
251.16293304
73.6872308093
137.599766422
257.164009033
3.83480860045
11.3374026017
48.1357242093
119.733137818
750.678663923
143.919947618
135.979790619
342.431627259
3.2499116004
2.95015640031
12.5425620014
653.982384501
220.92012003
0.892483200138
466.05743248
0.0
3.64159260038
56.8374846076
1.37158600019
914.39323016
238.395113445
2.9709934004
265.946625248
351.434791063
421.281085268
143.376774021
143.03351342
99.1367568179
789.063904726
1.11445560019
242.356072243
76.2440564103
638.994417108
150.865566821
121.853111415
189.098897026
128.786012621
1.23161180014
25.4873360031
102.919840219
38.7877064055
134.515210631
13.1618214022
23.7778516036
92.6300584234
0.567658800074
0.0
427.827186869
137.157501625
1.19965020009
454.912359673
50.0654222068
89.0875716179
5.7314026006
0.401578000038
238.267284235
0.551402400089
168.115724421
8.547042801
308.79343404
78.1751730103
0.0
3.93201500053
3.00586480036
73.1162226158
2.74452080032
0.813508600113
4.91553480049
22.1578308036
134.010410021
2.85662620053
179.245082833
76.6349950096
4.50843780043
36.7261822044
219.77762284
199.690250238
2.80379980043
74.2213672096
376.91801027
12.1869112024
286.054285054
322.581031057
67.0156276098
1.4362144002
394.460011867
462.801382067
19.7216346031
208.824006432
1.88117180017
540.845871488
48.3302456064
491.494168281
586.249848895
253.351906844
12.9697370019
4.50843780043
67.8152494086
40.8789422104
213.383906834
178.487862622
4.07635880055
0.0
0.274903600052
137.578268818
9.9022844013
200.620446427
751.382503719
498.618521072
273.555812237
356.353159852
287.371064839
1.15252440013
46.3132416074
62.1515142093
402.780457887
107.754812021
142.508735824
880.273938752
2.96174460046
162.276073021
14.2364792018
181.410762032
69.4465240138
6.81694840125
167.490700034
512.252065887
2.31972740038
273.172931638
49.0494618067
18.0008748024
255.036883242
0.358318400078
333.015609459
104.031942814
204.887505228
961.582915759
0.145610400022
1.16509420014
0.712157000092
2.65816580025
7.71316580204
118.403930417
330.221681457
88.5057494136
69.3357554088
5.41403420082
0.0
0.0
1653.26619452
0.350066400039
391.464361864
796.984672145
12.4464710017
15.7039076025
3.73795760045
110.975992018
0.36687460006
13.6223210019
6.41838380068
51.7655006067
0.0
494.738696284
124.968906815
281.18551784
2.76731820036
21.888373004
43.0771422054
443.685037075
3.15785820039
0.818905600111
2.78814500034
212.230647427
31.7736072046
12.0461650016
242.879186837
91.4605856131
7.58530220099
175.795199026
826.655096133
2411.66418378
2.77553780034
4316.06567049
542.717792272
14.1532838018
5.32649820056
1.77479960024
0.0
174.364201624
192.566721638
25.0111718035
0.0
90.3031152116
450.660402672
30.8309324071
13.0337162023
140.35493343
212.016483428
2.63761600031
190.371020631
2.97869180044
0.0766634000103
26.7031868029
1.95428920039
55.6655258072
122.110118021
0.911625200143
126.213020015
157.87743882
88.0933604123
151.218763029
46.9202184064
110.293772414
0.322725400059
176.861970831
38.9062008065
33.7462728059
585.961450698
7.45535220115
14.2890292021
69.6344478089
66.8268486086
53.544769006
0.0
2.34370600025
2.1703650002
68.9556618102
0.0935272000138
244.541585232
0.0804180000062
1154.38722739
439.414307458
46.3040406065
0.0
0.379180400108
79.072348817
61.8776756098
83.9130590105
13.438139602
2.62352020048
2.69255000043
3.60664980043
288.221712637
18.6021008027
16.3135868024
288.107957056
27.5016252039
243.45042624
136.329570027
59.6664964091
74.7860962095
31.8162674093
37.9612686076
379.58659846
0.0
1.45704980014
36.1141790041
72.7807760108
187.286752041
16.8526798025
7.53918200083
732.311974313
158.207624027
330.579342846
225.564355033
106.361118614
150.12527182
165.503203022
73.8074852095
8.83161360126
1.26220240015
107.822669615
2.67680040033
33.1854808054
108.438557218
205.511544626
1.81748980055
338.029303451
1.73404720026
17.7471520027
405.659046472
3.1037020003
0.313324800041
145.290869834
2.9314258005
22.682335403
240.729053035
496.853381475
2.25332420032
465.55983967
221.670921836
554.551133504
1161.1831792
227.359919442
0.66092480008
28.2964454043
548.759958887
121.511605016
1.20636100012
1391.88918244
2.2067802003
757.253071121
44.2442116055
0.147040400042
7.76711780076
1.37686220015
11.5777712015
13.8282356016
151.640759826
632.897930303
725.298648922
2.13037860036
4.01611880083
307.900904858
199.297500441
763.580250112
116.832014616
183.115639826
81.3040376149
1.88124340037
179.647041032
4.08695320043
157.311434424
432.283147469
21.1004714033
5.82610640066
0.863253000118
274.551361053
6.8625796008
3.6635482004
1.34807500025
0.0
6.38975560077
2.78265740038
3.75499640046
172.792149023
29.9928944035
0.0
1.16404560014
2.40302460026
528.259964693
63.8707602097
3.42402060031
0.253064000035
37.4819560041
278.812720846
0.758246400078
7.66503160106
17.2052852025
13.4184034019
10.6190244013
5.19227000075
50.2523086067
84.3349832127
124.619050216
4.13240380071
122.588636628
5.4414166006
1.17130660006
1.69366680019
28.9901670054
0.440383000035
391.770278667
203.968501228
123.513857217
205.243529435
909.148699355
1.20787580015
523.129137488
0.0993908000101
158.529695431
363.047412066
378.715927865
82.4538992152
0.51903260008
224.44667403
113.474875016
3.66734700063
227.42376743
88.2694370113
4.55131760065
1.39243780016
87.4693064113
0.96955100012
8.41114540109
195.943010832
0.766712000065
8.65926280139
74.7116574109
167.104979425
94.3175884114
2.82833680042
128.863514621
171.984471623
45.3006160068
372.247099467
1504.12234247
19.3210932029
1.47921700017
34.0442352061
187.105416433
427.749222265
764.203822331
644.905119902
526.656397885
86.4612396112
1.54098340019
43.9595670068
359.361033673
119.280464822
161.349847827
572.319020505
0.0
0.388727400062
1.9480272003
13.7892520021
11.3705618015
0.414740000013
4.73401880049
27.4320734042
473.355682083
203.10840503
43.7307168076
54.8590728079
334.990820858
360.908182067
3.06695200036
332.475374848
27.8787090039
116.269025416
0.167852800043
1638.00495607
565.992527501
1.42348440016
573.701626491
663.423699507
3.20172100046
0.171044800015
0.308763000052
25.8365772048
1.37469080021
57.7901842095
147.984111024
1.78709600025
3.01844660033
2.03340540029
6.50414500088
473.633404493
2.44905300029
41.3801234057
160.166379021
11.6833310013
3.22432000032
7.81701000089
80.01219121
163.004438232
49.1520786068
3.50208440053
122.554596017
0.619570200115
227.298743234
5.89080940069
48.3946588064
11.7151410015
5.01199640065
11.6063076016
0.278391200031
8.60996960111
10.2081342012
31.6448990051
8.09664220094
99.5789222165
2.06740220028
75.6726418098
5.03971640062
370.120509067
401.62942767
807.63865013
49.6810150058
577.887649497
218.366113236
111.425944023
167.711102225
242.205577433
0.65119780008
479.602303285
293.807698849
1.24705440021
27.3812182037
1.02149240013
3.99703100046
3.95301880043
206.369671027
163.642399225
464.770485883
2.54363640043
170.291903823
62.6360868083
57.8686640095
37.7200202044
534.94043848
5.66548400067
689.778101519
6.23647700095
2.94294120053
221.055215243
61.148277809
293.759167845
503.228980481
1565.34238988
1983.91274574
78.2076060108
0.812861000185
6.40671900109
504.433222881
215.43765523
0.0
117.729698617
5.47084580075
317.973816648
2.84928960025
524.13949769
449.036861273
131.808506627
0.0766634000103
0.696613600128
79.4996900111
7.0696714008
129.852505018
7.67001980119
437.71170848
100.370038014
3.31007620037
321.55318005
2.52779460042
8.2582748012
13.5297618018
196.674131227
3.9999272006
11.0728946021
383.527960266
83.3613122122
156.27883902
215.832121038
1.59127020016
655.619293303
60.0434192078
31.1175994089
0.816043000124
14.9270962023
272.534347445
413.773035865
5.13060100067
96.6796068161
9.22497320146
3.99013920043
207.596125025
3.0082436004
53.4585538115
262.991657047
24.1083652034
276.26116824
533.97128289
13.4173350017
1.33390960015
0.0
0.0
251.907050034
52.0326486088
17.7331038047
4.03853940053
75.5187110097
335.469298255
278.501912035
2.18848100048
5.35174280077
344.728014852
773.046510732
23.7568302027
4.20347060047
84.7073770137
740.567189731
23.674284803
0.0
6.96082720097
6.95343500102
4.33042000047
1768.0767207
79.8054104103
5.62757820077
245.573854637
626.164346505
78.7595528102
81.7018810108
2.92517560038
15.6465618017
143.66305342
0.0773478000114
190.653691237
0.0
849.248558947
5.1895382007
36.7582992047
0.849462800044
235.330061838
741.528405716
606.467388905
1.36566460014
1.4874990002
5.41526760063
2.54642940027
2.27626660027
23.2603276032
408.482286658
983.346910164
2.26005860029
820.274743155
103.244845615
85.0323148113
124.397370421
495.021563283
504.834931483
0.39410160006
51.1182176072
101.25096582
3.63168080034
1.86183720026
128.263368629
71.6669086095
0.956268800157
206.779997434
32.7994738068
122.668459018
139.353158222
99.8411458126
3.52497240038
47.9111094114
18.9567844027
3.17769160036
491.487029084
886.552541765
11.7544412018
5.45329160088
78.3200588096
616.035989104
192.255085625
593.6469311
214.560925229
468.969489279
107.556250814
232.829580031
193.312084225
530.552658887
250.511521051
4.48040680057
275.209893857
20.7747456037
94.7818520174
51.9815360081
88.6516662116
530.525896286
12.6163066015
97.2103590128
239.726356831
408.680963477
277.010000437
232.881159234
104.134250814
15.9003488022
0.225084600034
188.49369703
233.214493031
4.46790880057
185.626317032
47.0239466068
2.40329160032
9.17792140137
118.525303621
23.167879803
492.798311684
54.3453506078
116.191720826
75.3958920096
26.1750050046
415.987321471
11.8781096027
84.2051336106
12.4486552016
412.56860947
4.42654540055
624.989481699
72.3182582111
160.618671022
6.08445860076
44.377114005
104.048773813
20.7122358026
24.0599468031
123.225152617
1.50330860014
2.57850360045
107.054541814
2.45256140029
89.8989418143
200.347280833
0.0
222.559429832
622.556598717
45.0870680049
553.324592286
19.1358580028
57.0435898097
42.3382464063
272.327683446
1.89809480022
620.374117884
361.381197453
2.01168400025
0.093773800026
105.759919623
10.7514850019
3.71187620042
82.8591766121
67.7574974086
200.029237429
79.1641146186
247.312577833
506.472591692
397.231964661
14.1324964026
331.930707454
0.616935800082
5.12318820064
391.873949453
15.8710886019
4.55622460054
3.38173820035
552.749074287
9.24445560122
2.9861624004
3.5484348004
2.67297500057
104.093861613
1.12159200016
20.699219003
3.68204260042
246.195626439
2.0288338002
6.32413200062
8.50706480117
0.0
10.6809462017
37.4025650065
0.605993200077
150.244640621
205.039689429
143.118451626
67.9679640089
20.5205840036
143.970935623
56.9052684087
572.918154496
21.9167652041
26.1284074041
82.3867950105
68.398185609
550.893765098
10.3553014012
3.58668940063
0.0
0.402065200045
118.505854015
13.9269062018
79.0236180105
146.957847229
133.037840623
16.782723002
73.8072514097
59.1217048085
163.453977232
71.8967432096
113.397963024
129.950851819
78.1617368114
162.860701221
64.4697478075
51.292493811
530.737607286
1.96490400034
0.948664800061
92.1303882193
0.0
214.00266723
148.116862831
134.647786823
24.7245376035
811.945430353
499.197877494
26.002690603
22.034111804
496.909733284
0.798458400043
10.9061930015
285.423250244
2.26912080018
67.205243609
35.2809764043
1.31052720017
1.81721720029
68.6474384112
0.0675274000072
0.760401000078
0.0
78.1975816172
64.3755036094
515.813756684
37.5446072048
0.0
910.072003741
0.203017400018
103.193496424
7.0538984009
3.14986600036
1.43051860018
611.141561698
1.52534080019
104.187738414
75.1902288094
482.053835695
565.720914293
130.467417216
38.7984970063
124.39883622
3.84075080044
322.822518846
225.027901435
334.37277625
7.05342600086
3.00190280032
15.916037803
2.51095420026
0.0
181.191628028
227.85359103
1.38476480016
4.39724440063
34.9075408051
20.076384206
2.99644900021
643.494319707
46.2361570054
296.896897856
82.5941804117
258.213052239
302.970540047
61.8733990141
0.840538000098
7.77378020135
24.153170603
1.68604640025
205.746848635
1.71168680018
6.31772380083
2417.3800888
15.1119478035
5.6762766008
56.7720336093
0.0
0.198979800026
24.3380010036
1.84232320016
19.7771260027
197.335952226
134.65807402
250.263927232
167.115579022
94.3979822116
2.10356460025
134.104994424
2.33318080031
660.845182511
262.055123243
1.44134180018
0.0292800000026
161.633154823
64.4769520103
111.977281416
80.545039411
108.262841618
11.3812808022
38.6473100054
372.177802072
144.860441024
8.99771800144
702.444674516
969.710595343
790.18589313
0.327535200007
1.3923802002
5.14230200086
1.45785480014
67.8537180095
120.960372216
0.0908578000072
34.2946364058
1291.73435983
201.166832236
71.9698656107
194.726249833
0.119907600006
99.9063412183
29.143569804
0.0
1.25735180015
70.1303096156
125.35391182
90.2880794121
74.0081018095
299.249603238
155.193704822
151.121520821
16.7843406034
122.236111416
15.4687726022
0.0
333.591595256
301.856748647
2.76787940036
21.4947108026
43.2219824061
1.97732600017
775.59435472
168.858567029
72.8909818091
7.81167980082
216.95465783
2.13011560046
7.34137900099
110.998152614
5.45406440069
214.349450236
6.58309860057
486.328037479
5.78497980124
0.0615804000076
154.11852423
113.863836016
72.5776680096
2.0813284003
152.40730842
129.618233017
7.57552520095
0.0
24.8218826033
3.55288840033
84.8835408113
409.618512056
0.0305898000028
99.3909138143
3.12726360027
1.66049420018
224.677002239
0.457392400071
291.992561257
217.695217828
0.612877400042
92.4105086169
25.259917604
3.40899860051
60.1911132074
838.926920744
181.180463224
29.7822170046
391.029933464
234.495519231
75.7636500097
474.529663875
61.220767808
78.1327952097
1964.25098754
449.888899482
49.585424807
4.05115180045
371.756292663
403.550788652
32.4528234085
2.07589260039
59.235780011
0.711071600087
417.187604275
41.0797094102
783.510567956
49.2185762066
69.1800790087
7.08934980126
283.962556239
573.480183289
0.0
2.36610060038
3056.36646711
273.668361045
109.906146217
3.26780360034
2.23993560034
0.176798800006
436.953258084
97.3422292161
7.38331900121
169.520114027
5.19711360085
64.3996174083
273.662952652
7.48076720143
7.13157560152
159.04643402
0.0
779.905118932
6.96102580092
553.825730294
4.48153240051
10.3095694012
437.013821877
174.169283035
540.317857882
1.89261360019
212.567527028
21.2846172026
8.4243226011
85.8501684118
70.4962674109
179.776227028
457.668475079
0.0
25.5997824039
4.17772980041
44.316560606
3.04553100035
2.73202040054
91.6205108116
2.03927360029
188.287253231
78.0126712104
0.0886662000136
55.0231028072
0.631267000112
1.30769520013
294.426145238
0.166386399997
46.6852940096
8.70475000179
120.520682615
0.0
1599.06427628
569.441975497
6.86022140132
3.9218378004
178.585206823
107.272692013
473.688729865
24.710239205
54.6583622092
7.44385520078
0.9189330001
6.83871720059
7.73353460097
225.134655232
4.00916880081
16.6947268031
112.794190617
82.6825604112
18.8588140032
129.189412023
0.0
0.728140200094
18.5027306031
1.85165360026
3.50045720035
605.903328706
0.0
735.788114523
298.198764046
393.150084673
49.5783830085
340.985080454
7.15305160103
0.79539340006
2.77846200031
421.623595468
283.765306651
32.8443718042
1.76497500021
506.04588929
2.32105500034
13.4609162019
63.1389854132
8.3155556012
30.7993200051
90.7717782117
284.438864645
0.722735000107
151.410977419
132.588062618
106.335110414
3.55836280038
88.0478184108
2.52923920039
11.625351202
247.232916437
98.4705170126
57.4213446083
8.04725960147
6.66622080067
159.645764223
0.0
2.78691840029
205.99246183
6.20942680095
6.63634660119
15.3932760022
672.606982918
199.855710825
50.7984186072
163.615194822
753.148871724
20.2688196027
195.16972523
5.41021360078
0.940974400058
3.81053640049
1.6260142002
9.01504600145
194.45385483
9.0015554011
123.339368617
1.96945440022
242.032328432
0.380479600058
349.997511646
458.586654278
4561.92380058
67.0474320086
383.438202467
66.8866434087
109.900699623
4.59162720056
1.43433820016
95.1728196125
384.658133266
622.858019695
275.274856644
971.140439963
14.3992814018
20.9229982034
149.233005819
26.5470636045
13.4980076018
157.132473021
0.0883676000129
9.75152720121
2.94680360031
178.715401022
30.3193680037
69.707111009
47.5727054104
112.849589215
87.4428340111
2.5405096006
14.1087866021
11.499256202
107.378131016
133.27837922
6.65642700089
3.31962260045
1.24093660016
73.5889762096
129.217218817
234.895762238
24.7701592042
302.364669065
0.0836366000126
85.2222056112
74.3016666113
522.670497088
1.60373560017
715.39009932
0.0
0.500274000084
24.2262706039
76.4911258102
2.89504920031
0.309454400035
453.977025271
128.224019216
72.3852160102
12.4378594015
1.04468880013
5.2271102006
174.129918834
47.1946686085
159.082744623
187.705968835
153.173188223
27.5425944043
2.94047980047
42.1988094075
241.779280038
30.2118732038
97.0239478123
375.756281258
3.99013920043
138.994684218
0.679423000073
2.71782660035
67.7074234117
8.39164420132
165.539665229
0.0
10.8316110018
2.5687964003
3.28670100048
31.5223076085
1.04697080022
0.989498600186
138.02989883
2.22601680019
0.710510400104
46.2394654064
82.1738804115
957.803507545
0.055419400005
162.635688821
99.0018308119
0.85680660011
29.6618300041
1.29868880017
685.943051514
77.4108440101
447.762482675
78.2087360104
94.3213048124
341.682702062
177.553211021
94.5252306122
76.2736508105
266.586290235
5.30370080062
2.18781600034
56.6179738079
184.221688825
185.892496629
245.032820239
0.36987120002
27.7920896034
549.442014493
680.018955721
987.159360164
0.306089000126
149.70819822
44.0476834083
32.1596426044
49.7629344076
16.0430572028
2.83776600034
55.2557044112
356.433704263
29.9045962033
5.14737440068
163.704995622
90.0974588146
225.987560647
0.805699000115
30.7840922061
67.7574974086
7.3677518009
18.4109748027
3.22515620033
3.75724900059
0.703237000057
477.938188279
321.48318406
16.5506226023
55.0920420075
126.82923543
3.47487960034
0.147864800013
1122.24217619
39.7527158047
4.10707080048
5.815064601
21.2170054033
77.3494612102
109.405189217
20.0618480045
2.78117560034
1970.45885174
0.0
10.8863360015
74.7381550099
250.997522034
8.87890500108
28.3893958034
0.0
3.67115940044
392.735105852
2.59759320042
19.4814486018
359.887901251
14.7469012018
7.70326940143
166.047185823
103.340518017
0.587228400085
227.91845743
0.941012000142
0.617311000046
410.763269867
0.848760400056
72.2846272108
26.699009004
86.4214288106
49.4614964071
24.8550116037
7.90181240134
135.522259625
4.51919960065
1293.52090183
406.558730859
8.37976700117
0.496723200039
2.99512920024
3.50754840038
336.175529459
79.8495172134
1.05218220009
70.2720416104
508.981906888
0.66975820006
4.2130956007
75.9196500099
167.310203425
3.31249080036
3.1035224004
2.76787940036
224.628076441
0.0
0.228857600004
168.947187622
112.552184815
1.23593180022
70.3287090089
10.9473370016
126.745257017
198.161131439
10.6601282014
94.9320784129
0.0
305.359153449
3.32191980039
492.293875885
11.0199782016
11.3764272015
0.0
45.2932826056
2.47938740025
99.6595094138
250.426051841
82.2216298091
1.00237700028
0.0
7.72759700107
37.4840642059
25.7274572033
142.09606983
37.9085700065
0.836017600066
90.5736456131
222.066828841
195.62432903
1.26146160026
0.0
191.073792025
492.276033473
61.4790078108
95.4165464163
383.948368261
32.7810648089
6.55068780086
160.208744822
146.421249425
0.0
2.76150700028
106.360186616
2.14527520031
68.8429488089
3.27132040034
47.8437132076
1.91618780017
111.050739019
4.82808060099
22.6844696026
28.5639552045
52.6354556075
0.0
468.810531269
12.9640060018
218.42315784
84.9359768131
545.593807092
415.179992079
15.1993068018
565.081926094
845.413882138
12.0827008015
2.3722586003
0.882689000085
352.281045874
22.8455824028
0.463563400101
6.7306438009
432.582686865
2.29978060033
5.87424980105
0.270595000033
286.541626239
4.79426040123
195.357575425
82.731632811
234.305788042
2.12802460028
190.35156763
315.974923655
13.6685562019
852.504674726
3.97900840035
6.27261880097
68.0489112087
7.15744240096
53.3115548071
16.179607003
504.018473891
446.262406672
3.92648800029
259.880096034
0.0
75.3163982095
1.43369060015
2.46116660042
32.9939636057
0.605089800081
207.213428435
5.48401240065
3.78697760051
0.577723400077
406.595402256
0.267005000047
1.87003120026
15.3160774021
646.432028313
35.1512782045
109.390300614
154.032041219
506.205970287
2.24755320025
219.732588439
90.6833934132
17.7241780028
29.6475166041
11.7068638015
9.01496780115
1359.19029426
67.7574974086
5.41455760093
3.14377960042
0.532462600127
179.900732624
11.7890630014
0.0801380000124
18.3658262029
4.6051164005
7.74322100163
44.0034612049
47.1894426119
11.5664330016
88.8713478146
175.323606229
2.22599060037
292.711275047
0.969890200138
451.831066667
15.0066816031
0.0
1.71122220019
13.2296936017
21.250688403
69.2191110089
8.41412080117
633.155770108
16.8199164027
454.08952427
621.845156504
87.0204424114
4.99060720071
266.177930437
41.7615564053
709.358246119
148.049250219
2.15635580035
28.7866886038
372.117629273
225.404047644
20.2293950029
11.7271492013
32.8312810054
141.033034618
54.4424304078
4.50669920108
6.95274840075
0.993860200108
52.3499720071
1.62532700019
1.43680060015
33.4037072038
11.8921866016
1403.22072924
3.54507900041
318.14688866
413.337806873
0.72162260009
3.52963680041
0.118814000008
355.431695255
6.51964060061
133.275847018
233.683497234
0.0
262.541367233
15.6791198018
398.851804865
0.0
7.48128920151
139.749218218
6.58601460082
18.7071790032
159.776527422
36.165413805
262.967426235
1.76546840008
12.6252252016
11.9004840019
198.230695637
2.72335280051
84.6913816128
2.45926240044
14.4800540016
189.462564828
4.04358380065
19.0526950027
56.5850626075
164.70544503
0.32701960005
381.938248865
254.735609243
21.3255936037
2.71782660035
2.0786464003
8.80183020137
32.8296506056
623.434905093
11.9413382017
1232.71906502
2.14592880029
0.0520782000046
4.21049580046
68.739893609
120.738817416
1127.24461216
30.7839830034
240.865121448
27.5505444043
685.062863306
519.440122071
4.76476220044
7.92290500083
17.8159790025
26.1642578034
1.39088880015
0.36088700006
9.492418401
169.151676622
20.5704824031
6.12235720087
1.31267920025
560.539892693
41.0076404057
0.520174200037
96.9779348121
48.8925500069
2.00895360024
61.2685848095
91.5854974124
238.515143834
5.14894620091
4.97446460058
0.0
32.6505366047
68.9259300103
193.29912363
129.993586017
77.7752682101
31.6178336047
407.739733072
9.21357680121
76.4318590106
185.476810431
6.26450480081
98.4723216174
496.977550487
129.982625017
208.104077231
13.0949770024
35.5715402039
203.177007833
124.645543023
11.6270956019
2.05044580018
20.4146646024
7.5340834013
103.036952015
426.307243274
43.6743250087
59.0183394075
580.017612278
191.802476025
8.93736200145
458.315850674
164.242928829
0.749134200012
0.0
486.995620083
4.1921530005
6.6071542014
54.9835460095
690.690746524
39.1063024106
59.1615922085
0.0
47.903450807
398.725391266
47.8803356113
10.7600624018
99.3126162144
31.9061234049
366.044590451
1.37192820017
4.27871700049
13.4799730015
23.652709403
23.6709442048
2.94772720035
236.957886448
82.9244984126
3.59979400049
335.788867247
2.41097260031
578.382719694
277.24594584
2.86446360034
640.265080503
330.414459442
213.83773023
0.585384200072
95.665141213
23.3220586033
68.0489112087
80.5790374127
0.430947400054
31.7217258049
89.1983784112
3.09870120044
8.97447060094
94.7788726121
73.5854328094
0.203463200022
9.79064500142
2.31036660041
667.129027286
73.7703606096
1.36855580017
69.4485436094
19.2963526023
88.0576600187
5.37283260068
0.857730400084
3.53854840054
153.015462022
75.3779090095
219.501856028
2.6886912002
2.9101718003
292.299564245
5.74559000054
34.6752160048
6.77821860088
5.30701180105
0.150050200024
88.2382886119
21.0621570024
169.443831427
26.3402274046
1371.84564303
477.819705085
6.49273540082
2.4187984004
588.239839299
758.17623891
70.2106092089
9.91816700152
245.937999635
2.21013320046
7.26443060093
741.342429923
31.6854174047
69.1910728091
441.977799878
479.752687875
616.013240496
0.193702999997
0.879828800156
7.02682180085
32.0616228043
1.72714900017
105.377129828
74.7166876096
354.864059656
171.544784424
154.686291029
11.4932802015
2.21906800029
3.20836660044
18.3765564022
35.0491194052
146.936937423
6.32796500066
8.29710920093
8.93784100122
143.51247663
2.52139580043
4.59133240063
457.729366874
53.5899858084
109.246355826
84.1067616109
5.34831800106
2.94889040036
1932.96298252
154.474702221
177.883160223
34.7567108059
54.7229370092
237.222675038
27.565241005
1.61563460021
505.140184876
0.0
43.6469838068
171.591241831
237.818474437
359.281725247
99.0033872163
1.28712780033
37.2837064059
109.135051624
0.230630400023
35.1991728039
13.0777162016
55.7230084117
301.388171044
5.07016840084
502.645727686
2.38430900031
2.24979680025
95.4599590188
65.6330524104
1150.46750758
331.476692061
62.3547314076
83.0706450182
30.2366922043
75.8340630107
368.631735452
38.5555858065
32.4494946048
7.37626600086
14.8492300017
65.0603544078
3.88389780028
143.190030219
4.72538120046
9.78971960114
1.16927600011
0.0
464.616459277
0.853145600148
218.102556428
146.65851762
6.11203320053
0.0
582.576641301
11.1034192013
20.5626066026
11.8870954014
0.0
38.5086022054
363.04348246
13.0908214023
5.45260960051
7.06046600084
67.9275692154
49.3255412076
156.590718226
111.925102014
1.28755080012
10.3209204018
4.75044140061
692.948126519
312.66456025
1.63425540027
2.05456360034
0.0444532000068
0.909358400164
2.02089700035
193.457623225
0.0
11.0470536015
91.2252540131
26.8358622037
27.1847200034
0.0
7.03569280094
77.9911628102
309.141743658
0.0
0.666084600102
362.293522856
10.3776636017
7.01277620089
735.613399713
9.59098340166
53.2229720073
68.350116809
98.5593354153
137.643677229
6.79410660088
1.85934400026
1.48328300016
677.487572912
6.60946580088
632.772335913
1678.9185699
0.0515912000027
186.66953643
161.134200825
17.9574438025
0.0
416.676706675
4.99763660057
1.4874990002
70.7178944093
8.02597880104
3.71253800052
200.909800228
19.873305203
237.711952444
56.9948680098
278.32008625
92.9634646121
391.900890865
90.2182314125
208.389624427
676.0512721
56.6738694082
13.6660916024
118.25899762
95.5560974115
227.10154703
412.868027871
61.8514630125
119.452340215
210.511564836
32.807841805
3.15039800039
2.29118800036
517.662102484
0.570581000073
1.43069680011
128.168680625
5.02172360067
35.3389738057
3.11291300033
1213.35973182
77.784954813
143.77257522
1.33144380016
257.862004434
0.244266800011
132.579667623
122.437552616
216.223600428
0.640593200076
1.51998220022
159.151363633
2.29761940029
5.38810020079
169.053854222
37.2167752041
0.0448514000046
13.8552042016
0.0
0.0
0.0
2.02546480028
76.4549118108
0.0
86.3844626143
350.860326266
68.4639834138
4.19083360056
4.83137480048
91.0540474116
56.6233390073
5.24510420079
1.83702560028
159.99734762
146.214964018
854.173389743
149.545056829
7.29554360164
10.5391930013
83.1216316114
0.695888000058
496.050004684
135.484015619
72.8521270098
0.786292200087
0.0
0.670238800096
45.7414324058
17.6324520028
26.2525096036
233.51708883
151.074813819
402.282949674
20.0211520029
165.198010823
44.4581782064
1.41377300017
1011.3845292
499.78251968
6.93191140082
37.0918848054
295.699727457
46.519784006
75.5795894094
1.17217600017
43.2697160067
29.3893580036
1.33258540015
37.8645404054
442.372119471
12.5840788017
867.60902116
5.1797196009
588.758991497
115.625524015
211.26075444
1.70800780026
68.4855050089
99.1639166155
38.7530912052
241.293890837
2.68352000028
4.37265780077
11.7868310012
46.6066936082
38.7650940055
22.0347224029
4.21429860051
247.847429433
0.933218000122
73.3797136095
231.367056641
3.9119930005
56.6245888082
14.2388036025
32.7431854054
222.579528042
173.923475629
56.1196366097
2.47169160033
481.441658277
173.729068223
4.56130620053
0.455294800093
121.062311616
83.9274526116
91.4379248167
5.81963280084
39.835019405
4.61677660059
1.59751580017
1.47423400015
0.0960870000112
1335.05418384
206.096682227
6.49633080092
0.0257700000038
36.6587176055
211.53762083
9.4907140013
490.937573681
2.01912900054
951.516805559
184.56616523
67.4847026087
241.54181164
8.28511080099
29.6632716034
0.378592000026
111.62309302
495.297117693
115.557488817
0.0
37.4433274057
1.50013340017
4.72881080046
1.16082300013
2.64508080022
8.76524700112
82.9550790111
8.17949200076
36.9983808048
1.52882380023
15.0514082019
36.6335034065
669.283032519
5.41381560064
171.334768424
3.89500440061
39.2275184059
233.856019231
2.82349040028
6.44642420081
384.818411067
190.808953629
30.5941140047
0.689890000099
72.6261474094
150.493172019
0.378789200057
145.198503823
98.9156734182
324.705339863
76.8450504102
2.26740740034
144.50817902
424.370497684
10.6097636015
1.61477620026
15.7645502023
7.16258740104
2.42029100041
106.59143422
210.907227827
249.760533834
194.083501035
1.57500540015
621.045941305
2.21419120024
140.700045218
4.91955680089
646.584541115
1.39243780016
11.3385186013
122.260694016
76.8410140156
166.138085026
6.17743560072
90.6570134122
939.521868575
1.89981120028
180.503228231
329.723784859
39.2293268055
8.40169080144
1.68710020021
346.645960657
1.53752840022
0.0804180000062
96.6455350186
0.0
29.3200542063
130.091517017
167.058654821
0.0
21.0911214029
18.0008748024
1.80765580023
5.17838980073
295.092238246
124.467866218
119.539530618
234.939286231
393.756884271
146.75579722
8.97369460118
191.894144425
3.78295540054
3.98135620043
2.5294304002
135.724115617
76.7913426097
4.32476680038
547.849280289
5.54359680092
144.793736418
0.63133180009
20.0744574022
1.36566460014
2.86139360022
49.2523484072
4.49714200092
944.367116366
487.471999673
153.30134043
149.025281019
1277.22656481
13.3167544019
664.013652314
204.405422226
135.623545824
82.8505410119
77.5574784102
0.0
0.771221600087
11.9114848014
2.56907400051
324.759762455
5.00730260055
0.0
1.98605200022
192.651466624
126.517456418
354.769829459
1.39444860014
194.395927226
0.143922600013
487.694109485
797.128031337
13.3416690019
0.0
17.4219746025
288.816138054
1.71081060051
7.20201660112
120.730617215
0.358610000008
44.5680874074
3.54758200053
127.594481218
81.0581996119
1.21919720013
166.094687629
317.035682856
707.122629117
205.260399027
0.552263200009
71.7055622151
0.0
75.81490241
7.3291744009
422.307002273
441.72787707
105.910598817
4.1084098007
19.8494676023
167.23017563
0.880710000073
0.239738800022
15.668582002
73.2711624099
452.27471008
92.0779474116
96.7014268132
34.2545386046
292.083321452
87.9703696112
3.55826860046
751.349874516
8.55572780165
214.999273438
84.7426026106
7.81364240114
535.787918891
72.2736638108
0.0
0.198979800026
3.33360780046
484.63228908
3.36596240028
1.51780940016
0.585384200072
283.049998644
14.3766822018
537.643622885
34.6969228043
0.0
0.0
468.920961283
75.6520880126
214.446410028
134.905188017
65.1022552088
311.85443125
395.78837587
68.8048632093
5.4884114006
49.4974724065
26.9627308031
3.48717840046
315.558046849
103.342632616
64.0852680088
0.0
2.47141960031
139.336494621
110.895524217
7.66773560079
0.105807000015
6.8378518013
74.2655994109
23.3779282032
0.105807000015
24.6344124033
0.118818000018
1.47921700017
767.854286938
658.702260109
3.49867160035
260.255010644
219.215484643
168.085041434
29.6168268032
298.288738048
283.976577655
11.9029616013
24.5032724054
186.57500784
546.51020749
51.3981608077
111.998911023
59.6268074134
89.6794606117
2.4910754004
0.0
3.38836320043
30.8747982046
2.81674960036
455.03185208
3163.59052872
1688.42934586
721.34697892
112.705972616
325.912625258
36.8620476047
3.09904140038
6.38078000085
160.576825024
255.632148036
4.03821200041
587.706749693
235.01555443
382.460968467
0.0
652.444901503
119.304318616
5.12173960067
22.2037960027
5.26483460067
1.93047180033
239.365755844
265.615328637
70.751209809
2.89229740051
486.040550477
134.952943019
19.7541018026
203.075959834
144.872664428
0.0
2.46514020043
92.7345544117
33.3862610041
298.276016252
0.0
12.5471998017
268.701212644
3455.06466278
236.255877246
571.109959696
470.318752085
164.119477422
2.74315420054
117.472646415
121.126495422
4.62816680085
68.2015058087
149.853465619
0.776411800106
29.3977154039
2.76175100033
3.88528460062
0.0
8.76126160126
0.308397600046
13.7201870024
566.516215499
112.010164416
44.8086134052
173.032940222
8.05914560122
1.82556100018
70.1235430089
159.331354024
174.173039629
6.34858680061
3.08040740033
162.66134342
30.1826218052
69.4670928128
1.3337186002
11.967888602
3.32883500055
98.355209618
16.914921802
127.904330416
155.409412831
181.069213232
156.405699027
244.98015124
385.641319468
6.01296400087
1.06437380015
56.6148638086
0.284880000026
1001.61252499
55.9030424095
269.614415236
249.022758642
29.3673268037
47.0921690094
91.1829840115
3.15072920049
125.801158418
43.5586616065
247.911138246
236.06039524
42.6503156084
416.622732875
39.3878348122
108.03014342
154.597655621
651.277100514
1.18093460015
547.862242084
686.952942707
3.26321260039
392.286520669
97.4078680129
524.036306093
341.317221062
310.18892645
6.72285740085
0.161070000017
5.24928920082
47.0090374055
724.957624716
436.655270462
140.613481618
32.6655688039
0.0
127.675806816
376.746963067
173.24733763
0.0
2.10584460029
19.1767958028
67.5084172086
0.134505400037
578.413464495
190.228496824
205.445651032
7.78316780105
1.04380280014
0.0791354000048
34.8598934085
153.544827227
506.253475885
51.1774796075
3.91987200053
71.8074306094
136.224978224
58.8260950083
26.5331208031
72.6679064095
132.603224422
5.82179360114
80.3414924104
613.298305496
0.414740000013
2.91585040045
23.5130374025
147.042783021
507.290549283
159.603460021
161.394064021
1293.065872
162.288142633
482.48064888
0.0
39.7739302056
116.690913215
137.92858682
47.269420408
540.437901895
44.6213566076
7.69167920112
226.91428463
80.8087434208
482.608325678
604.836533499
246.146928033
476.178232871
563.027952092
241.608923233
89.8977730114
1242.69067998
62.5527540133
79.2252116102
255.77055425
678.330252112
55.3924988083
406.901403075
203.698778034
356.336081066
3.71083560034
17.910287203
5.68789740058
213.012703441
138.898811219
1.34387260017
2.65950460036
152.748325228
124.568570422
0.0
477.557948678
3.07523540034
0.0
74.1521636117
0.348746600079
0.0701402000064
49.1197904106
1066.36370899
1079.18932657
16.2420190029
84.9533570118
36.773084005
6.1276226007
7.15604420075
2197.62600018
259.927510847
1.84967260023
126.713917817
450.230232488
769.582911941
95.1360862137
341.758311454
0.0
1433.31039865
298.17788124
297.231559257
64.9044508097
5.21950280055
0.56176980017
6.90320400176
488.084176284
196.732616625
19.8425206026
2.33063680046
44.7414870075
156.380744424
424.067029267
1.2682544002
7.83694720129
7.30966380099
1.52534080019
0.628041600086
4.14158220059
17.8821376022
79.6548302114
2.92895400032
274.632217641
329.285117849
0.242745400034
68.3578756091
0.145203400021
2272.84064101
36.2547766052
163.306974023
1.32128980012
1.74560440018
4.69681200061
379.366221068
92.8911570119
139.684305619
493.549805484
0.902200800186
68.0773250085
0.0
70.5045508093
44.7262760115
97.496169813
801.777611505
813.497010528
2.33318080031
67.0022722085
72.3251984093
2.10116280025
4.50100200063
863.679952352
199.689462645
0.0
71.7319512092
19.5623866026
102.764248413
3.03444840041
511.919823885
671.037875508
304.142613439
210.333129433
4.21662920045
219.913254042
1846.82190913
68.0525060085
2.93063640038
755.299542936
224.647609829
384.702079476
8.1449820011
52.1933342066
385.305364266
784.025975539
8.64814760115
88.2570772119
2.61376100036
2.40396340038
321.600142645
69.0725126098
206.139838435
278.775136844
146.586356628
33.7816560042
364.488601648
197.011113429
81.0377108114
93.2420660215
199.160392834
23.2813100027
0.13894860002
10.4098196014
111.950503821
4.10259860052
6.2221102009
71.7591592093
81.7102942102
0.072974000011
89.6713968114
627.462998107
7.36626700109
392.391375458
94.2772824126
0.0
0.0893854000088
1.47330700019
479.579194283
0.0
125.666837421
754.741595732
201.593445628
240.118892647
642.348149709
220.074332236
355.148979454
68.8037550089
0.871583800074
159.069162621
4.97839740066
9.18485700153
78.1303070094
24.0808682029
151.051935421
342.194404466
166.916896422
86.5524008112
126.590594226
207.546512427
0.0
304.495227243
263.136161849
76.01273161
75.8689034096
1310.51555162
112.375797424
19.0072274031
216.239588034
21.9002508026
179.357317838
251.333610039
4.90032140062
351.855832461
652.127637311
11.0726420018
66.6001494092
107.704047614
181.901749426
99.1007356126
109.304510016
136.268764418
4.19620780059
90.9159426115
134.385772018
147.63367362
13.9083508017
18.4849076024
614.736937305
3.01178060037
126.434463015
64.814339608
218.935617631
852.307112542
44.4931828054
8.76992500127
141.987653823
1.94050360026
429.080911475
7.86166680152
57.0920926072
76.4096128106
2.61577340028
0.876417600092
2.60221920031
253.066919444
2.63988460031
2.71758700045
72.7354154132
0.0
100.953949813
75.0303474099
44.0254336066
16.4853728026
441.593157677
2.50375440026
0.566953600084
274.825426043
674.685964708
326.423484653
109.502955214
2.13950520036
42.7700426082
395.435428263
87.5910446135
131.598556619
284.927051651
13.1144438017
4.26055560072
79.6242934101
64.179500014
5.82806760065
208.483441629
95.0060002131
69.7927840122
458.734138098
2.56771000042
548.197912896
0.111226400015
0.0
60.2700474103
266.839909643
167.609124637
25.1960226043
446.973817476
73.5854328094
74.1118960107
0.466987000042
1132.78577539
338.90911126
0.496723200039
0.134204200026
0.0793340000111
149.91033783
7.32261000121
0.566312400092
1316.75403362
0.0
14.9961166022
93.8087854117
73.3560800093
101.904158413
447.708448272
2.47901040032
605.085929696
67.4847026087
39.7193038057
608.894153695
1043.47548499
10.0786268012
219.822068635
51.7830622065
3.15781680045
536.877060684
8.7031724013
43.4058860052
154.75579602
0.0520738000078
0.240589200035
0.112938400005
4.48370400056
270.455797041
77.3809194157
0.487477600106
110.704341015
117.831439017
68.1562866142
185.859837624
6.83886500113
3.09933120026
39.3036266051
310.60215764
1.4555964002
185.470129427
155.949824631
0.0767350000104
11.6842968017
7.94905640103
9.8751048018
109.592491815
4.0073704004
744.144730326
98.2083306159
78.7680000102
263.222189251
243.317146434
116.132951417
554.061726096
100.653766413
1.34661900017
14.6763386029
226.418172236
5.67878460073
198.235797236
56.5892952107
2.34388620026
489.843747478
37.0647886105
33.2525004051
110.125105017
0.100503200015
551.47063948
3.0221894004
1.17588280014
1298.28032002
115.935090816
80.7508672108
217.59659783
0.0
12.9054856017
801.641377527
133.177167821
632.381057703
1.29272620016
66.5004720084
257.813646035
1.42776600013
100.073076814
190.719400024
4.18525620055
8.92361200114
34.1766758054
4.63587680054
588.760025898
101.595854213
6.69380700102
47.9842564068
143.67833282
21.0694718033
17.1760188021
61.2158728106
110.177516616
112.849589215
0.149104800014
70.3323808088
3.16284920047
684.54025891
36.0780722048
510.084293496
144.065947421
71.1523848091
0.417421200038
47.0400698058
1053.50855121
518.897022286
73.0926010095
101.774584819
20.7816040025
127.100007617
3.28519540037
3.37037140036
87.4406710134
97.488035818
1.4783050002
334.099313659
69.6751896089
67.2158952086
127.94814622
71.4956814093
69.903713009
74.7283490096
94.7205070127
549.401533099
41.338519805
56.9426012079
76.1769792096
13.1255294016
293.120746441
494.753975279
2.5987894003
1.49813220036
0.226024000028
0.957043000117
22.853104403
152.578099221
212.52483364
230.134149638
7.78204560096
666.916006918
67.8152494086
301.774877857
305.323543249
267.461369635
149.472169027
178.274948437
85.5766178104
357.203890048
13.1938656021
0.0
750.646703526
867.78054174
74.3636416097
410.303087065
6.40092940091
92.1425998118
517.862855287
0.46340560007
117.693038215
2.7235550004
366.225710065
671.473367104
17.5184160024
0.957789800153
69.7691200094
5.0152490007
35.178189205
6.56099680085
162.280377626
50.7148264109
0.509194000041
6.55578780063
1.21478780019
172.611295029
4.87603320049
148.221239623
0.0
4.79954380074
229.293289445
9.88555820128
17.1099562028
31.6680242043
3.9083978006
369.650771864
5.81353920075
296.368532254
444.142701076
161.737930821
1005.04555877
106.13090182
73.4699260162
18.9522954034
291.360188056
4.81502300105
175.326076034
528.614333089
81.6732354121
267.896227633
125.618865618
0.361056199996
14.7769682028
117.537290822
48.3507602057
203.784948826
108.585226815
175.597129023
71.4145064091
3.2738834003
1.34995900016
463.79804348
429.959933069
3.55904620038
72.8929142091
36.9366488052
594.993834699
0.0
334.89367845
0.839323200162
48.592732206
7.91349000142
248.679136035
118.875428416
67.2941528087
2.11141620028
566.6076173
164.047659831
267.290794643
54.5824520068
18.1250084024
98.2628264125
4.19971980048
198.683557437
5.27978880072
9.97452280277
58.963745008
16.3945186025
3.70629140039
1297.76070563
0.386190000039
32.1426790092
1.64736140017
1.38969940017
79.0436770104
65.521855209
3.26677620052
37.0637316053
1.56252040018
14.6804370025
660.241231908
66.1341020085
195.713060625
58.599008412
351.843372063
3.24746840037
6.76835360102
355.836289664
172.711886829
0.622839400096
46.0755234118
373.964755058
60.909541612
9.62320340161
7.81219120126
4.4056458009
42.7823502065
16.0924778021
101.456292018
0.0
164.848422632
302.765060448
3.32593060043
2.19257680036
549.251895891
68.4812112088
118.152008022
60.3292342097
0.878008400103
820.001342325
361.767029648
26.479008803
9.06461520106
72.8328344151
0.770961000049
6.44848080077
66.9324560086
535.468694682
2.37378200022
86.5370182131
105.941842015
120.47637762
513.839755082
0.549237600073
146.109280025
228.806800845
808.749204938
1.39444860014
937.029909571
1.16790760019
3.55600140035
47.5710742074
16.3624682025
310.755739252
0.0
0.0
107.474718415
1.23201700016
29.2802130047
0.197150600033
26.9218432042
388.542664661
146.914666229
96.0869472185
8.10337660089
4.89376760065
92.624038012
5.19032040092
486.223189285
1204.81921401
2.71758700045
531.532446086
6.05198280138
1.5147936004
9.56841180152
212.043820632
13.3025822015
0.0
4.13074200053
5.31516320078
0.115884800017
0.944884600117
29.7168974042
180.381068823
82.2085246112
519.390887683
209.500688237
3.80879060034
1013.86528897
71.0597758157
0.160348600023
94.8263482126
54.7798148067
320.276034249
57.0198318075
191.300447826
2.77946980038
311.668741062
6.80507940067
395.857115472
69.6746814132
490.716776075
42.5911222067
2.61337920029
233.23223603
3.86265660056
742.00385292
45.2911498062
2.66581240045
47.7645298069
630.387419102
2.05992860035
29.622957804
1.81136900035
0.938697400077
619.792506101
60.5260328074
4.56299820065
0.0
1.9724080003
344.455393661
38.8290196047
49.6530776058
48.163958206
553.195559512
6.38630940111
23.7099922039
1.92578560021
57.4761776092
80.1279862098
281.087515042
442.196830267
1.30210960025
16.1191328022
68.3057480088
187.237030225
233.771698831
99.1768650178
296.145780656
132.678494618
27.6419676037
0.115884800017
1.23161180014
423.701911655
0.294686600059
69.6599388141
158.114069623
69.3357554088
80.8060124163
0.0
1010.34547957
429.848307464
153.941579625
77.1384146132
406.01249187
146.20142902
22.3380432032
3.37787320049
21.3365818027
26.3204816035
335.788395246
76.5085320097
260.483182834
158.698965625
11.057109401
82.5607178105
447.905332883
17.5950072026
125.662964626
123.457730216
0.346666000075
69.7449540091
1.12159200016
1.43816760017
27.7361530081
322.835614857
319.214876653
9.9825220014
0.9576970002
0.169055200023
518.371049483
711.858623515
164.798799821
460.252172882
8.58117840106
395.088923271
3.13753900035
635.867470902
52.8155130091
0.691670200188
150.116728832
2.14124140049
71.121577809
546.481026899
6.20385780107
347.568171463
85.9447326109
351.777479846
2.35146440031
924.924956538
132.395450217
3.23394320054
119.293951415
3.85928200055
376.501081649
1.84435620033
42.2487520052
70.997019409
17.6339040021
6.47419400103
2.17905240025
4.8754648005
2.57260180044
0.0
706.709613725
26.554474203
92.9586506193
112.225813215
4.93517200067
799.377885541
47.497253006
922.065737764
14.8858110018
2.5061914004
3.05985560033
258.507938434
79.16892041
174.300508229
264.116115442
403.464300467
3.2657052004
308.788017454
69.1800790087
217.298439029
36.4902044051
42.8703194047
10.4018218016
251.569559248
86.930582211
7.64760320088
106.616449014
2.62928760021
2.64768220037
2.41163120028
0.0819391999986
13.0029414016
557.302933708
1.28407300006
7.20693320069
6.31393320069
173.206309831
182.038670024
2.70399320038
205.882751028
0.0
766.421181343
9.97307820129
1.59501400013
35.2540684044
243.083258443
525.514158088
39.0970272074
520.202126082
13.1447678024
114.878346024
3.05658800029
999.83462077
22.6985922025
152.965246423
362.755625859
346.171581062
5.21222700088
71.7735898093
0.201956400022
72.8831796094
20.5405476028
0.430963000072
7.67432680097
5.69400240109
93.3764964115
40.1243928057
72.6330764093
0.290869400032
53.0363590083
64.2126186144
19.8606062031
25.4522324033
62.9175834083
11.3881216018
15.649607602
418.671676273
953.976148957
3.10742540037
601.261379095
11.0728946021
364.596958867
7.800319201
344.55367386
17.4446126024
20.7285550029
99.9882896129
1.13762680037
68.450720608
