6.66134540062
30.6698800021
314.251492828
19.8825958016
190.151860815
3.66362780037
1.94611860014
35.4444170026
1.84033760015
50.333106404
1.75929120019
17.5520514015
146.676816212
32.9851416023
84.3166434067
18.3113978012
2.74641139999
227.146181819
14.9421156014
83.6407238059
240.30139482
241.000230219
17.0681888017
254.75901582
7.95561440063
137.367606811
51.2173764039
54.3895396045
17.699531801
213.945585017
3.19479880023
117.661559208
143.240658211
577.791893245
2.46069960008
33.3125596027
27.5084702019
0.60864360007
61.9154118046
52.3743694035
442.790049036
2.84893200013
91.4769746063
248.863126021
1.14036560014
7.6471194005
485.448205838
3.75844620029
58.4015702044
52.3255632046
44.3934998026
757.867012059
0.393479800051
377.354991631
1.55570200006
0.28982500001
258.33587242
16.8538358014
153.030342812
704.902805055
65.0783988066
178.688459015
8.88316140077
59.7002870056
484.956881637
3.32965000031
68.8775068052
12.9896170013
29.9061544022
1.63713640018
1.61846800016
521.469550441
1.56852880013
698.692930055
96.6889028069
1.2861304001
113.883810209
0.937393400064
61.5903870046
1.7129540002
241.309151019
0.485867000038
125.85406001
0.460599800037
8.11469700085
338.805555026
562.962907444
13.6128474013
1.70287920015
10.5496852008
14.0256482012
9.39575220091
138.126505011
49.4894726047
69.7840290056
7.16258680064
14.5470166011
137.012103011
674.933854453
18.9851128015
1.83418160015
4.05698940028
408.537159832
76.7728324062
5.46169700045
124.55469981
0.109737800015
395.93730163
10.7266330009
32.7495588029
30.6288216022
0.140078599996
46.5010582034
1163.85835669
8.01268580064
11.8519562009
65.571248205
406.864649632
121.377632409
54.5207404044
37.7353710029
111.935598208
276.807806024
1.48619240012
62.1381742053
169.966972614
7.06943380073
0.0
0.904265600073
27.2796834021
9.2836648007
221.362157017
14.4107418012
155.248429213
395.902684631
318.712709224
12.4228592012
7.47764940069
42.9132826033
1.2607930001
283.098392022
123.098062809
350.230510627
8.68826200068
11.8520484012
328.892814625
3.07646140023
406.075256832
88.6259452076
22.0129948017
1.66031160019
1.91062700016
580.488084248
70.1702702053
157.025071213
1215.3570969
6.75918400058
5.51771880046
45.8453702034
613.534282247
91.5765678064
174.620271214
204.218901617
55.3689094041
30.7359336026
5.45035700045
11.592432601
41.568531203
7.05991400073
850.059907867
46.4499558038
8.81937500083
24.295734802
4.66844420036
22.6799828019
3.21615200026
207.627771417
33.6235650026
294.882776223
7.57739000079
192.796198815
6.52215520056
22.2147264018
122.990522409
36.4079156029
65.6490564048
150.085969812
106.002758408
111.77351441
3.14894180029
1.66085379996
184.442997018
15.2066010012
351.067044028
4.62221540037
112.901199609
1723.55796773
479.226113838
222.627756018
1072.55767949
0.253263600024
12.5277578012
6.09305300038
4.33757700032
106.405501608
27.369046602
0.895957600068
1.70471620013
18.8055978016
1.30974980013
17.0313194016
0.0
218.493410017
0.324179600012
13.6812212011
3.00859100032
4.36680340034
89.906430407
4.36680340034
3.83758960029
19.2328204014
259.25923102
3.77443260028
11.0847274006
60.3896848046
447.105623837
40.4644618027
3.58804560031
19.3591652014
323.226451025
20.5143534014
35.0626962025
2.28501820021
37.6269148045
1.8369708002
1.55115540014
249.638850619
115.314091609
111.662441809
89.017709406
201.591817416
371.735022829
160.142633412
1.77296200017
274.363781621
114.595339809
90.908542807
145.896689412
7.60025900078
32.3366968029
312.327855624
326.894901428
44.0889278034
3.56418140038
2.82984800014
3.15080620018
7.97306360068
60.9644998048
254.12477322
408.681557433
19.6020210012
39.785176603
424.047036834
16.8920484013
7.04870560051
0.894401000099
15.3173854012
32.7054886024
4.87882400049
16.4650136013
140.552750411
175.461473614
42.7340382034
123.375622011
606.005749449
40.3279514033
6.10358960052
949.428812479
363.695898829
3.2008182003
343.587662826
8.77687080088
34.8463770023
10.1676552009
28.1894748021
6.56680780055
160.272361212
76.1206462061
4.01259760036
49.9962732037
474.477026037
28.2996022013
5.48843460037
8.6852846006
443.487661035
308.557623227
5.37988600049
10.255275601
6.12349480045
159.073428411
87.3798646064
388.243002031
0.849540400082
59.2264686046
22.9822680018
120.13243261
56.922239004
16.7819156014
8.8693140006
33.4039560026
6.19885880035
3.74700640029
62.1659106042
3.62876700041
66.5496898048
1329.51751791
120.53163061
377.651628829
10.9292608007
443.600339437
0.480633600034
25.6179106019
26.7064398024
2.52718720019
54.7016494045
319.077384026
11.4973154009
13.7134592013
73.3904708057
4.9832812005
58.7454088048
985.957598276
0.232656800012
34.2448062028
1.58899840012
87.5069156066
257.41821222
338.692772826
16.1099892011
763.560961661
3.08324620026
52.4026258046
60.7598796046
0.0478604000034
280.926350421
253.68914802
2.73741620025
11.772320601
3.88125160029
359.993193827
40.2008730033
1.65623780014
5.7007388004
128.432461011
31.5391912023
261.65553702
50.9969526044
137.68675281
497.92221784
34.1088150026
11.555193601
1.98802480017
435.468636036
113.935061208
132.245459412
23.3253382018
7.38811740068
162.927672812
1.22698900005
49.7981246043
11.793419601
12.2958094011
231.037958418
28.3317416027
6.69416540041
340.417637628
2.58503640019
22.1829088017
40.851453203
33.8190500028
3.78959820036
130.43246141
25.3425852022
179.862190014
26.2566270018
4.20055560026
3.03363260028
45.4403782034
31.7872176023
1.29648500008
1.9590770001
13.910146201
58.6235718034
1.24619060011
16.5752044012
155.184446811
1.63378680011
41.3220696035
666.811056254
152.100692811
7.86263880052
27.7316024022
34.1801482027
142.415185812
447.541636836
119.131418409
116.469615609
678.528675254
593.485430648
412.432416233
539.473629244
522.179450842
8.45160300089
271.388174621
1.63182360008
139.649594211
1.66082060012
16.103277401
21.3370210015
20.1893452019
3.72632060046
0.216727400012
37.0248274029
4.22345540029
255.311286621
56.9126716043
0.297238000027
3.29644200012
11.9049412009
4.11755980027
51.6642878037
12.9049356008
120.871642009
89.5144520072
18.5304884015
3.26258460025
103.739989208
7.61560700067
6.5238050007
1.77308000007
8.68411240084
41.2625494031
17.3810556013
49.710395604
5.6404724005
6.00030980043
9.73380600086
555.918335444
0.0
124.27433121
0.0
242.759304219
0.945782000074
278.076624421
216.920875018
81.1979984064
19.3434002013
200.251095617
196.791871616
358.927246028
380.965037829
2.45378900022
331.795983025
35.1981162021
108.210752808
19.8039194011
2.15684960012
2.01592920019
359.857286629
95.314193607
23.6308926015
1.41879180015
0.541047200043
52.5691070034
0.564443800027
129.576572811
2.57893300022
33.7678580031
14.616878801
41.2683804037
53.3125440042
462.635831837
323.441908426
2.47727680023
4.44097480042
0.95761740007
46.7524772044
188.605956414
3.80921040033
529.629831842
1.16675640011
5.4819666005
7.03446160073
0.0
416.975031231
1.8947340001
28.712880402
201.665996415
136.477876211
242.757748219
390.06790323
35.1846414026
8.96360760088
31.5634258022
7.8748814007
0.737317200072
5.18655940036
93.1022132075
267.716790822
265.354458621
16.6463464018
0.946346400041
239.852292819
34.7479522026
34.1400902024
0.336970400037
10.6843956014
363.927002428
40.6681426031
29.5005368027
339.180955427
61.8575570048
588.551181645
1.36402460013
107.384645408
127.57215181
50.1906246034
4.67831380036
107.380843208
1.68576400014
82.9060818069
8.02466000061
20.8907594021
303.347736223
58.7893238043
3.41486840025
179.228457815
1.69149900002
191.105254014
8.41404040098
498.95417244
182.765456615
79.3325238059
136.369584411
1.1159986001
22.3314762024
306.354504023
77.5471364059
5.91605640079
3.3514052004
154.666801612
276.007608021
28.4981648026
161.335149215
34.3272776024
92.2727818069
166.127304013
191.649092615
10.8429716007
32.6257000025
9.62189780064
3.79592160032
364.901098828
40.8434370032
39.3472904034
39.1335708024
4.63524120044
255.594223219
2.25302800018
42.7183538039
123.792537212
0.874543200074
2.09635060015
235.470235019
106.553392808
2.5596358002
394.135457632
15.596165201
58.3993924041
92.0704000071
6.51979800055
16.4968120017
0.490452600023
3.77842380033
28.7989012021
500.488261839
1721.49651534
9.59303100073
93.6723744073
283.477412023
48.9661628038
8.12717120085
347.869912027
316.215314825
9.03836400063
1.69735540014
88.3554532068
73.9135686061
42.9310350036
44.6042712032
3.9300102003
40.2802012036
0.195340000022
7.41120360068
35.7534602028
14.2543180012
145.059042812
123.27428141
85.2882504071
3.8117888005
42.3310184034
3.89467299995
93.6537890077
47.9348716032
176.486428614
635.438033852
22.8709202021
294.076440025
211.419648017
454.609745839
241.35014482
490.25528444
371.081490629
275.811590223
470.672543838
5.22732260036
515.795435842
31.3908666022
126.36164301
41.3421334036
539.341101042
0.717989200078
0.749507800062
1044.17221728
12.910691001
2.39276380019
30.3712132023
62.0789248052
84.3655018063
1.23500560012
159.677031612
7.8139692008
1.45854700014
68.6786010054
6.28008360049
51.5268900038
106.999108008
66.4019584045
148.479716211
22.6120504019
35.4314044024
25.6902748019
114.560299208
328.220051225
2.42033180026
1.43158860012
3.38166020025
26.1955174023
4.27728960044
0.644647800076
48.9488680039
264.616692422
16.7937688013
30.9602416024
27.6859612019
0.760837400061
462.872315236
443.930994233
12.0872662008
7.50570420077
24.7063196022
0.284769000016
172.923379214
0.55545000004
3.8305388004
4.04769300031
170.946597014
35.7731234027
220.032448423
377.453581432
11.2371478009
0.917634000068
173.546609013
196.278508816
176.354143815
75.0735614058
0.0
100.431619208
37.8553002029
156.857665013
98.4210760084
459.303232436
14.7903246014
9.06707960064
10.8542310006
27.7415758025
12.8424034011
6.89829860053
472.749832239
44.9582422036
1.7367780002
34.8568488025
22.307976602
960.425154075
134.98045281
124.11291001
234.391082219
571.833463045
20.2808916014
252.543790818
204.914022417
163.278195412
2.71789260021
20.6273670016
0.296632800022
0.0
440.545612237
485.740084237
17.0437226013
16.8579282016
15.4039400014
4.24122020032
11.998822601
42.9428082035
4.21249860035
1.50442080011
44.0098610033
1.9794826002
567.611868444
1.38446740012
36.3728010025
2.81929180028
285.302278623
37.7192864029
57.3448856041
2.72020560027
339.661673427
121.94191421
316.875871826
388.74893483
150.418760411
152.748905413
25.6377710019
24.3992960019
0.490020000033
249.67758622
25.5778704019
22.0474226021
147.494159611
7.31367280066
0.50147120003
1.37489580007
2.38728440015
151.085859012
146.603674612
86.3184042064
91.0464906074
30.1980766024
478.238234039
580.35793125
26.7089038023
6.21188260053
261.822904621
22.7335830017
66.1108324045
381.483658629
583.047347647
463.919891438
1632.33666613
369.523880028
147.787909412
0.161042200018
7.71007640066
32.5368338027
382.80077383
303.992849825
508.047873041
428.958139032
69.0686352052
216.575906418
28.783258602
13.4807196009
1002.35812308
0.36168060003
34.5246246027
455.005049637
376.928137029
0.0986082000078
1028.10937708
249.483220218
59.9348834049
4.74478360035
559.082773842
9.41714640075
27.7121880022
9.32057360076
13.9862596011
122.07043681
0.18316620001
13.5669944013
15.4366512012
13.943540601
1.45330980015
3.91044000047
1.51367340016
431.122265634
74.9997518059
4.80217520037
13.8303706012
6.32740120044
6.10964960062
15.1244148012
113.131186609
435.285813434
87.7163462077
39.3513224029
33.4556508024
63.5826180051
12.4652682011
3.50590080034
28.3331330018
0.24672580002
5.07897980028
0.0254524000022
49.0025790029
147.925829211
2.78601100029
67.704612005
4.9912774004
3.81690620038
547.367373843
619.051631645
73.3515262054
12.9026978011
33.0362574024
51.295364404
0.086193200009
218.159057017
2.06612280018
31.0089498029
9.93046320079
167.383741013
382.18165883
341.420785427
420.457372832
7.18453880058
197.512219015
76.1160076059
97.6023290076
558.595364442
32.3297084025
124.338145609
68.9088032054
182.332235014
802.114616063
9.95278480084
325.274660026
296.709060624
18.0957656016
147.414066212
2.53212140017
117.846580009
270.008593421
0.167851400007
47.2338696038
6.73064980069
19.4382312012
186.525877814
51.9860186038
30.0972570024
105.251947608
24.6854952021
161.227687413
229.541021617
5.9840848004
76.7904094062
6.07775760034
29.6133110022
89.7118400072
46.3825014034
165.297901014
3.37361020028
14.3867552012
167.518848213
15.6510934014
604.740878651
28.8743626024
23.5293750021
2.21870580007
45.6792238042
4.13055940031
12.438674601
0.702394200112
19.7344602016
0.0
31.8083598023
370.883449231
113.270811809
18.5740656013
3.9018036003
22.9924946021
1.71998380013
61.8637382046
28.1656008019
0.878382800084
4.3470940006
45.7985972035
1.52712820008
3.62971500035
308.800161224
3.62908940027
246.158299019
396.274470029
60.132867204
15.6614946017
200.269644618
1.15498120008
303.599031025
810.089218063
17.6761244015
0.0
0.903138000047
14.1969912012
160.577718612
128.92339881
83.4864950069
314.438452627
117.54289701
3.78642020029
0.746859600066
47.4058016037
436.227773036
31.7549298027
36.5214428025
12.347040601
8.03782980042
7.5989642008
149.919342612
1.26840080006
348.568562828
33.9247692029
42.2583350032
39.4277660028
13.187883801
660.963794053
8.2561340007
7.40374260061
34.8872292024
2.60198600014
0.669323400045
530.435496241
35.7473536031
24.0566120017
319.904120824
44.0136348037
204.722709217
130.92657241
37.9542680029
343.130861627
517.094499042
0.742934200096
27.4272664021
355.810585828
285.323348222
4.08606100031
7.82312400054
331.815937027
205.066827816
50.2373214049
11.4264010009
95.7454864081
524.629394441
403.336409631
17.2939278015
29.0426800021
161.047107813
155.857893212
52.6612046039
98.0605204077
36.9927446023
5.82389120054
263.13145382
3470.62967048
145.265378611
14.317276601
148.995823811
8.02627280084
33.0418156025
19.8395364016
82.4460628068
368.010658029
541.959482645
1.72601400017
8.03057060028
64.9894978046
42.0084548032
5.3882876006
3.2131964003
1.7781656002
54.2786152043
6.11465760062
326.099596828
239.649349219
163.614343413
13.5248890011
76.6207542063
138.842167811
132.48819261
0.3070076
7.3938228008
7.13006980076
0.761157200057
2.47458040022
171.300529213
68.2308948053
345.589777828
696.762355857
90.046194607
2.32905700016
131.25802121
1.04620540012
6.66899560057
77.2338978067
100.400007808
16.6644484013
1.75959440019
639.026802649
2.49230920022
4.82233480034
12.7941082012
328.999845627
6.72386300028
24.7475060018
5.84675520059
10.8560230006
61.1181280044
2.61905980021
15.9622040013
59.1657944052
3.85772240029
73.5606386052
7.16477560058
549.515907044
10.1444424009
5.70928880042
10.7583928009
147.854325811
0.911893600037
46.2710822034
84.5517976068
1.27599160009
13.2289352009
30.9708688021
280.923419623
7.73584860079
0.115638400014
353.706800628
89.1886202069
102.096604208
1095.57294369
0.207672000012
125.492456609
44.9751216038
25.991141002
28.8368156023
84.4211584066
8.33595700072
25.1287836023
367.310269829
823.937779868
496.18666704
242.97149942
258.858446222
0.0
7.61520540059
11.1231898008
12.1900594011
0.127358400011
393.691916833
175.714585213
19.4447972014
2.16546640019
198.069105216
50.0007254037
8.47090240068
17.5572750017
67.6202946058
18.0060674019
444.488716635
44.0483458033
1.74127600013
177.390802814
2.21275740017
2.42003480022
13.1023170014
18.0841582018
95.937578608
40.3372416034
5.69900460044
13.7510526008
3.32596460017
7.05758440018
91.9571656067
13.7395152011
7.39188020058
15.3374908013
483.403203639
285.692245423
4.27015940032
96.6372838075
689.062360657
143.13442261
93.458652408
8.33104700067
25.8983428019
1.43684820013
8.48396980069
75.0614080061
0.858583000089
1.90923000015
8.48086180068
7.33721900056
2.79017800027
1.30809420011
841.504031065
19.370501402
102.198860607
3.9744638003
6.03956200049
4.16824400034
34.7104520026
150.503123411
337.379166025
499.054026439
0.815023400048
0.784909800065
1.07024720009
39.6241516035
198.551955015
62.4464622048
161.270289413
10.1563050008
7.62240320041
11.0149862008
13.3401796009
25.3378218022
352.750413226
623.691653852
51.8655164042
3.4265260002
29.0426800021
0.225156800027
60.6892398047
70.968774806
12.2961966015
3.9296800003
20.1743632021
145.014865812
14.8890816011
22.2034674014
1.80658339999
40.3151488029
142.000536011
1.55898040012
662.931207851
12.6728528011
655.485885654
7.32040800063
67.2328470049
13.8140532009
3.62856600032
7.07713920058
44.3203366035
12.353928601
36.0451602028
3.79210960021
85.5943732066
15.3983986015
13.2053236011
69.9006242067
93.7399162073
0.111144800014
36.3176146028
1.33800320017
445.527086436
13.1485292011
16.1395872013
36.5763632029
33.2035538028
52.6997132043
131.19524501
124.78127121
449.158656434
13.3461348011
414.093707633
342.64225203
64.9685192052
17.1736326016
5.93361960072
34.301927603
8.11298760067
7.06426240058
104.652545808
2.26628660016
4.69398560038
7.34852980059
38.4882592031
319.431035227
202.298750816
333.057317227
497.060831041
0.25602500001
40.9963528032
66.240469205
44.0854354032
0.656840200044
105.545937808
233.929967417
401.296876431
109.792765208
328.343304825
8.12424180086
695.776010054
700.505644856
124.359702009
0.826691000094
8.39051020047
72.3280094054
9.04413520097
186.915364415
8.1344510007
17.3739092011
28.6773088019
0.399943600023
314.706354825
6.10545700052
12.128751201
3.65526680045
60.5420418045
45.8110386035
6.48717180033
62.3557088047
74.2647852052
13.2560648011
57.902066604
2.5168086002
326.762717825
49.8555054036
10.9300492011
71.4367164059
189.713762014
1.77373600013
279.64696962
138.88795021
33.8731344029
174.470264414
32.4855456025
206.085593617
96.7930496075
2.43133500021
9.96622840088
41.7190614039
377.804064631
0.909276600073
5.19578740037
0.805497200073
16.0358932011
9.22807980058
0.793844400061
1.09134580008
1183.99585489
272.963600421
88.9634456076
9.29643540058
290.995086021
309.036164424
4.25544160001
65.5577926043
491.334211838
1.58831020012
349.331551429
60.1403024052
92.8760936076
264.460876421
7.56223020076
11.6547210009
17.5041670015
33.6235650026
10.7876588008
58.7711322041
3.29619960042
1.88724900022
0.619104400051
0.813471400062
92.2326216074
11.3299934008
2.60798340018
0.0
10.3637150006
1.70897640015
494.394644637
51.7945432037
78.8595216062
279.946197622
511.550741042
7.31930160055
7.68276660074
34.407015403
80.2694038067
112.353664209
11.3568270008
515.61238964
0.0
0.566850400043
20.3684236019
5.29011960042
2.69347620025
0.0
394.444908631
16.3840082012
0.216041200018
285.594686822
8.27125400061
39.3957602033
0.753406400066
5.24076620043
6.11962820048
44.5914392033
226.234004019
8.69822020091
146.918523411
79.365644006
4.0885600004
10.960530401
9.65241560084
8.52240060073
3.02077840027
5.80414900057
304.095959223
207.441694217
273.226053821
140.826492211
68.1024748054
0.0
25.7017928015
180.269975215
341.807528628
17.1764590014
4.35160180035
14.4584142011
9.3517824009
119.71988381
29.336095402
22.1570010017
122.18182101
6.45604740067
129.002322211
14.1797248011
5.76845860046
6.7242860006
1.75566660013
321.814705424
16.7623748015
254.99716322
54.8862618049
32.9711020021
9.30098820078
217.500097016
75.517811406
0.687642400084
33.1220384028
215.238344817
0.0
19.0734858014
1.64676480011
159.648154612
351.565419627
14.5963682011
6.7745420006
274.029496421
2.81919600023
3.37465480031
36.289503403
538.414325644
0.913659200072
1.2279270001
56.4658932045
6.45209180047
37.7573276031
340.895826028
58.7779920046
203.417229615
135.51290881
0.280799000032
678.794015652
3.30112180024
62.6187616049
13.0493936009
10.8693684009
154.289505211
7.06213500058
883.767547669
10.8940184009
381.55298143
111.066772409
120.35977441
56.9900078044
4.39495700033
195.453357014
85.2192600056
402.13801283
86.4374082068
19.7261640017
229.546678218
26.0297014017
13.144112601
66.2355934048
324.962716027
309.253047224
66.064452605
5.2397400004
35.8485920029
7.16402420045
4.58826580037
0.506321800037
112.621266208
263.890263019
0.940551800062
29.192607602
1.26298820008
1.80373720013
4.4317652004
87.9963680077
6.06180180023
237.743328818
3.2512510003
772.57116346
31.1168776027
27.8167048022
53.0468828044
0.503037400052
12.120700201
1.55366360015
16.5027348013
207.579454415
10.1799592007
982.748091278
173.171902213
512.709915041
3.96657240029
142.842102411
19.3139464015
395.999346031
74.3015920057
9.31074480037
20.7757446017
631.523564451
108.745250408
794.724201668
9.7768772007
510.253669841
57.3158494042
1.1767606001
287.575084424
0.47268440004
186.776907015
1.31418940012
161.600025813
23.5083776019
43.6712760035
0.767976400058
1.66280280016
145.856206811
0.582227800066
3.80674840038
62.7716284056
605.290279048
224.533923218
134.840823811
141.982410611
208.511260215
340.404472227
163.375717212
494.660999038
1714.14332753
114.186949009
0.79318600007
228.993250618
1.54328680015
290.950120624
55.3247640037
1014.15616568
150.569442011
13.1515788008
26.6971438026
79.6746132062
35.7610644028
146.697767411
1.87774760016
91.5914140072
8.11086920096
4.0300902003
16.6567700012
56.2480164042
0.200588600008
9.73803800074
11.6681274011
13.4800240013
29.4238598028
490.401333838
132.39264901
377.51423223
54.3554626041
7.7296518008
20.043412202
18.9260214014
1.04624660013
0.686080000063
310.852882826
95.1053548075
1.79376020018
1.56315120013
5.00365440041
2.79121200024
32.2604540028
79.6315076062
168.547352813
21.4023208017
2.51480340019
45.1457758034
14.1163718015
414.982098434
426.417362633
615.282955049
610.495773848
251.692932819
556.851898843
525.897935442
743.119304462
615.898579448
2192.42448977
10.1273716008
18.9794502015
186.372539815
8.6802320008
124.989176809
4.48405960028
75.5113606057
12.6138112012
17.8948422013
7.05335480071
54.7716154045
1150.27194629
1740.49680934
16.4936902014
156.443823011
2.80208640031
450.020034437
22.2531972017
2.95871560021
3.43786200018
30.3979238021
152.843226812
68.1618224049
51.0986626042
459.076158238
36.4714576026
209.569740816
351.207101828
29.5059682026
38.7018238033
2.74402960016
18.5037562011
115.42728601
18.0915600015
22.5781578015
60.9848806049
32.9756856026
222.024198817
586.814930846
137.164285211
45.8305204037
646.99541505
107.347689808
6.08765100041
57.5856080046
4.46098780035
42.8568918032
336.747684829
9.50729900074
161.940381412
79.0893988059
11.3323824007
19.2406040019
39.0870628037
2.62745780022
7.30382920053
372.048683029
50.2722266041
10.2247936009
248.562537018
2.27686800021
200.983893016
492.382085838
213.758503416
265.97707062
138.446697411
360.65445063
182.052091414
550.578785245
75.4178938062
0.152935600004
23.3084670021
110.550289609
453.711092635
5.6131434005
9.00050340083
27.0448746022
9.71841220097
351.745608028
279.562126822
173.88576902
20.8909070018
262.231717421
4.35357180039
23.468333202
4.90719000029
61.1518372067
8.37644960067
6.49174260043
112.929271009
34.8986266027
3.84508640036
401.65297483
19.4150732017
102.792827409
16.0028088012
350.660624828
36.9688422028
36.8486700045
738.64659066
0.34094160005
4.11513520029
4.88013700043
142.04224161
218.705441218
3.02080240027
244.87448742
79.875519406
310.813491824
9.41695580077
145.40374581
3.56205900035
238.537219418
18.6772828018
103.153866808
501.622348039
471.322767439
109.628720807
17.9629866014
8.76714440088
367.58366103
2.06612280018
365.628547428
5.06599180032
80.1422940065
335.363042226
11.8961750013
25.5648778019
431.288302234
101.888407007
17.2193122016
53.6595048036
808.833113865
197.956768815
0.219760800028
220.897931617
44.3990552037
533.683665042
519.979386042
364.099468828
40.3956664031
366.87833983
2.06605180022
23.4664976018
116.407588009
28.7527626023
275.297769022
5.2773970004
51.0245482045
126.25707021
182.853109013
64.2226688047
382.706092631
2.94151620013
81.1735490056
160.448606812
140.800063811
100.842670207
1.16796300009
404.529125432
8.12230060048
630.981117051
12.2516576014
25.3300424023
168.984480614
131.69784541
0.517474800052
7.45815380069
1178.90940669
293.603834222
72.8330676058
0.0
184.525840014
203.794972415
3.49821820034
4.65423040053
32.9629866025
31.1945348023
34.6807370026
4.65423040053
3.19592500027
9.79296240073
114.234846809
495.695531641
7.89262900085
439.957129034
363.719787628
268.087586622
276.172823221
466.985426437
11.2267060009
3.72763240033
22.2523384017
3.65876400034
0.794982400093
1.60183940014
4.61298980041
38.783531803
1.46441680013
6.72793640042
121.39782521
39.7549418028
33.9904500025
4.1074020003
61.6880672046
71.5242278049
6.69552280054
74.445578406
44.5925112036
6.04144900043
39.4513482032
272.668565622
15.4987470013
210.719891816
4.45026520036
34.7925162026
4.37999740026
112.490700809
11.3065214011
26.7039168021
323.395135824
2.28689640021
10.4603460007
36.3191494029
29.7272532024
0.0
6.61062760057
281.310123422
33.8289602022
531.623917842
4.09588660032
56.0271952035
430.90429643
683.008513852
96.1389940066
2.80177640025
8.25276360067
3.08112040028
63.0798626042
5.67707500045
4.10573459997
64.9403556056
10.6506190008
20.0838378016
47.7532576044
156.760161413
31.2429396025
33.7978198024
116.909424009
15.6816940009
7.12867100065
174.313175014
26.3358026021
50.3589896036
137.789549011
22.363203802
18.1418042015
2.30749500023
6.51476120057
9.96305720086
6.31240840024
49.5724534036
68.7233778053
6.19999040037
47.6960474035
14.3375222013
37.4833098031
373.055480229
2.01644120015
49.5059320036
819.837306867
291.808630624
49.0367910032
0.0
5.75143640054
15.0245396014
25.2932802021
7.14368340068
58.0964384048
16.370707601
83.9920820068
5.77842420058
708.979733057
22.0150082015
357.199100628
9.68689740103
46.1943174034
210.590199817
141.88070021
0.0
8.84836420089
31.169225602
16.2959524013
4.53144940039
8.7474746007
40.113426803
3.53514720023
1.87178360015
3.19150800009
0.514174600065
16.2543424017
16.3563028014
51.4326442039
80.0288714068
0.554173000054
1.52135700018
94.185359408
20.8357588017
7.78273160079
97.3144024075
29.4755422024
42.177605204
1.17990840009
392.92420183
140.410735011
83.7066908064
300.411165625
8.45636300087
343.469632027
9.94602700069
1.2346730001
75.3203608059
496.808051438
137.793112211
145.07029521
103.039944611
329.439243026
0.299974200016
57.2559440047
0.437253600025
1060.20491968
3.60899580034
665.189038654
435.133281434
22.1837542017
36.0808844025
814.249360666
11.716996401
162.059066013
266.108103821
1.64932200016
14.9015782012
9.87993340089
4.44250160029
257.41381762
58.0962374051
1.03708900009
0.0
819.993055664
38.0317264026
69.8968884058
5.52481240045
6.69798320058
96.7557100069
54.6073156044
351.784256428
151.547634612
16.0303938011
18.6655074013
55.8936810042
8.85845720089
182.105568014
19.9847686016
37.6944096027
139.58943641
223.229943617
146.355447412
0.798141200046
54.9940630041
5.18114480034
7.11432560051
2.37089740017
6.52440440053
88.6995604071
97.5989230077
77.048174606
2.48715800006
65.6686766045
0.295376200038
0.857237400073
14.1456584012
154.862796012
10.1557978008
184.986646615
23.9377556019
120.500442409
50.2562970039
1.37636600014
104.59038781
38.4022026038
44.7687814036
0.302125000029
305.760532824
329.755827826
30.8739822027
1.99495000009
198.606060015
9.83955640082
85.5309856072
8.0055342005
0.0
0.533522000046
676.408505053
4.40277080032
46.4222600031
177.845864015
24.9896036023
3.80777600029
13.439277801
47.260713004
8.83820740076
124.00729541
54.7663886045
2.39589520023
65.4725628048
0.080500000002
19.0200390013
217.305900216
102.574988408
57.2673982046
34.4920640033
3.22662560021
239.421621618
54.647684804
396.693392031
91.4823688068
0.325362600036
2.95420040013
38.3639754028
154.62280421
3.22139880025
4.35160180035
25.9397520023
3.51170040029
187.216096215
1.43716620007
87.3902172066
51.4480196037
21.3010516017
6.82613240055
335.148014826
0.0
462.122017638
281.365809223
826.503184465
11.1920068009
1.28946220006
60.7209832047
9.55881540043
57.7704448043
126.82141341
233.417340619
0.105959800006
263.349511621
3.07899980033
32.1822766029
45.5821866034
51.8797526035
4.21311840016
118.175424809
889.502493072
25.5835936021
79.8983654064
32.0107516022
12.1142980008
240.74807222
2.90839559997
393.605795831
37.4822758032
26.6031370021
167.074430014
18.2429140013
36.1704036026
6.57270320063
267.31700062
9.88353920089
1.50522680008
7.38048300068
140.28560981
201.736234016
7.16058640015
0.881662600082
6.13509720067
84.1366158066
92.319883407
57.4317196042
5.74686780065
1.53917520007
35.5402674022
7.93253440028
73.2312034053
21.4664470016
43.715373604
15.3195310011
13.9218154008
1.29891920008
4.47096820043
193.047206816
3.79018460029
154.326187812
86.2711842062
22.2104898018
15.6269836015
6.69763600051
7.35935980057
1.55990440014
344.127497428
7.42005340066
135.829934811
29.4313126021
38.9366292029
305.476470024
12.1722752014
112.724063608
20.5053508017
0.390258400022
449.838807637
128.824999011
455.756830837
0.714305200041
78.3422212065
7.78273160079
216.355125416
593.385961447
18.8789176018
44.4783942033
54.3833290047
40.7080170029
23.2212680017
60.3204038042
387.514272229
10.7682144009
518.46618244
5.26853920054
1.55838040013
8.12073880062
40.1262174032
3.2893722002
1.23580580009
9.61424220116
41.0404688027
4.98225940022
14.5480076011
2.19290220017
9.10578540126
6.10155240007
279.000083822
94.345032008
40.535370403
180.782043415
664.155103051
278.433201623
230.394422418
19.960349801
25.2962854021
6.26877800053
321.369486625
67.029035205
198.276953616
229.278845219
575.016579845
4.47286300046
4.34267680035
461.715858838
410.675165832
23.8117924016
14.3751752011
31.2860740025
5.59806580031
24.6337326018
10.2807146007
0.24591200004
10.1015150009
66.5767846046
139.832030611
153.925854812
300.690656624
35.9256948026
19.9439264017
545.684092444
1.71326660013
2.92539760017
0.866938600067
0.843135200063
68.9763314062
5.28702020036
504.82509524
418.198310832
1213.1982019
41.1373394032
336.880048226
47.4908278038
27.4007818023
44.9788514034
224.118579017
153.947776613
132.32394321
16.8174950012
7.58945460065
20.1140284008
5.08129540044
0.735253200058
11.939118801
2.89026200029
3918.11398832
37.7901900029
31.5250194024
0.358234200038
316.315001024
26.2411580018
1.49963640009
77.5334004059
192.947384215
12.1800562013
463.088358836
327.908535425
195.737979215
10.371480401
1.08270960007
31.1932984026
2.5327732002
1.95059900022
11.168351001
893.896647072
17.2183098012
159.650871413
0.992793200045
19.3778556019
157.771411012
119.448093409
8.4994550007
9.75109840056
154.489715011
4.85141380028
123.48167461
18.6146762018
101.631550808
0.209906799994
33.9965828031
117.501683008
12.1488488011
201.681073415
2.16648740016
749.622696457
200.629014616
702.694974456
13.4770910012
0.0
2.03907680015
25.3017760021
79.4524274069
123.80027021
3.73327700031
22.4817740017
25.9423658018
0.626086400054
67.7672778052
204.720800215
75.2469352054
392.917275032
3.96259820031
258.325867824
950.286743675
0.0
54.9425148047
23.5520306019
93.9093098104
42.0499382035
2.30594180019
406.836656432
320.440985227
52.7856744037
298.769880625
7.01962960036
254.120727819
2.85428720026
96.4822016073
24.5757596016
12.6084408009
1687.41162353
6.48025020026
12.8464502012
0.525438200071
8.03902940056
4.64830920043
137.620916211
14.9990276011
2.88253000009
58.7860712042
1.38976260008
5.3995094004
2.06664540017
2.81653900022
6.68325480054
149.827615412
6.86119540052
110.490708008
16.4586408014
8.45868200056
58.7893698042
0.832789400062
4.97850640074
7.3938228008
265.478265821
1.75032320015
102.615526207
90.3108476073
62.0362070046
4.60650680025
2.68579520023
579.630046645
331.318707826
300.991439423
0.355553600033
174.921266414
1200.52894069
8.31836680063
334.793390427
136.985043011
290.701214222
29.4500636027
498.317341841
0.689289200045
8.50998500072
372.28711723
12.8720132008
1.91053580008
8.98680160079
29.5389690022
134.57380221
1.68373180018
8.99255580074
2.48151600023
3.57289100031
354.938367828
88.8383818072
46.8373142031
1.70346380013
21.7072774017
25.043420402
5.58840240057
65.1292212057
1079.83761129
76.0139464056
56.1957846044
33.2065844024
15.9208114012
120.080389409
3.96550240031
2.52432360022
0.41407540002
68.1846862048
8.7249842009
16.2543424017
27.6035560024
6.64863540057
14.823304401
249.93496502
185.222514815
108.263031609
335.366114826
110.373694809
529.906394442
100.848995207
47.2760858036
199.876017015
396.413025633
11.690676001
29.3614148023
350.986525229
1.50737380011
220.759963218
29.5036626024
4.67301600041
0.735253200058
124.294086211
15.7655276008
2.24871000015
10.7675672008
10.0706464008
484.490109239
137.08892441
3.16834260027
2.28031660019
198.137882215
244.922244819
153.662368613
12.0031330012
48.5805334034
241.56560522
500.056196042
144.115596411
16.3708794017
0.549736000044
371.407765831
2.15528780007
2.41404500034
660.094807253
332.286221225
238.352008017
541.455928242
56.1308868039
3.40322600031
14.1888322011
2.20898840024
8.43134540065
7.05265260049
247.943768619
92.7690610076
1.36301640009
29.4126280026
9.28739380064
179.993370414
22.2784648015
23.9093238018
37.3914002026
9.10388680074
43.7988934029
16.5747536017
243.034397219
22.7538002013
35.7856548031
45.1005142034
538.997285442
312.862457626
40.6875040032
54.8390462039
410.668890434
424.647426433
2.70505860023
9.71275940087
74.7526828056
6.38320160048
276.441842424
33.4162710025
8.63952020075
1.05561460011
542.932774642
19.4909270015
9.6625950008
11.749313001
173.031019214
10.6977822009
14.1019440011
1.11156380007
36.0423842028
354.254340427
7.89392820082
110.078007408
21.6016348016
31.9770100021
59.2968888043
25.3504620022
21.6948538019
0.301556600033
0.375039600052
177.115541213
29.7163406022
187.730647414
1379.18741791
272.539500821
15.4690460013
216.771062418
7.73286940068
526.689920244
14.4971574014
2.00322660019
410.016280234
210.659235817
327.712536427
7.22499620061
61.1149904054
499.08714804
404.596840032
503.163169041
527.407039443
262.786144222
476.148266239
166.629063212
382.120472229
200.590167816
2.36109820016
12.5571430008
2.47935680018
0.469303800039
183.051697614
10.2448168008
98.0810394079
78.3933146063
562.997704642
5.61140200038
54.9958480044
4.02908440018
99.929127208
285.332837424
149.902059811
4.10979800045
1.93720320018
8.54691800064
319.844791427
291.863741424
0.0
17.1798354014
150.932801412
2.62395520019
84.1777562062
11.2023092008
25.6493488021
5.89711700048
11.768992201
6.94189660055
22.6326452013
64.2101118047
4.02615240041
9.12559140073
13.4395110012
3.70990420028
901.497301069
599.848773647
11.4486732007
3.32920140027
9.38282840054
141.007716212
122.12828361
79.2983338065
87.2780204069
145.985341011
0.810900400062
319.03191142
435.188974433
9.57142420032
4.45405160016
239.027164619
9.25533300056
26.0572470018
106.068224208
116.325458009
225.361980419
44.9347660035
481.031540039
32.8682538024
1.68215220017
24.4433964022
3.88308720038
15.025043001
0.324242000036
68.9768158054
1.55737940015
325.906480226
13.195191801
2.67958440016
33.1831720028
62.1376236045
111.672532608
1.19541440011
359.534667628
4.35342700027
136.927739811
545.358431644
90.0883394074
65.4449274051
35.183319403
2.63437440022
9.09776660065
307.358043825
1.37126360008
43.4664286035
7.83443420082
68.3713512053
613.228925852
66.733981805
8.07134500082
78.5744430063
126.11706241
1.39883000012
63.9026998049
2.0632444002
13.2938230011
2.49393540021
5.69907980055
5.50687940036
159.489415412
1.66352300015
7.09438720074
0.710132600068
2.17799380017
50.902546604
31.4266452023
0.249332200034
208.058217416
84.1942634067
8.19334260069
14.3975912015
38.1775814024
8.20338380054
8.14272880078
49.4073462038
175.175932814
133.592969611
90.7336002072
23.1255208016
8.63013740072
143.516171011
136.92588101
51.4023900038
0.0
64.1504686046
0.00849280000136
23.8485604019
7.5106684004
510.246756441
167.182659013
20.1580220017
47.8715096039
0.0
36.1477672031
152.753352612
46.6149346035
8.34622340061
158.299293213
119.393813209
128.23480501
2.81275000025
107.781617009
52.5919770042
343.723759028
66.3106550054
13.7044458011
148.411345411
0.886313800096
18.9184866015
79.2234874058
111.630078009
168.973753213
112.020734209
40.6486554027
4.33649960034
25.6802156018
577.619724245
227.999080217
10.7056866011
53.5081072038
249.943248619
905.711202271
21.9507144017
3.61120520024
10.1428516009
69.0851786054
22.3670572016
0.511458600032
105.135011008
12.8931468013
4.37052640037
33.6235650026
142.634358411
64.2311418061
1.15883020012
143.355609811
3.38885800033
0.458516600058
136.420435412
62.0526190048
401.681804831
359.281722228
33.0111414023
5.29011960042
3.18030560026
591.631355847
0.65030520006
9.23356040085
63.7227084044
1.64638420013
114.930083009
252.58923762
326.488321225
353.910939828
60.8780328057
4.15518760032
4.8540140004
236.424405219
517.083367241
11.915505601
406.650068431
5.60766660048
84.5634108059
65.9641844049
1.24033200008
42.9245050033
20.7647068014
85.120427807
5.00750620037
3.31484780019
97.8865526074
33.9218310028
3.65941900022
10.5525750009
125.94238001
128.21325641
51.3640462041
50.5959974037
1.64250460013
3.30750300019
545.585477243
11.8584540004
0.889265600074
8.89360020065
297.110621023
8.96339980096
388.216200432
1.09631880007
178.590276213
2.93702560017
0.897816600069
439.548977034
2.30666080019
79.6369022062
106.936917809
63.7318666048
7.0689052005
111.258690409
0.674819200048
8.4931178012
371.637327031
47.3563892044
3.63521920035
11.111489201
914.071619074
0.937489600062
34.998900603
1.98883880012
12.9097260013
5.2988924004
23.924502802
18.9237746014
651.714880048
6.29045920058
32.6602688025
585.171907446
240.998458218
8.2811946008
1.46759240012
1.45970800014
100.961788208
0.0
5.13563800047
0.674091400102
3.47974600021
33.1719080023
19.1745332016
292.398834223
40.2768494031
3.20179100022
28.6779936023
526.425053641
5.19521680042
435.644291633
4.34802000041
7.67639100081
279.120072021
28.945041402
73.9695808063
181.718220414
10.692046601
27.5242002021
21.4001308014
233.211471218
623.265974449
140.999482411
315.126329628
239.670537618
0.513401600068
0.0
56.8175152041
615.579705449
328.131858025
1.65485160014
297.995006424
2.74402960016
15.6466114012
56.3253880062
6.17521520019
565.396917245
137.538836211
3.80333860034
206.101297616
226.367020818
319.438257825
83.4490400058
254.276064022
55.170109204
772.518258862
0.310730800026
219.510865017
48.4248594036
444.346562635
242.921064821
90.846108607
178.063062815
139.867029811
8.17459160085
12.9678476013
53.8507868042
38.7873112026
75.3417826064
5.35159540042
11.299135201
47.6816430036
0.0930004000098
1.79289940029
352.362814429
77.0053984063
0.227854800007
201.100203013
36.0969696028
32.7999904022
4.36686440032
8.77911300085
74.5192946052
16.0730180017
166.721907413
17.1906710016
187.525842014
48.7277648038
2.06605180022
9.20637920105
8.7538350009
36.810146603
5.74954620044
1.56397540012
5.23795920043
34.2885560028
165.416206213
30.7283926029
108.670386408
35.7473556027
3.4015508001
16.6799426014
97.8331020077
63.8759966046
35.8559966033
32.9161150026
233.722071618
4.22948940036
164.927367013
208.378511216
56.6022226051
6.47555660042
264.123611221
384.026460231
47.2153868039
160.304083812
2.20872300019
573.098321847
28.1593696022
366.961036229
364.774484028
136.33197281
14.4944272011
3.4015508001
29.4319928021
1.33914620008
183.589934814
141.219268811
23.3962902022
1.70287920015
7.67991680063
58.6733390038
15.0931906012
228.432435418
545.627617243
540.626740644
296.423266024
306.659881626
502.807932442
1.07454100009
25.2614130018
36.2376330029
362.229080032
52.4797870039
128.11520061
641.54026285
10.3663276008
72.5596736052
9.91609240064
72.1694178055
47.4212154037
3.52579900031
112.812722809
373.846153029
8.52015700066
301.698142025
31.0287834025
6.70496100041
180.356801615
0.944635600084
246.310897219
65.307434205
473.070719839
616.235421849
7.48111460063
0.84221000008
1.27601800008
0.410909000035
5.52668460045
110.168771409
181.228747214
87.0698004066
33.1064414025
17.6319158015
0.0
2.09635480021
823.085415065
2.7233644003
269.620522821
481.925772437
12.0643982009
29.0620994029
16.6812750014
67.5121238052
1.13931540016
18.8173838015
12.8735682009
43.8920564035
6.49133620032
347.367824827
57.4096668047
292.852633822
4.18589740036
17.9231106014
27.7334826023
344.470458028
14.0169026016
0.573998200006
15.6409866016
314.897343226
49.8378884041
20.6565822018
272.884470621
77.1613878059
14.6653014012
164.865774814
477.631323838
1614.96816893
1.69454520012
3464.91612347
575.478104844
7.92111940061
5.5609714004
1.71073880014
0.116819399996
346.937225229
63.3038062048
43.6371922032
0.0
77.7125164056
268.418374221
19.0864746015
41.6733602032
65.2848474048
244.39887462
4.20229880037
139.425624412
11.8277060009
0.0254524000022
13.8195550013
3.45587100026
42.4481404031
80.0675572058
6.42383180041
66.7995528053
64.4198806044
59.1114084042
148.162214012
17.8930064016
47.2457776035
0.491230800048
76.2297260061
22.7429414016
23.0455516018
640.828480452
23.9914748016
14.819513801
30.6913000023
40.3891212028
57.9089532045
0.638009800045
0.134219600022
2.94683340026
61.7518520046
4.57894980035
229.649906017
5.64111000045
997.08982308
710.758795257
89.3123206069
2.19290220017
1.38454780012
36.0483318024
39.4468498026
101.418614007
9.38893600084
3.97252320045
4.19023380033
5.94727800056
123.580842209
21.7270702018
1.00644120007
144.253733211
25.6494774023
178.631948214
55.0792254046
37.7502808033
40.811964803
1.00060320007
15.2571186014
295.211784223
0.868450000055
13.6338948012
14.6036742012
61.3784854044
31.9028870027
41.2600682033
7.94826800062
613.625045648
128.14324561
252.178119419
213.251974017
109.563555408
70.649444405
176.753107014
47.8147206037
30.9224232023
7.03446160073
194.812185614
43.5380498053
26.6180596023
56.1993070043
138.84870081
4.4316992007
377.740263032
11.294868001
48.5888594044
291.813643022
10.498701001
1.04481700009
36.0656866029
11.5414304008
17.1870188012
209.538432816
542.404195643
2.51362000012
390.404779631
228.448384417
290.438762822
903.448107472
163.349646214
0.12035460001
11.5247346007
434.361846435
90.6373898073
0.623638400071
919.985536472
0.739902200059
700.500616256
71.0128956058
0.285769600013
5.23520480039
1.33675840012
17.5223954016
17.5246500011
130.69700801
523.284028842
680.797890855
4.37315860033
6.54460060044
198.955229816
99.2495076081
501.25312284
75.8098682063
120.777846209
79.487505206
1.61589640013
157.906898212
13.1057164009
98.7886912075
343.264289428
32.7165300027
7.87863960068
0.542258600046
136.58039181
14.6123784006
10.5283690007
0.59905580006
2.17860620022
22.7849588019
3.75047880036
4.49302380029
193.179213415
28.6992594026
1.53264860012
2.92840180023
26.7510204024
230.491571417
65.749407805
11.0621044011
0.516474000055
51.429001604
171.792349613
1.69409200012
15.4596458014
31.2957292024
11.827086201
10.3444502008
5.08072100041
30.1449656022
65.0015182051
182.711158215
1.3545328001
89.3138070061
37.2531670025
10.1855720004
10.3336592006
7.16236240059
0.235904600014
276.723490222
181.870629613
150.365046212
127.905090011
660.767650252
7.3938228008
440.567057035
4.61173660036
76.1516580057
233.421574018
235.765721418
63.500662605
0.0
220.178554417
75.7781408058
1.42664720012
278.949759822
141.711189211
2.3120062002
7.96889140078
35.0362168022
6.26057300041
3.27095600021
121.940186409
1.48920280012
3.87313380033
52.6350342034
473.935132838
58.8037394036
9.2847058007
65.4608610059
147.208288011
43.8549632035
243.353687019
1028.42994048
13.2736604009
8.58704480087
22.4526640017
57.926339004
374.915690029
666.069113854
668.903692455
420.684916634
38.9178762028
12.2755894012
61.6994286056
116.614460209
91.7781714072
101.020055208
344.678201627
2.47510740028
3.51798600018
0.20045840001
52.231715605
41.416168603
0.0
7.25042640066
8.14507740067
288.250519222
263.60303562
45.1015054031
65.6680028045
293.122225222
142.311958011
0.436549000055
505.609815442
23.3565464019
111.38603221
6.32826840036
1350.7321431
262.61967582
0.303118000026
617.410187651
444.512696035
7.9674340008
2.03410560018
5.2601834004
9.75136440053
5.2151112003
62.6603270044
101.175921408
10.2389408008
14.2466474011
7.65092020053
14.7383340012
203.648823815
14.9433862013
27.1633112023
217.585171217
40.1381584036
11.5858976008
10.0662568009
51.365008604
68.2257510057
48.6432370036
12.5343454008
78.873695005
5.73867700065
326.064434227
14.9092968011
46.859001804
28.0068422027
19.1852692013
21.7295246019
5.32282780056
4.64309880026
7.82840360069
61.5498678055
12.3852302012
150.336649412
9.17291420093
39.0937358029
17.6390570017
243.52392762
263.235981021
667.070018453
24.9154766019
438.629488433
175.836384814
181.738546415
126.750962411
324.791516427
8.98642360087
241.869276818
182.668388413
0.211987200012
42.5945956035
1.66933720017
1.07334920011
9.82253900086
191.959012215
131.33106501
205.629187814
1.16936680008
154.973266213
145.584498611
57.4036750041
14.0962206012
630.409442651
3.75111960031
624.022728851
14.5850968013
4.61647620034
79.2361614066
54.0030104044
399.110207231
461.037695037
1061.92741008
1305.4135513
104.636499208
0.733383800079
24.2843902015
395.711451631
351.729959629
0.832789400062
77.1973466058
8.37223960077
226.62460102
4.27611160034
394.825329631
423.990359035
55.2872264048
0.0254524000022
2.7489856003
30.7738660022
7.62518880066
108.608882009
9.54085740085
233.156490618
236.483818022
20.3546156017
39.843450003
1.39636500012
17.7694334013
37.6751018029
126.24867641
10.3319224009
0.0309748000014
506.620856241
79.022319606
99.3169312069
152.148828212
8.69881260042
608.740179848
81.920335206
17.5146348011
4.67049860042
12.172052401
95.6468160081
407.341122032
11.9038584011
65.7691650055
5.77814740048
3.85891540032
266.508100023
9.36357840076
19.257120801
203.679157016
24.9194836018
254.671016019
380.23643523
19.1592574017
7.05335480071
1.72080800024
0.0
380.171261832
35.7266348024
14.0684904014
12.2992822012
47.1870478037
304.843380425
180.577186014
1.0245200001
6.24745620054
315.186413224
506.137842241
13.7477968012
8.41739020069
59.8852616052
545.489377443
20.7311480016
3.50590080034
14.3504996012
15.9859012013
8.06193540068
1540.59768452
26.8719892018
13.2169310011
334.566724829
557.479373646
59.4665706045
54.3023934037
9.89445320072
38.6631238035
147.608973612
0.699609400039
87.627057007
0.147288200008
539.672879443
16.0098930012
75.0947612057
3.70168280031
223.992020018
698.502096657
393.68216323
1.40031320013
1.57763780018
4.91995280022
3.11861300029
2.08890220022
25.5970484019
320.238831425
838.364794265
3.99960900031
461.059774435
71.226794405
96.7538032073
88.6945042068
310.403210624
453.378942237
1.33111599996
33.566106403
36.2744382029
15.2820064015
0.0
55.1577824041
39.619350603
2.19375260019
227.162888818
9.11643540075
256.239533822
71.0685448052
53.5092586042
8.67866740069
64.9694722053
44.9649952037
2.97318960029
336.814027226
439.989829233
7.98102340057
2.02333860022
125.27675881
391.332621431
250.318645022
482.11272084
237.665896219
294.654024623
116.460423809
305.242414425
192.129257615
407.682314232
154.383167212
13.9573918011
154.779523412
43.4904394031
51.067100004
46.9472650041
79.6323320063
462.302840637
59.242600604
111.456027608
104.812761008
197.857494815
405.610646434
210.157611015
107.457697409
2.06688700013
1.40696840016
158.760125212
303.975824423
1.1168010001
63.4325670051
64.013507805
3.61620980038
8.34071400065
112.906157809
34.7462452026
457.170281036
39.3706302032
50.9191430046
38.4536982027
36.4564202026
265.800600021
17.8109522013
68.6366406057
5.29740460035
269.679030621
14.801964201
562.906067245
37.2884800028
141.360188211
17.3645218014
30.5700062026
45.2242094035
13.8407480011
57.7198102044
93.2237156074
3.96150720033
11.1728046008
183.660797814
3.93597740035
41.4257558032
135.547338811
0.443906200024
181.424838814
362.367911826
53.9309964043
566.667632045
47.0839964042
34.5560344018
36.8925720027
130.53974601
8.49940980086
377.967256028
432.163607635
6.30431800053
2.90517240009
33.0341856028
23.2817400022
0.486259600062
42.4701022029
29.5517770021
619.182535081
35.8608894029
290.746925023
313.578027024
420.496564235
0.877453800053
285.943419623
1.95451700014
1.72348160012
311.177677023
5.00879200038
2.38005519999
0.194115400027
449.688133036
46.4093890054
3.6600026004
15.1455952013
3.21826840029
51.8629636038
0.849215800086
23.750348402
11.788345601
260.163412221
3.27417260033
7.63817780064
5.18980720052
2.73223320026
10.5094138007
19.6391694013
0.332469800026
93.4348070072
161.647558213
45.6715832032
29.8858776021
21.4189394013
105.695413208
61.7896438049
587.571540643
24.1648260017
5.73256620046
30.7643382023
29.797130402
392.778586031
14.206358401
2.04556360019
0.996228000042
0.714305200041
103.577565608
49.1017722039
57.5131338038
52.912866804
67.9174034049
26.2511954022
40.0545944031
59.4903078046
85.0986734063
37.5113534028
31.2194100024
80.0923536068
58.9462460044
115.774773409
93.5033518075
9.23374220065
373.16013543
1.69618980011
0.794982400093
54.3091428038
0.153121199996
359.41547463
51.3557856041
73.7611406065
28.6201284023
433.588928833
416.092037229
7.46918300069
19.8566426017
518.443829042
1.00443660009
68.0374356041
246.12728962
4.92602240027
72.9294278059
17.5428710014
0.686080000063
5.43974060049
31.8289784025
4.09588660032
2.40274020019
0.645610800076
26.7823496022
40.4442812031
401.787718432
34.0423312026
0.354190200027
741.99284166
2.75514920023
26.4055952014
20.2459668017
3.67509980031
8.47333820085
496.478809439
7.51523500079
200.070526016
41.2029594029
227.258161218
415.062463432
71.6456502056
20.8459356017
50.8262278036
2.42756500029
628.035249254
149.512366612
390.585094233
41.7126150037
0.334954000045
24.6589768017
4.38641580042
0.0
160.496138613
117.801724009
7.50570420077
11.607877801
18.2270640013
4.59654460034
5.44801720061
517.420102641
40.2006382032
236.698765819
63.1387064053
190.977303215
180.075271415
35.5314842031
5.1413968004
11.8955230012
50.5954112038
2.0277630001
139.821796411
6.30884100026
18.0837202017
2052.67259856
0.780008200094
15.3133662012
45.1594050024
0.742391200054
4.64382500038
36.8354042026
0.372999000033
13.5097674012
249.93836362
259.932966023
281.164833822
210.814637017
61.7702628046
18.6576364013
103.327652008
6.5279890004
477.215085437
153.908258011
7.89392820082
4.17106920041
175.007712015
50.8646378034
103.725580008
122.689110009
98.3417550086
8.42285680081
43.1412750035
272.058778021
75.4961600059
7.06810360053
706.084173655
891.956178673
532.65678824
0.230178600017
1.68764500017
9.70292740073
1.43693900013
92.5041616076
180.735716214
5.33670780035
49.5613426039
861.373782067
242.45772002
61.0391336051
165.919653812
2.33390920012
51.1241940035
15.3801462013
2.98646020009
4.05310520032
17.5796362012
69.2217548059
74.868290206
32.7421222022
249.71281962
196.825551217
127.92697761
5.20296540044
133.02282541
11.2540266008
0.0
193.125710615
261.21624742
4.73495420043
6.59106340058
34.0058376033
4.08266480043
854.22534727
117.48615761
81.6717966065
10.7952326011
270.827732019
1.04697920009
11.3340018008
70.4679116049
6.1580376005
114.619492409
25.1640642019
351.831082828
0.953951800045
0.0755996000058
87.2645770068
103.911333807
113.71847961
0.315361600033
108.842847008
108.176018208
16.1304476015
2.45388760001
64.7063086066
11.4357806012
51.5312292035
679.321038853
2.06203480007
102.511369608
17.6325692017
6.14221460057
179.997112414
0.619231400059
178.114023415
157.310394611
2.59659280019
52.4926722038
4.74687660029
4.21603040035
37.0562042028
555.419634845
186.326609215
24.0402712016
312.809991223
124.767377009
41.6205118033
314.511904225
51.6259712039
39.5832274032
1533.89286932
284.496235422
28.8828236025
1.55312740013
300.197750224
474.375367838
21.3695410017
7.73656680055
12.615604801
5.73513120058
352.562839428
16.4317830013
393.599723031
86.4016384059
32.3115192025
1.48702040009
501.995455242
438.762605234
5.61260360076
3.52489900027
2067.05871256
209.203149416
73.7733060052
2.35101440022
15.8458190011
0.152010200009
344.218235426
98.7549234089
12.1101964009
64.6465658051
8.27071340061
115.556864209
120.329784809
13.462589801
1.43232100012
132.50654461
4.04163580051
751.554135659
8.89246740066
375.655036429
3.27828760041
23.7210938017
246.46106722
83.6258092067
481.557909237
2.40011600025
425.869916436
19.9821010016
5.86843160044
126.38100881
45.9316420035
153.081240411
308.857040424
0.708591400034
15.0195872012
9.70087380101
68.190829205
0.176810400029
6.65073380065
53.1083098039
6.66148900077
121.98221001
48.0707518034
5.12780600042
95.000622008
0.859854000105
1.47308080011
134.54206781
3.07470000029
30.034608202
19.0922248017
82.1772370051
0.422469000054
1039.80676788
560.893222446
5.06866700037
5.01491580042
219.854810417
69.4876356061
680.670526856
6.51782740046
50.6391696045
5.96434420052
0.671383400062
5.84059800052
14.5406852014
234.283334018
18.7361750013
8.62176800058
47.8114264034
54.7120842038
21.0232598013
71.6806368055
0.424704600062
9.61342500068
25.566234002
7.42198020041
7.35474140082
444.061670234
2.73561860012
575.776264047
314.675383824
233.901278418
29.8588216021
248.600214019
10.6175502009
9.39552600093
5.82220460051
330.596331028
152.523575212
80.1181242061
0.673989800071
301.380599223
2.11238380019
19.5557094015
33.9395038023
13.9556834012
71.7020806078
42.743219003
255.51328402
0.228037400022
366.814393231
63.9294006055
140.561381012
6.10168880072
148.729802612
12.2276498009
16.2015916012
244.894903219
73.7712354048
51.2560714038
8.96622160082
2.31285100028
108.701875611
1.18040060009
0.34094160005
173.795732414
4.38667080038
9.08025500043
24.5912664019
460.165144836
83.500437007
31.6299688025
367.683082231
525.780375441
13.809509201
191.845267616
5.15737340038
2.08391180018
9.09442840077
11.936807601
8.74162460068
143.993120611
0.564775000053
108.098780007
0.519706800039
247.302579219
0.0
291.126409823
392.803847031
3656.27938889
36.1519814028
298.722272424
38.0757640029
28.8609490023
10.7255390009
1.03477360006
100.867515608
281.404261023
462.438092636
196.305788815
678.974282052
6.89235120047
22.2546496019
113.961767609
51.6903846046
12.5625826011
190.804848216
7.61370800061
22.6684392016
19.3285214018
114.189350608
42.5787386037
35.0507398027
46.6369278036
13.2963694006
35.0985810025
0.180923600011
56.6325040042
12.847328201
95.2792556076
97.560991807
6.3686086004
4.50864000038
8.21674080089
39.716359403
88.0798824068
142.407957411
17.1938656012
63.5454232049
0.397859600038
61.9222504051
55.4944698042
435.583622033
8.25786400089
509.266870639
0.824404000069
3.19636300033
44.1408414038
100.937876208
3.45787480026
2.55281000008
429.074982232
99.268176808
59.6995260043
19.7147416018
1.24220000006
16.3210336011
104.585266808
49.4183140041
310.592684826
90.117156007
322.735226226
33.1068510028
3.64254100028
28.2162362022
140.415346811
51.2417548036
57.4342892038
222.215922817
3.85891540032
69.1011376049
2.5197802002
8.88843500073
40.8599908031
20.0132562015
107.763794008
0.559250400058
5.57515160041
3.11791420024
1.5332240001
1.06843760005
0.975257000078
0.140919000023
68.7320578051
7.16441040077
0.431017800037
29.8428494022
105.790134808
777.254085862
4.95420680044
120.87318341
46.210920803
3.08416660021
77.0700790059
8.85432340072
694.286843857
37.3298328026
276.145966022
39.8673840029
139.609673611
171.405111813
209.888288616
92.2950468073
129.72616841
142.558231211
5.4950992004
0.439873800022
76.9753124059
407.878341634
128.71500661
98.5895642073
1.62317340013
23.9832976022
403.838344432
481.676053237
851.470386266
5.73849840048
130.88666081
42.5017486035
33.8525944026
61.0892716046
10.7587812008
1.14127100009
56.0758268044
231.732689818
41.0989930023
6.76446920036
170.082010414
55.6357906045
108.497924408
2.50934080019
8.50689800074
31.2770796023
8.78426740081
5.45354940026
5.15297180045
25.5347362014
0.599398600058
363.698461228
205.415558415
31.3765788024
29.0588914021
54.0949310045
3.40733300028
2.35462280022
841.960535666
37.124716203
4.95815900044
4.54403160038
27.9569316023
43.1956530034
81.158814207
11.6092886011
3.31740060029
1407.02760471
0.0
20.6049680017
64.2410040046
252.178284218
11.5548940005
19.2849686016
5.48087380043
0.47003200006
369.842654429
4.03623240031
25.6809510023
346.988591026
22.2281230012
3.98871280026
338.172465426
60.5204322046
4.80121440059
251.22886942
4.32980400022
1.35197940013
315.398125624
3.26076400025
69.3287560058
20.8137180017
45.5538098032
50.5964572037
58.2571540043
24.3212514017
74.3728026058
7.99313700064
1120.41151829
425.137876635
14.1463952013
0.642786600037
3.13472320031
1.02270720007
281.331378021
49.2267780039
0.870613800048
82.8235650066
330.887569826
5.70403500059
14.5584016011
74.0518754062
274.995412421
11.962840001
4.30732520039
6.40218360055
142.929965011
3.26343500032
0.176428200018
141.113869811
110.496139609
10.9499620008
37.9436420026
16.4358962013
153.351520811
138.947937811
9.69313120092
99.1642702071
0.765164400054
229.147555217
11.953429001
497.977510641
11.7504452009
11.6835724007
0.0745882000076
62.9224540054
0.138679200023
87.4412520072
345.720697029
38.5346288032
0.80476960007
2.77930380024
5.64968840042
26.0209214019
29.1811778024
46.6463422036
27.3663998024
10.3336388013
63.6436242047
133.90491241
225.603650418
0.333181600031
1.00676120007
211.464846417
545.582241243
110.385540808
52.1584964044
275.743427222
0.904825800078
18.0605680014
282.686904823
111.098360608
0.260979999992
3.34768840029
67.1206760061
4.44041220045
29.7065714021
0.0659944000108
48.1159442038
0.775416600092
39.0474746027
3.05935600022
45.8015004032
47.2476174036
24.4777628019
2.75709320005
430.190603634
10.473755401
101.425188608
158.702999813
385.24462223
379.097965834
61.3268752045
519.895592842
757.570933659
12.8646822011
0.581325400035
0.837797599999
170.367207013
37.1968566034
0.261358400024
27.069630002
336.792239226
4.41159480029
6.73704360058
8.73672400093
297.640206224
3.30560460027
191.860569615
129.357992411
201.406432016
3.74836860024
98.235923007
226.638114417
14.9749670012
705.553855054
7.85109480082
2.20468600017
34.1976108026
20.3035862019
109.570410008
19.2398168013
291.563923023
472.087071434
5.8244796004
198.413544016
0.999273400078
40.5811268032
1.50878080011
8.27302460083
21.5476438013
5.37405560032
120.335786609
16.8843418014
2.80662000022
2.94376280023
576.229315449
11.369936801
1.08566540007
1.16126300007
514.86479744
20.4143320014
52.2046930043
171.130763213
327.519155225
3.00917560027
104.108416608
68.1430580048
10.8641210009
41.1700142031
3.99902460023
22.0092752017
794.420039062
28.7321438021
7.69962920057
4.72476240041
6.78226780066
184.073655617
16.3900614009
5.39419780042
22.6744616019
3.90814800032
12.0809272011
45.9410064039
8.43630820067
21.0747760015
92.464734407
158.865727612
4.78201160034
268.979344021
8.36857760086
480.510994839
13.108010801
0.566850400043
1.33278180007
12.1845420007
17.4325602012
33.5374552026
18.8370374015
396.388464831
15.1826154014
308.002727224
459.844832835
44.3305574034
20.7923086019
222.279307017
37.3363240029
502.730588639
108.428356009
5.86075920051
48.230725404
187.223825415
97.2084458081
102.26423041
13.0634062011
20.8789154012
312.121451425
151.046071413
0.21294560002
9.05408800073
1.1823050001
47.5061358037
9.91723340098
7.59249220076
46.2665098042
27.3067238021
987.805043478
3.63020580033
186.988998814
207.442232416
2.73125720029
2.45841420023
7.20939780051
419.765593636
10.9042542011
154.865037013
301.117914825
2.49900640023
151.356053212
16.0695564015
263.615186822
5.15858240064
2.6743616002
61.2516480044
8.93442760075
13.6975866008
122.665527211
40.3613186027
121.702454609
0.335914800022
4.21886180021
13.5642150011
74.1921934059
4.32008920031
78.903653406
4.08606100031
17.7000974014
149.484406412
0.899148200076
23.5380186017
57.5173662045
104.308504608
0.233430400014
265.83062342
148.465893611
4.29108520039
10.1968230009
3.84105820025
13.244402601
13.2378432008
490.338023438
30.657788202
1009.12058108
10.2247936009
13.8366844011
6.81265920072
34.6913702025
128.79983281
1324.29600231
6.75496520056
168.278608213
32.6776562023
674.310612054
607.34379405
1.63789480014
5.82451860054
20.3956064018
27.9279110021
0.930268599987
0.0
9.12565080083
122.050605209
17.8498040013
0.97872140007
5.51328120038
450.963477437
19.4906296016
2.59442300021
88.2535918073
60.7532238049
0.787969600049
68.0760334052
54.128784604
225.718993216
7.83683640058
2.38183980019
3.93491960051
31.1183222027
166.479796615
365.30900843
88.0576996066
38.502082203
24.933964202
192.031188616
6.44609900044
179.118777217
159.057699013
0.112879800012
114.016318609
332.271824625
167.806938413
178.553020414
5.12230420047
16.6477952013
145.999154011
98.4159242079
30.4849434023
12.5989778011
5.4434762005
3.05248000016
55.1235998035
258.50917162
28.1127650022
39.133974403
269.052721219
129.20313981
44.6594066033
316.868271425
134.323401811
4.73097640031
1.50932700012
346.392089427
0.928093000062
3.4784504002
32.7912242023
398.432525431
0.477915800038
51.2847386043
1.94033140024
40.0371790027
352.002018227
14.741411401
14.0777718015
289.557619824
39.9393680035
487.851105639
7.55447440079
11.846175401
11.9116460011
39.5763968029
5.8789636005
8.17459160085
97.7094742075
96.0833446073
9.20362000072
439.079101237
1.96320280012
405.606986431
242.263844418
4.57455760041
495.94463944
429.535531435
135.23797441
6.17363900049
32.4289250024
21.2748778016
29.9933288021
121.997238609
4.28691380032
44.0327432034
63.425898005
5.30041880035
10.436940201
50.7012644037
40.2432070028
5.55807300044
12.9504598012
3.50198960028
852.802951066
41.0642066032
21.7850058017
64.4407572056
27.3761858019
36.8549080029
1.69783079999
0.562888400037
11.7321432006
108.649107208
48.0808640037
148.22223341
8.73926000087
3.10498060029
306.287886024
12.284633601
11.5423812009
4.49974800035
1.1388190001
4.54972500033
36.2206680029
5.00961460044
164.442543416
24.721009602
978.562524276
308.717383424
11.9731878008
3.44958920026
521.691025638
601.076340448
36.8236886028
17.4504022013
164.926089612
4.0081654003
13.7050022013
491.170466838
23.3062732018
45.7506546035
342.724372626
547.117476842
553.437541843
5.51726720057
0.394061400034
15.8745240014
38.6610268034
2.11217620021
9.38300760068
35.7684554029
311.892038825
202.846479015
88.8892466066
25.4299908024
9.15554440094
3.26126780025
21.3740198016
80.2044790066
193.568311216
46.7240100031
1.97168240018
3.47539800031
88.6814834071
4.0472190003
8.58570500042
301.087599024
12.5664356009
22.8613352018
33.6897748025
1.74591760018
10.8128762009
1424.08165751
295.222555425
199.831825615
37.529691203
40.3513128031
164.727112414
22.4008828018
1.87477280018
418.523998633
0.853953200078
43.2245982031
138.087991211
260.79801222
186.833877814
53.5279552041
0.116819800008
23.4950844019
23.7777904019
0.704094200089
24.1037474015
25.7999104018
12.6869606009
229.510034619
10.6143336008
507.087963843
5.6355798003
6.15038320047
45.5390452037
59.9317824044
835.796734066
211.393148216
67.6815836056
72.3580856058
28.338566602
117.58530641
529.888404043
43.2007570036
24.3610544017
3.68005360021
1.4456244001
126.425323011
0.527116600034
104.328291208
15.2681902011
42.7725720043
0.631432400034
0.0
445.873467635
0.776801600068
177.642229815
215.529079617
0.301108800024
1.89156400015
433.991451434
4.58513340004
16.9198044015
7.71680340065
5.20918899999
41.6701828035
238.380036618
16.4845032016
9.54188320062
6.69119980056
27.5716442024
21.3278228017
120.891043409
155.210573413
5.01992720039
9.31701280079
2.49550800027
490.943257238
246.916295219
1.27267900007
9.24823300051
0.315107200027
2.09044560021
10.629597201
191.641983016
3.68223900039
15.5411310014
97.2090070074
27.8024810027
35.7856814027
2.35416760029
0.939585800034
41.3095584033
142.72590381
1.4870300001
3.21414840034
244.491216819
6.84738440055
16.1865674014
500.177542439
4.4032030004
73.8563102058
37.9698980028
82.2969770067
70.2093722054
12.821125401
3.84629280034
10.2025728011
642.375914652
93.1710792089
346.053935627
998.480655678
13.2943926009
166.407119614
157.595610212
5.83485980044
0.832789400062
533.808332446
4.20842760039
1.57763780018
35.0681996027
13.4823880012
26.2984436023
251.637345219
8.05059300059
122.12618021
62.6300438048
179.522335814
43.1423222032
314.074185424
44.7353076033
209.153285617
707.303936458
28.707729202
6.23656300046
59.6312066043
42.8296600033
356.039098226
290.407346623
27.089429802
48.4573036034
123.45404401
36.7816576029
3.00718200026
0.182825599995
362.856208628
0.0
0.517474800052
103.134962409
8.05405680107
34.4214748027
0.263388800036
903.227533871
68.3735586051
161.167099212
2.88654980019
245.394567619
2.3928644001
55.5674106042
62.5290844048
224.734081417
6.81775560046
4.33266840038
80.9393964066
2.30342760022
12.6453220011
144.011736011
15.0711584012
2.14364120007
14.5581670014
2.87924680026
2.2648790002
1.88484080017
2.23721960023
86.6611222066
0.0
93.2699602075
215.534017817
33.2217508028
12.7189980012
17.1640862014
117.165148009
37.7157356028
7.64023780053
5.64108920032
132.80243361
71.2468488052
686.368743856
67.254495605
14.4512412008
9.17017860056
42.8862898032
3.79210960021
346.808548028
127.882729609
43.8824200029
2.64956780019
1.0057808001
3.27054180031
155.546713612
17.8937942014
42.912386804
114.641719609
169.633255213
326.666197426
21.1616080017
148.582995012
39.4523246035
7.79401920081
626.058332448
438.830319834
7.34760360054
31.9030864028
186.527818615
7.78147920037
34.5246246027
0.296036800026
50.4548320033
24.4843312016
1.30888300013
22.9691626017
335.428166828
34.8838250026
510.804502441
8.32641640059
427.125934433
159.432269413
111.081360008
1.05198260005
28.867653602
62.6727820049
105.285987009
202.912785416
3.79579120036
0.184556200016
7.36879560066
36.281047403
62.362848805
30.0948904022
8.45643520062
178.349183013
1.38700660015
45.4479536035
359.709594429
11.324783601
38.556046603
7.46995080043
29.7670548021
205.399931016
117.319897409
66.0668350067
2.72614920025
469.584701838
163.303781612
6.61124260058
0.0916882000116
108.935943408
36.8731590026
44.3336376033
4.55208920045
32.6133972025
2.24185880023
1.39026220012
1.97418160018
5.5507364004
784.662969261
386.647431231
16.2460708012
4.15518760032
44.7186226033
293.224652624
7.37195640047
419.101276033
0.893515800059
767.034661258
99.3066374071
29.9233894022
249.00257962
20.4616462017
47.2502358034
9.16826580129
115.092363609
446.808431037
88.0380044068
4.79665420039
41.6103794032
1.91673360016
4.20634480038
2.32005520019
1.63822200014
30.7559126027
53.5681908039
19.6199840017
25.0238230015
12.2543314013
6.38202380058
26.4773252022
451.721978833
7.4339960007
363.367274829
15.6086958014
49.297353604
186.232942614
0.272343200034
5.06028680044
306.482439425
164.290663414
18.4245918015
2.37526000021
37.3012462029
70.7479202052
6.84767760079
171.327523614
62.2724812053
144.362636411
40.7484230031
0.39527500004
319.545187227
159.341501412
38.8356616033
3.35751080026
9.53272960066
13.703977601
6.69839120063
127.890235811
328.138472228
392.056943033
170.848338417
1.24493300011
478.071187037
3.14254580031
66.6458438048
8.94685720067
632.01665105
7.96889140078
15.7888436013
80.4225952063
25.064467002
95.8822836075
1.97829600023
96.0902880079
637.759296652
4.63148060005
177.781413814
247.158832819
19.9756234017
20.8835120012
13.5570362013
194.352337015
2.72624200018
8.47215480062
39.3608698026
2.20415160018
11.5639370009
135.866621611
172.246257614
14.149509201
10.8452184009
6.70496100041
0.70391940006
19.4396254014
243.656581819
110.507663208
153.199143812
359.067001629
259.78620862
91.3429460063
4.04024460029
172.580096413
11.7721560011
3.97106600035
6.07151760053
96.1037486073
60.349003805
8.06733120071
426.971132434
13.330693401
151.490895012
2.06573940014
11.7272468014
1.40031320013
1.0349496001
102.962146608
0.484465000024
771.361108459
519.135368442
63.1911010053
78.0126164057
905.296089871
22.7274784016
460.299716637
149.297885211
94.1312762071
44.5906374037
33.0395532026
4.04468460021
2.09839440015
9.08944340076
1.66777540012
288.469665422
8.66222680061
0.321090000018
0.622575200048
170.583833813
241.08216882
265.958002621
7.25759620075
126.165948209
4.16468260041
263.30546722
600.922614447
12.2767910007
11.8702130006
21.0941646015
168.624426813
0.306993200026
28.6710654025
130.62921701
1.49250840014
19.1501652013
4.50049060041
132.93730161
53.5662028045
0.686096600024
73.4230696061
264.701922622
765.086649061
198.409324614
0.16362220002
31.8379370021
0.904057400068
47.5333244036
12.008270801
270.05053402
336.194537627
111.423884808
0.832579800066
4.56758700043
89.1549908067
1.52252580011
1.02864920011
41.4852230034
43.1679524029
404.452739033
79.1907354065
71.2639788054
13.9296884012
204.478836215
69.5570738055
2.66451020003
606.528988845
0.932366600085
141.630907012
38.3617200028
6.10200720064
392.392425031
166.819641412
5.08085680036
4.64382500038
11.779242201
392.888948031
2.57142200021
9.25811800096
0.138202200013
299.405075226
9.41867940062
547.402857445
10.4814768009
3.15150980005
0.824404000069
290.355822823
47.1339200036
322.589841826
145.678452212
82.1607304065
236.313081619
281.314296022
92.6589474076
18.0298662016
66.4515576053
29.5345374026
19.4212142016
248.207668619
138.513849011
48.0752568042
0.0
3.48541780029
75.8599406057
77.2419758059
15.7813286013
4.24122020032
16.6368602015
59.5832912052
61.1262816046
4.24122020032
22.9591358017
1.76925519998
8.58704480087
587.438030447
483.251940239
7.52962540076
150.788681212
130.59151521
99.9631806078
22.2024046011
205.179555816
224.967090217
9.99989580093
8.54951380071
69.0145500055
542.315551843
73.278540806
56.8635758046
14.3680494009
98.5078086071
3.94768260029
0.341275400031
11.723536801
32.207279603
5.11613360031
297.395500223
2641.394935
1300.7192427
627.46670325
95.1763450068
141.441478211
61.2357248054
20.8792364017
0.0946070000074
119.010632209
223.356552017
5.36917160045
674.058804255
190.012782215
285.786925023
1.93672080015
692.501716055
21.9337354015
12.542956001
25.3903646019
12.6260892011
0.146166600018
194.979140214
257.89937962
35.9280466029
6.5873018005
354.892613428
96.6046002074
10.8410026007
94.0365202074
64.4511682049
0.391395600013
4.01892140029
39.2134516029
28.2111600021
213.503621416
0.808730600076
12.1757574009
200.594396016
2435.78731359
99.3876020073
405.751990233
333.797389027
265.317472022
3.92753660026
198.191043616
67.9639040047
7.89112600057
29.2502180021
85.9969518065
4.03021400021
88.4315472072
15.5628660016
19.3238710021
0.38144700002
20.6502664016
0.439349200026
10.5256890006
341.339990626
136.086205411
35.363658203
260.690223022
19.6359064016
39.0729676026
31.3881386023
135.908592412
80.7410878061
4.81014720036
2.02465640018
119.841949009
14.0920522012
36.0643238029
0.919090600074
13.3751072009
4.13767920027
60.5513790044
7.83999100057
138.34773861
46.5143778035
96.6024694079
144.878734212
374.217153831
342.244179627
17.7993544013
51.0615776042
24.5273202014
1.10523480013
634.323225247
30.2330282024
372.103978231
176.133542014
25.694259002
54.8944344044
84.9606056061
6.97168800045
220.419188418
27.981302202
223.701691218
226.384001219
9.01762300064
248.53807302
5.50025320081
54.6297802045
8.40852620051
434.924895232
1.1293518001
501.71656644
495.790902639
10.7088724008
286.676132023
188.059124815
325.616216025
181.915805213
213.994036615
8.83783980076
1.82907000014
8.6249966008
33.5881486028
585.528698047
575.726569846
106.341582609
71.0143462065
3.62027480028
98.8492618071
236.882495219
86.3701476068
1.08271720007
2.07371760013
34.5006982025
36.0032602028
2.84754420036
403.930185231
177.036959214
145.109680011
24.752818002
1.83377700011
0.392803800014
6.46185140033
125.879995209
331.933211026
42.0119612037
9.7880802011
44.8890482038
72.9069708062
141.144999011
51.2926230042
51.2151680041
73.9593372057
3.90349820026
34.2658676025
483.970004238
0.181942600011
5.56002400039
13.7339828013
167.772925814
352.198262827
150.485837812
192.982344015
1232.4443501
90.6651530074
413.836653032
3.93473360063
103.624542009
100.363225608
127.928653411
24.7694034019
373.408394429
21.3045136016
23.8507970016
281.644362023
20.2515402012
477.909430039
519.279825042
225.085153417
498.10737344
521.429144441
336.233401029
48.5193424037
1240.5971319
8.97059620071
53.5747646043
140.391249612
517.170306839
55.7119396045
200.457063416
161.630722613
230.003331217
1.69049560011
10.2433620007
8.88541880061
160.556218613
317.213927426
7.61768980077
3.76452620032
112.137339409
52.9689888045
0.907026600064
351.342215027
4.28442620027
3.48812980001
61.7636220048
3.23397360046
4.37190200034
25.999208202
678.221240453
1017.61799268
14.4526606011
195.190100815
103.029950209
10.802443401
13.7044058013
1426.77707631
151.476149612
5.6337238004
151.846834212
233.510783818
811.985308665
146.765503811
230.750284619
0.832789400062
896.523381469
382.813829032
192.928645814
201.597382016
0.670621200088
0.575289200061
9.14604840082
330.537384226
147.830304012
32.4676206027
2.45970840016
27.3144644019
111.226083809
295.264843224
0.478358800026
12.0499066009
1.00557280007
7.51523500079
0.516317400041
12.6437192008
10.8673546008
172.960942214
2.5861852002
339.618354029
204.619840417
1.71581400012
32.6068168023
4.68282480037
1310.8370741
12.602219601
196.550889816
7.31227560061
0.0
7.18038180049
260.391987219
93.9951982075
164.556351013
357.359938428
0.069374799998
32.7062360024
0.767976400058
52.7308972047
3.14565120025
87.6830522067
785.827647264
680.038790653
6.5279890004
37.7734760028
27.4457312021
6.37817300041
26.586971802
533.348392441
61.3260890046
2.14770880021
38.438620803
33.0022378022
110.341849809
3.42188500031
429.882217835
614.458622847
154.019212011
176.417229616
0.675014000071
123.311921609
1339.09649051
29.1263484021
5.21596040043
490.429987838
349.34519523
171.797012414
4.5538688005
57.1373032047
210.680747616
607.560963846
14.551189001
53.4346602036
3.62429260022
4.1784976003
203.890355216
100.340701208
88.5038670066
208.175148416
78.3450404061
30.9171570024
122.037770408
138.085746611
87.347082207
42.3184752037
185.850097415
10.7031812009
4.34267680035
19.5242408015
68.7650140056
18.1499674017
5.54202260048
49.4276268038
47.5076286036
2.7653452003
44.5291906034
466.454275836
15.3272992012
624.33333545
44.3095516031
0.0
4.62025340036
12.4070256013
320.955575025
7.1652598004
139.361143811
728.62507066
544.969263044
97.9163118078
628.07997125
171.855351414
186.507660415
91.3698724076
1.78982200015
83.5247662061
5.41446040051
25.1103460017
79.5595038063
16.3557396008
197.280704815
202.546205815
246.982061219
51.5973098039
80.8028454056
252.25462862
3.50836520036
473.667552638
189.892423815
80.5099914068
32.4296240024
1191.3220281
42.7982404029
8.41965440055
188.025939014
6.88089140056
56.9261708044
244.509165019
26.0773774011
329.734893826
540.416864643
15.6409998015
67.3380144056
135.426989011
219.953086217
80.4956696063
61.083423605
65.7568694053
22.1515786021
71.3325704058
258.792978622
252.973636221
28.4553944019
25.012113402
388.67210923
16.9615684014
88.619719207
32.7808254022
441.164435837
705.666433856
46.6086856035
4.31734520035
85.510722607
3.88706540036
271.068627021
3.9281154003
84.0053768064
108.721263609
2.36193560015
12.9483904009
10.9607738008
270.757926421
19.622614602
3.82517400029
27.0481100019
0.793844400061
79.5468358063
33.1551308022
45.4291418036
9.6508972009
299.016896022
4.92539080042
2.88411700025
175.993365214
530.601391841
253.66632742
72.8725498051
0.437836800008
26.628948202
545.289043245
68.3715298056
131.263807611
195.091698216
3.68873860025
2.34088680015
45.3373340031
23.4979758019
14.6454328012
185.639620615
49.2446510035
31.6634054023
241.510158618
17.2243828011
384.252479031
4.35316620033
2.12238100007
51.2127566037
282.312280022
39.6386892035
11.4774092007
316.019687826
33.6633390026
63.3424890048
0.515384600046
743.081166058
213.303554818
3.98661779994
3.90364040048
4.46249140034
64.7007280052
21.2873956018
0.395907600037
1210.8421959
4.4518156006
31.5020848027
117.309122809
34.7273804025
106.226560608
355.258956826
0.0
634.044295851
29.9233894022
42.4878528037
711.033226256
694.925992852
19.8602544021
221.844878219
22.0560906018
11.987660201
415.984174032
16.8324302013
25.0677252018
143.952865012
4.25705220031
0.285710800017
4.18888520034
13.4781272014
98.6337396079
41.2433510036
3.48588040034
41.1798820031
151.858513812
34.2116194024
107.522645808
13.036173001
34.4002432015
34.3620742028
393.915455233
1.09160880007
183.484989013
88.6098520059
0.49638400003
15.3681362012
8.7607444009
12.8748368012
67.3192238052
3.30236400025
744.518773663
70.0533784053
47.7771024034
167.403297013
298.345285026
123.297440009
382.604166029
90.8415936071
7.68337200079
3.59677620031
227.972548418
3.30389200036
102.467907408
19.0829926016
2.10355720023
370.55103983
5.02838180045
49.7567160038
83.4013876066
1.96213320013
589.677499847
5.08015100038
0.966751800095
1107.73783949
141.554488412
75.2809870061
299.233871025
2.2911632003
11.4694894007
718.693033658
38.9727644033
436.899508635
12.9262974013
35.3144154027
284.616737222
1.87393660019
192.049785614
253.61310822
11.9842520009
22.8453184014
46.9379502044
13.1157262009
424.133680433
46.6272568037
16.8711742014
49.9023358041
124.02554701
10.6088676007
10.2932976007
47.0823272042
200.233909419
13.2963694006
1.53488000009
47.6232424037
0.407650000045
616.62250845
22.5727484018
302.840587423
189.178836814
35.5217070027
7.61981360091
36.3414464027
828.471115467
312.445719625
40.6749382035
94.4342170077
25.0942638017
91.0060340066
5.32627620037
11.962124401
36.9566362028
78.4280796057
1.75546480017
183.774248415
33.7718898025
34.3389474025
69.3602196047
33.8259766024
35.1863510028
33.0362266025
46.7066522038
338.834313026
40.2812994032
60.4068796052
41.3349648032
31.5335186022
507.648909841
365.269407231
3.90902460032
4.4444086003
2.77227700022
1.0835596001
14.8038034013
334.197232028
132.69948481
153.499845412
6.98131260009
485.964498638
29.4319928021
181.008605814
280.509530423
402.750272433
98.8784340081
102.361825007
138.017637011
570.709392647
24.475691802
2.32659880021
556.824161044
887.69179307
52.0472930042
412.901647632
20.2208232019
59.3879182048
357.155787827
8.26444700061
84.4421856069
5.30974040036
271.312476822
475.725023436
13.3352226008
0.144522200012
90.8162076071
9.96521540071
72.7902342063
8.97577680067
142.280447212
11.523470601
0.533208400056
8.20367560084
6.15973580087
113.428717809
11.8218950011
132.369430009
0.918951000082
5.2579034004
170.261273613
25.8435860022
20.4145132013
88.642326407
18.3824662012
241.099603218
18.8197198012
253.48749062
315.850926024
207.699527816
712.629561456
96.0691754074
58.4120014045
1.92858080017
184.981800814
0.548132000031
95.8237128079
492.499519439
36.0972132028
197.597780415
382.278504633
0.0
9.66311440102
76.2462564058
50.3469440037
94.5807730069
145.002564012
356.91703103
38.8359014028
10.4859414009
7.25464600073
437.168167235
440.124648834
4.40735800029
45.3645594035
36.5608808031
587.993243847
0.746684600055
568.473135247
3.97898700035
27.5481446021
4.14355160032
182.396867814
184.909493014
35.7180358028
10.3960594007
389.739640031
183.342348015
141.11503001
34.0803262026
72.4457276047
40.9917772029
18.5312890015
133.27866081
20.3320434016
3.44394280029
46.5523590034
25.5124778018
7.01647600065
1030.51832288
0.349633600027
24.5332666016
13.1875328007
3.01984220018
34.4584788023
55.464297804
9.89772620068
30.2159298021
1.13716980011
26.0491124023
600.126440848
40.668891203
299.331854425
37.5410512034
242.746469619
8.57393000089
22.095731802
189.125731814
64.1932050051
3.51718760017
11.1010372009
353.523899228
20.7550726017
7.33992660072
5.28921360038
0.819096800049
24.5141158021
5.67227140041
55.5260846043
2.86122800016
40.4419190031
317.196931824
7.68377860062
4.11250820033
479.790909438
30.2673460021
65.5605560048
52.028419604
2.75742620015
814.061202063
455.479984435
23.0792024019
18.6729956013
22.8923594017
1.32908700014
11.1393290012
34.7785870021
458.428772835
3.78134300034
34.4919138031
228.138487618
44.3115900037
396.197664431
3.30127040026
232.703620617
161.649769213
428.591843633
7.25759620075
592.063828647
0.159577200026
10.9043454009
58.8830394047
19.8523336014
231.292851818
9.08236500034
2.12486680013
228.667460421
8.12717120085
20.1960502013
1.00329200009
18.6387662014
326.666269226
50.165599604
74.9379282056
17.7673842017
6.23567640054
61.2901352049
4.48073880036
365.867486828
847.034207667
3.82517400029
451.064223636
5.09381600041
0.0
7.67300720043
150.426150011
5.70391980041
4.15833220042
4.59766060027
8.59867320066
10.2716794011
21.4833616012
38.4872040028
91.854442007
46.9049784027
376.68804203
90.8748580065
0.287744600037
718.138617856
14.8078840012
5.71154760063
57.2561786041
37.6350322029
222.093274416
92.1305416078
182.598006614
15.3602984013
154.625222411
6.2256918005
241.895609419
20.8917538017
577.986846247
49.0492098039
3.83864760036
249.97567062
13.094028401
462.881259436
28.481979202
4.19250540032
36.7648836027
440.546346834
0.228610599994
24.3883638019
2.29353700015
0.12291320002
539.147730642
91.9644580071
1.09700840005
0.574256800039
27.6465186019
206.836950616
22.3154548016
28.1030964022
25.881413002
314.017558624
6.75318500044
11.6842412011
9.20166320083
91.096609207
39.590175803
415.038295633
549.219218846
3.29468400029
37.0792888031
35.3956574027
173.796547814
272.790069821
45.0948326036
178.367564814
130.974480409
14.3964814013
4.33757700032
8.17459160085
515.708804643
0.317147600019
56.9152480043
171.886593413
33.1064414025
49.3268122039
0.0
602.103337646
483.66244144
54.899198804
21.9069648018
247.831729019
29.8040150028
39.1428684034
6.39970700053
69.3193606051
22.1071714018
250.447294018
41.6600064032
254.87127762
101.808915408
8.23821520048
61.5855318044
280.593463422
17.5030296016
61.840450005
152.914374012
3.5117958004
37.2998320029
0.849215800086
8.65705820087
11.5970386009
260.449611821
205.500010617
29.793290802
3.16951020012
4.72111500036
571.748203446
689.517608854
152.420400212
324.231796225
0.608003000034
266.347450421
8.57837180089
513.73699824
42.0528656033
0.856730800088
32.6621776023
0.879196400122
31.7700186024
377.00326843
0.337583600032
217.165545017
36.0737182027
150.076171811
1.30131760009
679.157180055
174.698655014
4.03361840029
120.93547421
39.9113650027
359.956085829
0.195925599994
30.5619050022
36.9167174028
44.7812476033
6.19189280049
4.52561440039
3.01169000016
3.66571640028
0.535150000041
424.260758035
5.98180660057
44.1388732037
93.6678732078
9.16848620077
517.59192804
96.3842692078
778.581123062
12.5741990008
3.78642020029
0.368934000047
499.881099439
118.648976009
89.3557774073
143.257657011
292.292730623
2.26747740016
199.412114216
33.0539104025
267.648351422
68.0147726049
23.6472776018
10.6897584008
188.503940615
64.8701142057
12.548764001
95.250139008
6.60493960059
10.9053250008
12.041907001
0.895255800083
5.81271100039
282.081979421
1.02151580007
7.43491180065
8.60088980067
103.063811207
160.536638212
5.59503400024
163.026163414
0.970182800074
400.852236631
7.38169940042
9.88713480078
37.5385682032
162.409786813
647.916991853
12.442333601
516.680958041
15.3151270013
56.8344244048
0.221575600033
794.939736063
21.2843188017
93.1919660073
314.047812426
246.73147242
12.0746860009
31.0080846022
1.77400080014
37.8359856028
40.8431680031
3.50117340031
1.30179980015
1.09021280008
45.4586350033
15.6391308013
30.1543586021
8.33740280081
52.1912020041
14.093381601
28.9975594025
30.1594236025
86.595331207
12.917107001
19.4113464014
203.546060415
713.532043658
5.38676620049
468.744167438
0.0309748000014
236.57925142
9.24577360071
240.253403819
21.5268444018
16.4850640015
49.4996436032
12.2726230009
62.7834208046
