7.95894699875
24.0602367948
225.57920256
19.9206831976
253.729243367
2.09329159945
1.43267339968
57.390877392
1.30502919956
98.9723227833
2.86374779945
10.0927613988
91.9805159884
22.6106057979
46.1243555924
26.7793609951
0.872117999842
142.653392781
16.6691345962
158.788631773
129.653086175
139.912230778
9.24439859961
393.14604674
14.0394409977
181.504805569
61.1841905897
81.9364825874
14.0697221986
258.957492162
2.00987439978
118.854421187
74.8076725882
360.950459937
1.06933059976
22.3222659963
12.3851571972
0.0453279999932
34.7836827928
66.6745733871
256.797977753
7.61231139907
129.08911518
127.170811974
0.137795399901
12.6703905984
571.841529706
1.00298139977
68.0519139866
44.0189451922
24.9918103965
1076.98646663
0.0
275.33583655
1.87988319964
4.63151059956
397.035375532
13.9763235986
90.8199935864
758.655398262
27.0086269988
100.188847582
5.93625999881
44.8440847928
670.747043699
1.38400699952
62.5333365881
9.15035159918
29.1675619985
0.615681399933
2.25281879944
678.744383695
0.535975999919
686.729861278
93.6894539864
0.774236399704
61.4023711886
6.61362480059
64.9387109886
0.494211999935
408.597219141
0.778129399894
250.983428561
0.372860799904
4.82501999841
338.938746344
910.758306461
6.58836079934
3.51654559984
8.14044819968
16.7719487977
9.02065439859
131.071573178
51.3951619901
108.757469183
18.5222899976
8.58330719865
78.6292615875
896.863037071
14.9147973979
0.0
1.80392839983
658.893421497
124.20767338
3.30621779976
71.9622117891
0.0640681999597
458.963079728
12.0915795991
24.3059555968
46.8309061931
8.39220980129
39.3293577919
1042.70485781
4.49175739942
5.77711619901
124.815765579
455.205615123
114.382015386
47.4541407986
18.3796249968
92.3682865889
196.563994172
1.83628879957
34.5052009942
96.8753447867
3.9810089998
0.0
0.980245399663
22.1500305959
9.99597599642
360.09826094
10.0119005987
144.326793178
537.089466915
578.704939911
6.40753439957
4.51123819853
40.2094649955
0.373007399808
165.417675572
103.918770381
505.392937525
2.89228699969
7.05062059891
402.476092524
3.74537519934
499.988494314
90.414092583
16.0756933972
0.55568199987
3.54787659964
816.16430328
61.0142297911
90.7960843855
887.558117888
3.81273859922
5.34870059908
30.6152725959
705.776413081
146.751752976
143.414791178
118.138458192
36.1432777928
23.4480073949
5.54449119909
6.16582599971
27.1329185968
4.18294659977
576.552055897
51.8119799921
12.7719479988
23.6585669966
4.17801099919
9.22575359818
6.80132799858
138.801853978
23.100837198
407.019643734
4.28018859977
299.927168559
21.3176853972
14.1466375964
76.0330485891
23.0466609975
34.5525229962
88.1390885827
73.5739857887
70.3187927855
0.887414799939
2.61167259961
187.286908773
12.1422551978
560.649270324
2.67818699944
77.861281389
1894.76868532
467.583487119
349.700230343
1206.48515101
2.19590639948
6.15677319952
2.84759779941
2.02063419979
65.6935719961
28.7435793953
0.0
0.713284799753
11.8140247983
0.803583599915
14.077679997
0.0
262.520039763
1.18779979992
11.8359919987
1.16390619985
1.95619019982
129.169557379
1.82580239984
2.08937579958
29.7243829956
367.050245944
2.14337699951
17.6184683981
78.1978427881
260.930477354
46.16158599
3.25352159922
27.1315163931
282.438620555
27.933935397
48.9981615889
7.54306560108
8.3390141974
3.07289900002
0.660069399866
395.591957141
137.676030775
172.915729174
110.123805578
136.978203183
467.708486724
106.81830798
1.03306259965
339.739929545
60.3159761913
165.801499373
212.159155369
4.13498379977
20.9179337985
374.201261742
303.468424153
31.5314045964
4.42968179916
3.30325460013
4.40210539882
9.94744899881
106.495781986
244.806136567
573.219788307
50.8366011899
88.814103384
245.432348357
9.0193159981
12.8340869984
1.04116200024
12.4168449972
24.5972555974
1.44000139954
18.0751913963
150.390901779
309.949308756
31.0329045971
153.034970175
600.319468303
26.9223717975
3.9100255992
1021.64651604
204.960677564
3.30415479906
615.660839493
4.52465799958
21.9540845984
8.73529959896
60.0503333903
2.71981019955
117.882037383
45.9264821934
12.0378937974
41.4202269928
709.373151497
12.2083797976
4.92377399928
5.51220699931
560.456313912
166.556404168
2.17775099961
6.40437199956
4.30110979914
206.85224997
48.5028315916
218.548115968
0.188853799975
82.9256351884
33.1401037964
187.460374362
129.578330579
25.9626763957
6.72817199888
22.8285915978
2.43568539972
2.1181229995
57.4752373933
12.9344449982
61.0512195915
1816.11285753
81.5084563872
536.609562916
11.6703445975
526.095494115
0.182715999955
28.9239547954
13.8149899981
1.2689831998
74.1773751888
177.090369767
8.324255199
11.3833395982
45.520478192
3.0332593993
38.0059953934
1330.81015179
0.289532200025
22.9507601981
4.28402819946
126.41339558
440.147418939
498.928114923
6.98170659937
975.500843438
1.76133819956
63.0478289915
70.2053041881
2.19533739966
349.939303344
281.106720559
1.48419739985
29.6636161976
1.80355239988
462.448828927
59.0963073929
10.0528547983
8.11568599803
206.671304172
25.8956177969
419.348825131
59.6367675916
103.478773984
572.662988704
22.689574598
4.60503759976
8.26698660088
448.129361928
142.387882175
85.2322973855
12.5868905975
2.22811219973
252.927013159
2.13375719929
40.4075583911
9.33796539874
9.52367599844
312.540385358
26.0746905958
2.99082899985
198.840540165
5.85157499874
16.9810589977
60.1846791896
15.5634887978
1.44588419968
165.055767971
14.0159453975
114.662384383
41.9619841942
8.2281489984
3.57873899918
33.788003195
15.9833249966
6.77858939977
6.42960999833
7.56629479927
54.5636001849
2.17513219962
21.6209375945
172.71191797
0.401882999932
48.9876053901
685.137522882
206.043594966
13.9356855984
21.0353231962
20.3684177964
87.0978403874
410.255842535
60.6681511885
65.1345255893
790.719619873
533.961556912
435.016133535
529.238397923
449.826625933
5.04629739967
396.921558936
1.26544279956
170.618350975
0.792763999932
12.8590719978
13.1558065995
13.945040598
0.894370200102
0.186313599968
18.3376835964
1.6681955999
386.355257739
111.052145588
0.422217199902
0.442558399935
15.259012998
1.94057819998
74.7172921889
3.850923999
73.782601187
152.419411377
12.1621423988
4.5622785996
156.706402572
7.98593199904
1.3637785998
1.64616879995
5.31568819964
27.8563969972
20.7185799975
30.4425817937
3.12897819999
4.30000859921
4.3367517999
705.640886303
0.195921400066
77.5486163919
0.0
330.107364346
7.45008060101
434.096677126
264.93298375
51.2312917903
23.5663825961
127.603923381
108.121829384
364.702949744
567.842697316
4.39978559898
355.181634347
37.2066695876
117.376175586
15.359250998
1.51272699992
0.952031399867
415.891861135
73.8676097918
37.8090027941
1.61836139971
7.53328760092
89.0228579899
0.329016399956
81.6699055872
4.36205919967
37.0863933897
16.8782773976
34.4331815916
57.9507737899
582.975417307
184.193155372
1.17154499982
2.95843679909
2.44183559959
36.0046147934
196.240240972
6.44642339849
676.021969084
3.21627179981
4.35657619806
3.9926931998
1.20303639981
530.725827121
0.510892000044
51.5298369955
282.845915756
74.8419827895
410.755176535
545.472718912
33.5095169963
7.29213899954
70.0433041873
7.893073998
1.32021179997
1.53210639963
93.7906841855
160.071724974
140.550906177
8.69355840002
3.59058459927
176.230323569
58.9941263898
18.4919551962
0.123011799933
2.91177119955
420.975451136
28.336423997
18.074201196
188.745474169
58.9798679914
893.210722457
0.687664199835
162.839704574
151.078605977
80.6690901865
5.53210299923
80.9691357949
1.06002519978
58.3631781887
12.3090213953
17.4252329969
428.225094129
38.1657633948
2.67694119945
129.110736179
3.01459219933
136.024327985
15.4170403971
641.783436305
273.173820954
135.694211382
152.264101375
0.380552199925
13.6659416
306.750753949
129.477953979
1.83379840018
8.60453760111
216.327314771
443.588331123
44.7609681961
204.435163969
18.765667197
155.767482976
147.587834571
223.246891564
10.8139355986
47.449964193
10.844674997
7.19072659917
458.956396127
33.5600147933
43.874709593
81.4108049923
4.40231859902
143.667034371
5.05376119915
36.0124155956
78.3623489852
0.0
2.80981919944
296.106302155
83.8489955938
4.56956239976
462.493693535
32.8986865963
55.4532807939
175.751931575
12.1171226008
8.52751479949
0.763993399796
3.87110439915
14.8957397967
749.207201683
2279.44857007
12.3923422005
186.475609174
165.047105573
79.1383005841
3.89280739992
493.917003517
423.194999538
11.6935489986
1.80834699966
104.421694384
78.2143209852
27.4699563959
90.2115335853
2.18953579949
55.0596851894
0.108854599922
3.00573839922
14.794895997
7.97714939876
202.714337571
176.853889773
58.5858197878
0.72103699997
45.9457911921
0.878598400193
144.678154378
82.1262211854
100.416206184
583.842380103
15.3510533983
153.763812775
240.043469568
396.041101733
163.321783168
472.337171724
556.349363309
157.815883374
454.823790728
4.63279759975
634.230339107
24.597173997
95.8701939842
65.0640411905
575.370786313
3.27735279955
7.216060801
1344.74972357
19.0073251974
0.269468199964
14.8371871966
74.7498205904
36.2905795979
0.374838000006
186.576519173
4.29836419963
0.635036399887
37.8882081941
5.89380079935
119.948634983
168.382622972
42.3036543882
221.006152762
23.5549263944
66.0501179875
59.0603461887
138.391745974
401.385994733
1.17063459972
1.05594679971
1.46188939987
34.620024394
2.51763039948
0.14640020005
46.607911594
139.563200978
12.2621582001
27.8625589965
54.8870387903
2.2048155997
572.921605715
645.788123902
16.6439499968
4.19579119966
17.8885572003
7.51849800112
242.003135759
1.77723559939
0.663051400112
1.72999539965
198.184103775
24.1438359965
111.725833593
307.122642353
13.6910831988
7.51855060082
206.356900762
139.859393776
244.268203958
45.5008697935
3.58957079939
105.165363782
54.7228069915
173.667226577
102.396698183
564.125700509
8.20998359897
13.3733397978
15.0178465982
16.7910687996
7.61519639808
4.20607299923
434.760771934
32.0155667935
2.03550419973
22.0544035955
39.4518845925
1333.84438318
154.446677378
155.37590837
247.714895963
625.672481299
26.0492713993
284.446060358
297.099644555
215.478833163
5.64316179908
21.9926094
0.537428399975
0.0
395.873534534
620.039901497
12.4440455981
28.4770919969
27.0281215981
1.96860599988
16.193246796
63.9414205905
4.27557739898
4.39536599947
27.1368119975
0.923596599826
789.835909267
1.26733819994
45.4063003904
1.90492719966
406.117267735
52.3081595949
51.7675699938
1.84424739956
496.558885521
74.6048243884
426.592935325
595.560279311
110.853758188
85.0388065843
36.3351347956
28.0223933934
1.01950999977
306.925807952
70.7158119879
21.1380077959
148.509477577
2.35653819985
1.71366879988
5.49507639903
2.79784640041
177.649087976
155.248269776
124.727190982
80.6095317854
23.0149325948
412.247966937
310.825007746
42.7588013949
3.51493979935
275.216897753
64.7515737877
59.0288149899
514.469516121
807.922846471
778.854065277
2423.75620782
440.831872922
95.0591133837
0.101935199986
13.6370577981
62.3977873947
509.637857721
179.587453769
660.498922687
489.951597116
46.2285335911
221.397236769
65.0278415885
10.3820231985
1361.99234019
0.148336399893
23.9655213974
643.331622709
537.04186572
0.256777000001
830.985151879
388.30448354
85.0945301871
2.09226459986
853.124221461
6.21582539885
26.0798125944
6.67824839943
9.53749919769
161.993400576
0.639124599984
18.0765529963
18.5753245985
45.7965535928
0.677220999904
8.37119560108
0.827627599678
471.956476721
70.7215785917
1.69993039991
32.4958207943
10.8045849978
10.2630343962
8.62865199939
101.73511678
605.618883507
47.2510401906
23.5569707951
23.4392159974
37.9071145942
5.77883479954
4.4404929997
14.8899869963
0.0
3.06857379941
0.190253399972
29.5714981967
225.320479168
1.03935879989
86.1381683868
3.50087519879
1.20998319981
795.14792308
810.880539876
84.2963161807
11.745041398
23.7909999976
40.8850277946
0.413208199966
219.283145165
2.69182639936
24.1152617967
9.2458771988
218.427507961
320.659890958
444.074904732
522.060360517
6.65945979899
132.119771381
54.694981592
108.446701383
741.614826086
16.6218025973
245.46388057
43.3062203951
266.298543961
1061.75030282
7.21764459899
356.006923345
195.737650768
16.6665391973
146.785397977
11.0818683961
76.5008167902
404.947208931
0.384651399907
66.1805871902
2.54270839953
11.2853873978
282.730790154
87.1930933878
32.7668375972
143.132485382
36.1349973961
204.37672097
325.219852942
5.61496039986
117.637655185
12.0241973984
16.6398747976
146.046354379
34.450730196
170.34769877
3.27343439923
18.8840279982
113.076198786
24.6245025954
386.442795533
31.5717483958
16.7447943981
1.7006413994
25.156273395
1.75446479988
12.7755247987
0.571773999844
27.1291999952
0.670550599914
38.6590927924
282.309764151
148.724043979
25.639407997
6.70140599869
23.0928999955
0.81821499989
31.7949313921
30.8103055952
1.18668479948
0.82300960017
32.0622949967
1.53061579979
5.98667259943
487.270721923
1.9608659996
348.72372974
402.779776732
44.7106253904
22.5576683981
145.443877774
0.0
444.676186131
842.01540747
8.51480159868
0.0
6.91878859874
9.36598879845
93.4633655803
230.658178763
46.6958685942
158.027224572
64.5217547885
2.0434221996
0.393753600033
26.4117085968
369.157273537
36.4115821958
44.7227955939
8.1595689972
17.8826081979
7.16310040024
250.503627369
0.446091799786
511.503647937
49.636554992
32.5015195966
36.5649949939
21.1848893953
837.332789879
13.0887047985
11.630698398
18.6398003958
0.597937599908
1.27906020004
671.281374889
46.1078731954
24.4570881978
517.751312716
58.1436217899
343.682309948
200.425375172
67.9153733864
518.113204304
633.141762296
0.231377599968
13.6081447979
365.614393936
302.688851354
2.22356599948
7.21488239925
194.116810566
128.672617379
31.8039225956
23.2224183955
140.888323778
624.092772292
423.18183712
9.25070679895
13.9297021966
262.289186552
236.322292166
70.9132259845
128.581176377
27.7472255962
6.43780779857
386.549239738
3525.20039663
90.6128715854
10.8773523974
217.018176964
4.64798319966
22.4021591976
23.7719941969
98.5915159806
359.393872738
489.215747918
1.75885639962
4.42441239901
53.2672537927
37.7647103928
7.71825699915
12.7660948005
0.840888200108
43.9629697949
7.69617259807
201.838360958
299.640114354
194.012087369
13.3351091979
36.6372893954
174.376474775
80.8902513864
0.183145199973
4.28742619975
4.51903159944
2.37271780008
1.83185759967
101.293689386
50.2071093948
195.091036973
603.021316303
143.428758178
8.18360259889
130.104421581
7.95329100018
8.48092179863
92.5518655729
102.426805186
13.2293065968
1.94968579919
847.445844868
2.88992999926
2.15981399947
10.0055047989
502.63581512
7.44745960071
35.5127843983
9.35531099748
23.3772381955
38.3160917945
1.33358359963
15.3410935994
64.1207515884
15.5056348022
81.6750521895
11.9410097988
735.754335297
15.1229679991
2.0378929998
6.44032659837
125.838935981
1.14738439973
87.281119184
49.7790923896
0.82569460007
9.69675199785
26.4106605942
159.971418769
4.39598779967
0.199636599973
198.949248567
67.3466417892
76.4292847874
1387.2795742
0.588645400008
81.8759461917
27.0865859987
33.8477953949
35.9679269955
99.3210017834
15.9578343989
16.9243133984
456.500958733
428.760653928
439.049351537
165.235209181
143.350541578
0.0
13.4335121975
5.10551119949
10.404293799
0.70058839987
290.394891548
243.142110956
14.2978417982
2.87596579942
277.558504762
48.9583177909
8.90040339826
13.3130091982
37.3447175961
4.64703259965
588.655911302
32.3497885957
0.821753399804
112.922502183
1.08424139983
1.33176659967
14.9109121986
13.4543233982
60.246902789
24.3604547951
11.873738197
12.8362215976
5.64675119877
11.8364858008
102.151788182
6.76130239886
6.34258499925
5.81332959857
291.169894353
162.745849774
2.22267639954
81.2260411879
861.064347047
81.3430075875
129.642446179
5.36976059899
19.9568083988
0.820624199836
3.76245959951
53.6621483918
1.90387179978
0.0
6.66119879849
3.36075499942
2.33274999961
1.15162739959
870.05966268
10.7112177987
165.599901379
2.16201219955
4.45400279973
2.50424239908
23.751723398
153.509940573
246.257304566
592.667617313
1.3306271999
1.32803360008
0.70058839987
63.2434813899
241.912095363
30.1016967947
103.051230786
5.14668700008
12.9158207979
8.83490239894
23.2941657976
30.1849267956
597.149888107
605.5607583
74.8435147977
4.36851859926
13.9297021966
0.0
33.6818961957
42.4753701932
6.69367619937
1.85897499966
10.6653673982
88.6588083814
7.67460619866
17.2381418011
2.49952399925
56.6872575867
226.896071369
2.30624639992
731.618967892
16.6980221973
607.890470899
5.73252699876
33.6342817929
13.8728279972
2.89715579927
12.9774163982
52.7602211931
10.0380149985
16.5586399969
0.8917904
79.9989633852
15.662886598
21.8398203951
59.5245515872
61.3306583932
0.098730600033
48.0363491949
1.03979879981
524.781124718
8.34140519896
7.24408959866
22.5726501971
51.2330713912
82.2211545868
106.88872018
203.153468166
695.750647683
7.49186299875
495.677614719
210.867256759
30.3525035916
16.3746515961
2.20909560029
32.6324193951
14.7911199969
3.19535339947
73.8067385897
2.48355359909
1.56675459941
4.61095659911
21.2940007965
163.776642372
138.126851172
311.54875975
465.136299921
0.228137599977
25.4209125976
48.2660867945
42.337830794
2.53935339906
157.319419379
226.611137169
563.489294914
151.39595218
495.815703915
3.43307839957
995.008359424
751.774432084
69.6952293887
0.180882199901
6.42065059937
112.796038383
14.4502083975
292.478099752
2.07340860032
12.7068359999
16.1056561962
0.701113399728
412.451319538
8.94349099894
19.2788719963
0.6930720001
36.9839971928
32.5259077962
10.8489895991
37.5440607948
64.3684245906
19.6087639957
133.365390581
5.79478419966
476.712061128
97.7850681818
8.9116407991
49.665763195
147.029079775
1.7266241999
354.342080935
261.863841566
57.6580665891
121.03167358
46.8267537978
113.004679982
113.150036578
0.978446199855
13.2617653988
42.2876161932
213.735903968
7.40525500094
6.05173119879
0.999310799509
17.4735443975
6.85911639828
7.76078380094
1.12185279981
1607.43209534
416.729817345
55.0269585903
9.4389861983
256.844339355
492.28516153
4.087996401
48.2945533941
665.123292497
1.29315319982
201.692251165
36.2822533955
112.130351581
341.264950552
4.41437419974
11.7148335989
19.1108339963
23.100837198
29.3065481992
44.2423967905
0.838898399882
1.5812613999
0.0
7.507102001
172.589314977
4.88548839914
1.03193580012
0.0
21.5639989958
0.650364999904
662.496102894
124.392779181
62.0700135864
340.829739946
363.231972338
4.49175899913
12.357152998
40.6982683917
74.9865901929
78.5177121855
10.1524957986
643.585792505
0.0
7.98345380101
11.8635557987
1.37879719993
8.9606057986
0.214086199972
506.369785519
22.085178796
0.0
192.255891573
7.03839799844
29.2444111975
0.0
5.43697019917
5.94307859928
26.6363381965
130.89830477
5.03276860007
151.469628172
52.6319427918
3.58701399954
10.9634269986
5.3689555988
3.9621691994
2.94111739936
3.72009999918
456.641974128
161.593952975
205.897325164
132.286672778
48.7947771919
0.0
28.8886837957
130.935162977
357.536441148
18.7207705996
1.70024359989
13.7226625978
10.6482153992
205.79140776
14.7175625968
16.4483021994
66.6969171898
4.13641419855
187.403992173
29.7295297956
4.38267899931
4.72966539962
1.74098079977
441.484258329
17.1934353968
349.920854543
38.6149597914
27.2990451975
9.75909219851
255.348021558
128.288460781
2.48217559953
46.9059199963
355.936804544
0.0
13.7124187985
7.01602259865
233.091172962
303.387804556
12.8111215968
9.74082659844
416.305669143
9.98484559989
2.47557339971
57.4087019922
352.573206739
7.46800000101
1.00350819985
27.2419011971
4.34877179897
39.8650151922
393.772259337
98.5950579825
279.34796915
86.3335983865
0.0958964000326
572.58094371
1.29011939995
39.2831539919
11.3343546001
9.38103459865
164.133655577
5.19488779978
966.784899652
10.647157799
525.510774524
208.340775374
103.601679387
33.2355663964
1.89039759986
180.208788372
158.845815176
534.450058322
124.955895979
23.7835073954
330.158128737
47.6309385922
8.7858119975
150.731888374
235.074414759
473.179202128
35.7340079964
0.0663247999524
24.9798305964
5.08847459939
1.62316379985
2.21798339969
219.235678367
402.754746338
0.908484199544
19.2271705962
4.42303639914
8.16830359843
4.79187019929
55.9756099941
15.7272711993
259.464214353
10.981011398
1043.34948444
39.7228353931
22.5015581961
27.1046369941
0.342917399991
7.59939099925
1.08092379972
20.6535357981
272.182540554
14.8924215997
1401.08516658
105.373427982
786.02534128
2.30839099947
237.758958364
23.7740927947
475.387709123
46.7781093916
5.78468119967
35.3456229964
650.070182894
123.45918658
428.88334353
7.01113499869
473.285282124
102.712812779
0.994760599799
158.742605568
0.195227999966
297.626933549
0.137121799901
150.281431576
43.3125413908
32.5105453959
6.98330640109
2.33439039966
186.045471765
4.94549779946
1.74476659952
30.9358343952
667.869784283
129.474884181
68.3584167862
95.1158669826
204.933577368
433.59253433
88.3120795811
352.369448337
2127.58227227
160.657031568
0.543699999864
288.201059362
0.816606399825
362.385172745
42.7483801927
1191.35040921
202.901334972
17.9171635965
23.7697093974
104.588601787
15.8425417954
257.467782962
4.60309779912
72.1707101896
5.39641099937
3.74380319937
9.0056873986
35.3652787949
0.50286299978
7.13956859859
5.1820497998
11.6981121981
16.5963975984
779.645509078
227.715003365
365.671092546
70.3433247892
4.19191859969
10.5210661988
31.6522927949
0.859549799718
0.225629999977
168.636056573
151.620422581
1.00132039979
1.61159159997
4.02178399978
0.5709281998
21.2021775951
90.0658749866
100.263571784
45.1272673929
4.26528139983
54.5399281895
10.7766937987
599.878767515
504.446625725
672.677911301
749.464641088
358.596054944
782.345455872
540.74157332
804.912920667
910.699178661
3105.09035852
7.75549579924
22.804189796
149.402905573
10.5080807985
146.700625772
1.31693659987
103.179128587
5.67416959729
39.2808743916
4.22324999966
60.7488519899
967.089954665
2766.85279355
11.6669741973
285.206983359
1.87194880002
243.54593816
18.1831445974
0.761905600013
2.7986753988
14.4650843968
231.587248563
43.9353237943
37.9493687947
291.925539956
36.4718619933
256.524507758
417.447846532
21.1519661958
40.4521375926
0.667038800036
7.35891039906
149.892774575
26.152163593
39.7295689921
50.078320991
30.341602999
324.182509552
514.968170917
149.460196179
25.710734995
977.637763261
71.8599889906
3.73744859928
44.9245789977
1.42984799987
89.9439677835
170.022164567
7.25654319857
103.084764785
141.435357372
21.2296017959
21.3276587967
13.5915067978
6.81697239853
9.35605399892
489.871927523
30.7232315962
6.15931559982
245.054852755
1.00821779983
145.074834776
718.513748491
132.798512376
295.325866764
203.095736766
195.67704497
221.679331559
794.706735273
84.234001784
0.376242399957
23.7165287951
128.694999381
487.785685914
5.38072579927
7.00875039874
38.6974711951
7.20775179968
545.099377318
433.633214738
52.5441449931
10.3710315969
361.940076946
10.7326151981
11.3158067974
9.08892860078
27.702777193
5.8556075991
7.28259879979
112.930698985
27.7411095945
1.80317759963
358.571167146
42.026741596
101.187968589
24.4539199962
468.29336773
83.5484433871
10.0548465964
679.712098101
0.0
4.06471659857
6.01509799902
236.40393977
324.432554937
1.30383840015
368.48405714
45.9942753932
392.201317749
5.92566959817
262.851365754
9.08026280013
221.425225567
33.6271721972
156.840062577
618.719824902
527.970418318
69.4554783847
19.4133881979
4.96026759946
201.740171566
2.69182639936
471.46292973
3.8305883992
115.988847783
528.696444111
5.37379880015
17.8583167991
598.652057895
67.8177495883
8.80714299908
27.1575559973
712.660085687
331.12074055
0.804141599975
297.777329751
21.4478641961
794.898503892
537.49075011
569.481632714
50.4981879912
410.111644739
2.7455645999
13.7796481977
70.6897295889
27.8362263977
156.16430417
3.61785539915
26.3801029956
206.444601164
273.384227556
37.6067117949
324.127507358
4.51805839927
58.1048275921
92.7207683843
203.615653161
74.3735503909
0.223279200076
481.303267527
4.72931599886
635.522723293
12.1597127988
43.9142317926
102.393261184
73.5075675865
0.694262199985
5.84409419945
1466.21140735
437.598138735
105.759394185
1.01621619986
199.958513964
174.080730181
0.640526600047
0.639388000058
15.7292567969
16.4944503971
13.1780029971
0.639388000058
0.809662600033
8.99017099872
65.8297667874
346.624578339
4.18343759973
593.129843709
458.471237723
156.239319576
400.498106339
427.372261537
10.9798205986
2.83662799929
43.1953525923
2.31409099944
0.331776199887
0.209869599972
6.34688159898
22.3768097954
1.12340699983
6.56148059888
70.6021743897
77.3065773872
23.2231229952
4.8617689988
75.1418815871
43.9358135946
7.77884459879
51.1401613935
25.4632119961
5.70501799827
26.8380315957
241.243684164
10.5687261991
272.501716955
3.52752499954
18.5950243997
4.51789299847
147.308323174
12.4401123991
18.2218441998
548.36123051
1.8041506001
8.70199759644
20.910489797
49.4431925919
0.0
7.52649300007
172.470581772
21.188573997
580.773706909
1.53022159992
72.9671477874
505.255697919
981.336267049
77.3118593924
10.642167199
10.339813799
1.76368839965
37.8984421942
2.44312639983
7.60634280088
108.622223582
11.3170781986
15.0930913976
40.6728747949
105.578335986
44.112685391
15.7126179964
69.4066839897
34.9872713961
11.7221025992
101.468536784
45.5618907971
58.4439115935
210.700687967
13.626197398
16.1538205975
1.93134899953
5.49410839854
11.5592007973
12.6684201993
39.0868887919
123.951864778
10.0885753986
85.9781149871
40.6230313953
51.0579639932
418.116411938
1.66015039958
34.0339733955
397.283826538
230.957252367
80.5507873854
0.0
6.42710779875
6.97967559923
20.1883931978
5.28554299912
79.8636813925
19.5913395972
119.827812181
2.00895719881
834.55365767
44.0620375937
301.672270553
1.21939660014
57.0480513885
333.588038146
273.284977753
0.0
5.27875739974
14.6509715971
15.5955597982
3.31497459922
6.46156619754
31.4015979947
2.16648999949
2.65376400038
0.5363383998
0.0
7.78561479985
14.3790559978
33.9628009956
67.1020653899
0.0796783999836
0.627765399933
50.7959109907
13.0873163968
4.16844479974
69.7568717909
10.0739147984
53.4308939901
2.92283439954
469.301768919
202.612131971
67.4727299878
397.870014326
4.37518519988
394.540561338
16.0273209976
0.759969399917
50.8209683935
326.380318552
87.685291587
89.5755147901
94.8236569857
228.160066172
2.65079499971
44.238980597
1.06335719971
1477.35728679
5.39227199902
696.141010084
461.951999335
40.4244859937
20.357062195
496.864801118
5.5396505995
106.656715788
343.885859757
0.933001399839
17.1883833975
8.61642339964
9.58137820033
457.694090729
71.0416619887
0.645275199733
0.186213599975
1108.83132942
10.8044493976
69.3424961868
1.87667919985
3.46641339926
137.921041372
48.738944989
476.153270524
95.4542061852
7.83861679834
21.0334291964
30.763735395
7.07249319877
255.045870359
9.50096379853
15.3698915945
196.292851579
283.387343952
174.158167567
2.52774179974
74.9132565862
1.40297380005
9.27563459901
1.11057919986
6.16462879948
117.407593185
140.618778575
53.595012792
0.720870399978
40.7798815945
0.275667799962
1.6418399997
10.8426509989
265.21767976
3.25263179929
103.916904184
12.9959587967
220.585212362
83.5349509869
0.519378399901
75.4616189865
25.5667985977
68.5046253845
0.316641399914
456.983698722
320.456064953
38.9541563904
8.6851207989
216.996846565
8.7960417976
104.781878188
11.3455541973
0.21764919997
0.0
947.63118606
8.87047759843
31.2661395948
234.410307557
28.5527367951
2.47385259936
9.61791279837
23.2645579953
5.18527219973
158.302505176
48.6088633875
0.236394199961
58.2629507902
0.816551799771
24.1901301961
195.932217971
98.1248075901
43.373184597
38.4374039928
2.12010999959
375.175420934
58.4184845912
487.375104926
103.589205787
0.261736999994
7.94558220089
71.8770613916
99.6339239871
4.35319219828
1.70024359989
19.3057477965
2.47270379931
129.398073176
5.24360860023
150.740875377
45.1928621942
16.9228489978
8.60956019863
488.797927313
0.0
633.5912677
425.350354934
1133.81819682
15.1853313962
1.70268879964
67.0936779923
18.6129567976
43.9161407942
152.428554372
329.871902155
1.13191559986
369.827392135
0.612637399836
31.8657519928
65.1507109908
82.3166641911
8.2373287996
175.324332176
936.488615248
39.760910594
49.2023109916
28.7826207953
8.61391059876
145.38526998
4.57970819919
607.788557118
37.0046053943
33.5487301932
89.9135383851
8.07702299892
24.4179933976
8.05064660098
492.234147919
7.46063979987
1.09157879975
16.3794033983
177.643075574
119.360966384
5.70717079959
0.685989199782
8.77019060101
158.079736587
143.147716579
35.7008373956
9.50979799832
1.36708239998
22.8677631975
6.00370480028
56.2038987907
10.8788781981
35.3192739935
12.1189639972
3.71976259984
7.29556860099
1.33329419971
133.797270776
2.60023799924
150.751212573
47.4370097907
24.0489989984
6.72944199939
7.65119979893
5.33131479929
16.9545299987
214.911150765
10.4377529999
162.55166318
16.7074023967
24.3715781978
454.811346522
2.82451959955
82.6303461913
12.8136041966
2.13409879988
402.759186939
79.7791751864
379.020720138
7.32278100092
49.2730819934
4.16844479974
130.255572382
634.4152657
9.87917739925
34.5171177953
36.5918029894
19.2198769972
16.0404261999
51.6721043976
188.53164618
13.6891323967
324.707240735
2.29729039957
1.46008579988
5.56558379892
27.4163063977
5.07399620006
2.1364851997
1.68356159981
25.9682771938
1.3623801998
28.2270959938
2.40809519998
1.85345079997
2.46648479976
314.394168154
70.847906192
26.567718597
230.915819964
972.596494846
168.221510972
139.002994378
9.07497499839
17.0167985978
13.3676895973
378.834510748
118.674397584
324.338731959
297.16572175
659.620432306
8.3822822009
1.66661279986
484.513038926
543.483639312
29.7094959941
8.44817039826
44.3189121926
4.14025639982
15.7073079968
7.23387479835
0.0446993999678
2.07358919961
60.4961715928
158.808876971
131.17472258
308.178018764
45.8833403913
14.0633119979
472.781959718
2.56902059948
2.5731807991
7.54944140096
7.15783940099
72.1822017865
8.13890459892
611.760970304
602.9943803
1782.2628031
21.3096365954
448.096650926
56.3523485912
53.280904192
31.7447659961
304.767028752
141.055170984
79.234338185
33.1026353907
10.9388435977
4.15285579823
2.74528919948
7.2479330009
11.4903649983
6.51331899934
2173.36011559
24.9224983971
72.5480267897
4.86471779969
318.87888336
61.0631881897
4.32515619959
91.0228199925
289.213094162
9.94602779817
551.037372316
408.249616338
275.483558154
15.7664649977
0.353379999993
46.5880017931
1.74488099958
5.52486079936
6.54532879985
1097.21260643
28.9343533963
201.085390768
0.0924635999842
13.8288099982
176.392433167
139.830226373
4.07606499964
8.77512339756
138.970325378
3.8875651995
115.576616179
11.4450991991
131.011678578
0.199685600068
47.3790413951
186.46585977
10.4497139988
213.88665877
5.46523559863
1211.54770182
189.663187371
523.938412514
10.9884559972
0.0
1.07148399967
18.7070843982
131.793078981
188.011331171
2.32074579951
29.601610198
31.3395519973
0.0910081999876
130.816600379
239.419904168
50.3906477936
248.833017162
2.35123379947
127.774136376
1316.8543534
0.0
98.850414984
13.8870721986
66.1217355956
19.5178737972
2.97657419969
665.067741691
172.217981567
36.6215743945
166.924397172
6.76740879883
260.287075163
6.5996607985
65.7150609877
15.9754379988
13.3802308
2564.02482759
5.42557579981
11.0222601982
0.442508399937
6.52880119846
12.0628189987
198.561164574
20.7625115984
0.939909199846
27.5651669943
2.02098819962
3.12414619928
2.60296799994
4.72748279983
6.30734479973
90.6183531849
4.43078439984
73.8630329891
29.0666819943
7.13056599894
48.5182033929
7.56387400098
3.09069199919
4.28742619975
275.522915557
0.896900799774
160.323329771
49.1345443936
36.5000429945
7.28984119857
4.67986099919
759.499245474
297.872231559
215.006149578
0.0
155.137232376
1584.33367436
3.54328819913
187.145638162
83.7905947884
458.862615532
25.6629249961
489.602600525
0.367905599801
4.75380299918
391.849139544
7.68631239878
4.85844339918
15.5867031978
46.3956593922
170.053997773
2.84971119994
4.66412979894
1.82490719938
2.16064219939
455.644158923
89.1005089865
47.3204123957
0.55347879986
21.3525723985
12.8201393964
3.53981099912
70.6381049907
966.591049043
57.1158895907
52.2386477954
55.8326179908
30.5286437957
181.068236574
2.43819599954
1.15370199967
0.357856799926
122.245272379
4.52726599982
7.78561479985
41.7469235937
6.56680959945
8.98586619757
329.73304155
113.494584985
67.5263575919
468.331559529
72.2070863919
587.962972507
70.4489281918
72.8505475851
132.441426179
216.950739366
6.33495079878
15.8270771971
186.950423368
3.22765659998
158.762237971
22.2591151963
5.24702319928
7.2479330009
137.046214581
23.8090761955
6.42485399878
5.09754359866
28.0307963978
685.148297887
216.358331769
1.24603939992
2.06094359959
191.538399169
283.385857151
203.427322568
9.00935319915
23.2383343955
193.821103777
264.039419748
249.754798961
9.24932139949
0.186308599909
199.556883763
4.62127539934
3.14653039993
701.354064892
448.29282853
259.789551756
337.442421138
49.8364287887
1.46604499952
23.5341293959
1.2871863996
24.0014297955
15.5677581966
297.491595155
55.9022881907
0.575027599769
36.4954495984
12.1023531981
265.824011158
27.0282553966
34.0445049923
48.4560341913
4.71078399938
23.6609281951
12.0651760006
272.206745153
7.41354839856
46.6682031942
22.1979841957
778.620243283
213.934274572
51.8594257957
41.6347335953
268.547038755
521.723431921
1.38588859973
6.80716979964
80.6093111868
4.82111919923
151.254106574
21.9946437976
16.2105287994
1.12622339983
686.20888569
11.4098297995
5.69952939911
6.70119199966
165.648052976
7.04917659908
27.7546343982
7.22946279856
48.7046173906
370.445515338
4.04204879978
70.3785317867
11.6782063968
21.9766879979
50.0178363919
13.9064253983
24.5500477945
2.20563639972
0.559941199748
242.244894564
22.369988398
273.304237158
1351.20459097
381.75959074
14.5219677981
289.030198756
4.42185859927
425.124890729
12.4993107985
1.06362899972
318.312637152
296.769521557
184.440850173
4.16907419901
73.0158779853
433.704522337
433.071179936
425.76758053
505.23732692
153.047189174
419.930225332
101.372655987
325.877873548
235.456442368
1.20744479986
4.54359759983
2.17726139974
0.883817000191
253.121357168
9.53349019916
92.297414587
88.1430533891
866.348622467
2.5941911997
64.8618933871
10.0829507998
105.409380183
160.123210773
180.513625373
7.11794699926
1.57122959968
13.8508970005
188.471678366
406.607481744
0.0
11.544876597
88.762938388
2.00164859996
106.763258184
20.1887805982
17.1867247975
5.79921199855
6.9345161987
31.6829537947
15.5978375987
92.1101619834
6.75631379881
6.13403139893
19.1348897965
2.08807719958
1202.422961
791.514212863
5.73714519961
12.9916807973
16.8730093983
110.31058798
126.921806985
118.863320979
60.9039105912
84.0772373861
7.8735796009
180.827286572
662.860615296
1.68368480002
2.11886259999
321.330710151
8.72839579886
14.1431445979
61.933005391
73.7022303901
119.985211783
28.8856335976
343.62689874
17.8008045966
8.60612399843
15.7723541961
1.01641979992
4.81640559973
0.747449199909
87.2455771867
2.68375819954
477.295732137
20.3270473945
2.57869199977
50.4185099893
40.3377101907
124.277101583
0.376138199849
431.892195934
6.34755959923
79.4762603891
688.566069097
73.7810511878
95.533636183
25.7063075967
7.13820839827
8.80405899818
362.711771944
1.32891859968
47.8951981901
4.05675319979
52.7844131919
336.304821536
35.7483421953
3.87954419971
67.5422809892
178.133577769
4.51820039914
45.9568189934
1.92841339952
11.6531827986
2.02398179928
4.74085639823
1.91827739959
105.090750184
1.49740439978
4.24188499979
0.600696399913
2.44855579963
113.716483186
22.0449221978
0.0
116.911927386
47.2225597939
6.51321379932
6.66397439993
23.1735995965
17.7288545974
16.8398697981
45.6579943958
129.452925579
103.228966184
114.018345582
30.9107931948
4.82784980012
212.056415565
148.919141772
51.3983899931
0.0
50.4381911886
0.092204399978
43.0514665945
13.637936999
420.518083933
278.626046753
30.4228765956
77.8419981931
0.0
30.7873857984
223.289321363
19.103454397
14.4011739971
208.11184997
139.192352979
86.7533347876
5.61812599921
84.8892927804
30.3479865949
545.633248721
39.5619163952
24.3745773956
148.875779577
1.81603639974
35.1165195933
113.084432787
157.825799571
182.270382776
189.957495175
40.2307133904
1.76680859982
37.3730755967
462.282240114
313.298259752
19.3758565958
30.9617095952
232.782429163
1086.45310223
23.7368647966
8.98786919958
19.8030293986
110.371009981
12.473903998
1.14171879978
104.838778384
7.81228379832
2.99998199925
23.100837198
242.578402562
79.9983443865
0.0
162.269546368
1.98922799965
0.642871999912
60.278709392
52.8174569935
409.333901538
584.264527706
22.9777505978
1.37879719993
2.11291539982
750.628638886
0.344733199846
5.09790059982
58.4633725832
0.843296199805
80.8431557848
398.615115528
483.14519992
493.486790724
37.1767815952
1.85715319993
4.63445339837
133.131520571
637.298781704
9.31864179823
628.970210098
7.11707259894
157.994695175
77.7003533826
0.549417599979
26.6251475976
21.985316598
118.08459798
1.4489984
1.70315999959
186.995488964
48.3197895947
7.0998728
14.9612913975
132.817428182
74.8201255886
32.9224627972
77.1660623893
5.30815879956
0.639741399938
552.274227914
9.1044623995
1.51722439968
10.4982169975
428.282958524
5.26419059983
235.952941359
0.0874467999882
107.209764184
2.43119359984
2.16704459969
485.479293527
2.72403439938
99.6983937807
66.3015449929
47.3252373962
8.46818479989
79.753368998
0.550662999859
0.893327600038
214.988968355
56.5380081948
2.24160239982
10.0703485982
934.927694846
0.61649659985
53.334923794
1.59538159967
12.4189269993
5.11129599822
28.107218596
9.97333239723
416.042892368
5.94223199932
23.0490351976
691.240092091
150.630746377
5.27777019979
1.64748959983
0.302732400051
69.8692839879
1.02187379986
4.33551579932
0.0
9.71119679797
15.4247217965
32.5947629917
381.667589738
27.6167353949
3.10278379944
9.59955979921
573.26468531
3.15633379996
408.054373332
3.77639359914
4.52925279986
183.89722597
22.6550357974
100.281838182
148.198120175
5.62241759942
16.9566273972
13.7227177968
188.16144056
700.274408291
90.0540605882
158.378933174
394.374475538
0.0873362000042
0.0
49.8598317875
587.252050706
219.552818155
1.23258339973
353.076106155
0.667038800036
11.0931195987
61.7291521902
2.90535859953
844.891691266
206.712549175
2.67401519936
331.373115553
304.855847747
354.918189548
54.3632563915
119.005031374
78.1038167881
732.318476879
0.0
374.738123348
25.9735223949
518.266040915
133.969982983
65.0981619894
97.7897645872
212.653291968
4.4285503996
12.3249183976
70.8903139909
46.4651729907
109.091046984
7.83419859919
18.6474563961
98.6559131846
0.56311959991
1.16860479927
371.743592747
104.702120787
1.55479879963
197.475477768
18.894391196
79.8714935848
9.03995379793
5.58093179933
44.5527661924
6.59147319984
93.1598795847
21.9205633993
129.86317598
33.4623623964
2.7455645999
8.51179279887
4.73234319964
56.3775475892
15.7487737981
0.821178800064
3.83411699931
20.2401791962
230.689677964
31.0220049962
196.745125164
23.6439545979
3.43211999922
11.8336069967
144.083246774
39.5586697927
14.0485775974
16.660800997
360.810798743
15.4661349975
264.188184357
274.564652756
50.3013523902
8.48418539823
370.596401736
501.824303717
56.4845701901
234.758248365
0.74354899974
511.491012312
16.1170497979
462.328607535
494.942396921
125.318592178
7.30951499825
3.43211999922
14.4424421971
7.37538979866
207.059051961
90.3266003858
8.46217159981
3.51654559984
3.63979879992
27.6983141966
10.2301107991
186.10967497
556.834829512
358.375523338
177.962975767
321.213097549
293.83540235
0.466847199938
49.9147661944
67.7402011905
426.247446536
56.894734793
204.003428773
927.165233854
4.86354739915
40.4277841921
6.28329519849
99.8258723834
47.6042757915
6.52479999907
84.5679595914
418.189542724
3.48037919949
197.225449567
13.2376829981
3.18682499937
201.718398172
0.129416399982
378.817075341
89.3266825831
322.400941743
819.355023266
12.4323490008
0.218035799993
1.20499839934
0.032736200011
2.9896259994
65.821158791
273.058517355
133.511571377
15.1745731968
8.34002879871
0.0
3.18226979997
1213.3701898
0.873172199929
337.778977552
745.196389073
20.474534397
27.2502307958
8.27571699888
86.6172363815
0.849273999919
28.0434533967
11.7147201982
24.6881927956
1.13077300004
576.389085903
35.4318121903
339.547180754
4.1509447989
25.5329019966
17.1910549973
520.854071715
15.1868078009
0.25179459988
8.57867579946
173.202490371
71.6893453947
18.4565831983
295.162106158
138.614276177
10.5854317982
246.418451169
467.276799135
1820.62577011
1.37518899939
4303.91667669
330.181341151
4.93435999952
6.13366919891
0.854526599819
0.229933600022
186.675885766
76.2928545868
61.4067301895
0.0
47.2604525923
266.503893549
22.5387767953
83.1382145857
84.8815183882
146.464779176
10.3876940003
203.250403168
20.7269389975
0.190253399972
6.10914439752
4.07855279907
27.6942773951
72.6120075913
2.72164099954
37.8393741918
48.5736091958
47.1189981922
215.981087169
29.229967398
23.5282021952
1.44223420008
70.7264595876
29.0133659944
51.2035885893
602.943508703
13.8925605993
19.2445691977
15.7171879967
17.6886447963
41.0036311924
7.17205280118
0.0
1.96014379949
91.7228765872
2.12585800004
135.111586779
3.34069379981
1562.64540673
404.754543733
48.2610345923
2.40809519998
1.31432199985
48.3754023916
61.0509979889
70.0109591922
14.680870198
4.8209159995
4.82869599928
12.0399389974
117.08568178
18.7377511965
4.96617339821
249.335162966
24.885547195
164.152687378
59.3234109896
21.7527873969
28.6264581944
0.368202399901
13.9565027982
422.84035234
7.29556860099
12.5383241986
10.918155997
88.5089807839
15.9351481961
30.412226594
4.04659159938
640.555042095
141.993254568
175.319290375
159.726670187
106.010954784
66.8441267912
107.493555584
28.8251129972
18.0032517965
3.9926931998
148.804978577
13.5250871973
29.721351999
74.7040159861
98.6493073862
2.26425919965
365.071994343
12.6491042004
64.444082992
445.058733924
5.57020779955
1.06790739985
39.7407131959
7.72927279854
20.7521895993
280.772893759
431.549393731
7.21121619882
497.55044892
379.731751738
531.160539511
1043.33091343
236.849648761
0.0808823999418
18.123879798
466.576889326
51.8123225947
0.293106199955
1418.74206696
0.656055399913
1102.99445383
43.7976743911
0.490501199801
5.78265879883
0.547761199933
9.73439379914
2.78791699947
211.74547657
595.42653492
676.9077043
2.40501759949
8.22590159821
272.294469963
113.248937582
636.535000507
60.5600101893
142.840678978
126.73415898
1.82818459992
229.663223964
5.25673339951
183.00738677
360.840436342
34.9737995948
6.67741979863
0.242720399989
149.951645974
7.34861119927
4.55567739894
0.839098199979
1.3979113996
22.0375149965
3.15633939923
8.78929519877
176.337229574
30.4631187945
15.123318602
3.23548299919
27.3799333927
232.080862554
102.363224586
8.35194439975
1.34373020009
34.7706731939
250.025128554
1.23531359967
9.60229899884
19.1605807967
8.83180479904
9.07342359889
2.85584399944
43.9777843897
64.0605251944
96.1679621846
2.7549585995
101.987282781
23.6186147972
6.75873020053
8.85569879951
4.0393187992
2.76948979962
421.793208532
196.783971173
91.430998982
168.837530164
1000.59657145
4.28742619975
541.417114313
1.63344839995
113.515651177
391.584832934
276.127132959
90.3397029878
0.721957799776
139.236665574
80.0956469901
0.0938193999842
164.091450774
93.1720107889
2.73849379909
4.09632759982
27.2026595972
14.3862587981
5.02629599856
113.128259385
1.05903599974
4.02073699934
71.8359237841
258.836645352
32.4673465961
12.1766031984
77.6870931854
168.124178974
68.0374461881
217.095548162
1609.69716795
19.5974961955
4.32684759965
51.6999291891
68.6806451879
448.632085134
785.856712076
704.175567693
569.215294106
17.972783196
6.30789679963
82.3110619853
187.534235768
158.147075369
107.552498783
570.68793391
2.16479339962
0.887258799848
0.112876599991
43.8802579964
42.0882249961
0.685169199896
16.4046181984
21.6027031967
430.038292724
158.350071576
63.4948285946
144.483611173
326.645458155
123.99096738
0.0191923999974
407.708706528
24.3307321971
165.293081376
1.44031119995
1483.23676018
322.497080342
0.339860599756
580.716529908
583.196292305
16.6139821986
2.03782479955
3.01053499977
17.6829665973
5.30684239918
45.4657309945
160.336828376
6.69454599939
12.2049678001
11.9566811983
7.5791635997
277.481733757
22.0839514016
30.4123899904
145.747309975
22.7741915973
12.6089728001
12.9580159998
23.9411199962
45.9651755894
29.635502596
10.1058279985
80.0253809845
1.4329101998
272.18253836
10.3015407989
21.6405875964
18.3824623958
11.7250539979
12.7015299988
3.36643759969
10.2256045985
6.65587539811
42.3596883958
7.67263779876
129.239504183
5.36993559959
26.6862513972
9.06577799943
255.763612558
316.926191553
764.908775085
16.6730949962
431.196230134
169.421830373
90.5228211826
112.019341181
201.714122963
19.8915781998
356.044672741
206.808757369
0.0
30.9316101968
2.12596779962
0.768868399896
10.5178777985
103.664643985
162.818774571
183.927064569
0.995490800059
80.5659521865
98.3278477845
120.533380779
11.3080711967
613.228002903
3.39356739932
568.472051915
10.0785905986
2.80297379918
126.945340178
102.811587183
344.809324147
533.808575121
1673.05300075
2036.03043548
57.1713477933
3.42023759968
55.2644229911
489.290943126
179.080691571
7.56387400098
65.5082493938
5.45228599977
173.338389168
2.87750079941
444.98086573
500.664729523
52.9213365922
0.190253399972
0.753856199808
20.4450721959
6.66519839797
68.9649139888
10.5006557981
298.926611147
113.266628978
12.9791249991
44.1938981914
1.54580919998
16.2111745978
26.0464677966
161.477521373
9.50578599796
0.412925599934
399.422138331
101.406129384
54.3768351896
171.689471373
2.85384359936
636.148007686
68.1756927929
15.9190791977
1.61074740008
15.0141639985
71.0464023848
670.646414086
8.08547739933
80.8634875831
17.6359339976
3.13466579935
160.875534572
4.51742859899
6.7387151991
258.237221561
31.8122417965
198.766979964
404.045337539
16.0272067997
4.22324999966
1.36463459956
0.0
197.444316969
59.3655427899
9.50874379842
6.53656279931
30.9561315962
405.442044936
114.700050785
2.69922059957
7.02348839924
320.270250154
656.80895949
11.8035349972
4.66089399935
74.2981089864
843.443940873
28.3818731927
4.4404929997
8.38861519924
13.3042587982
5.45936899902
1979.18176031
38.301022994
9.1605785987
161.974767779
636.884315899
43.1921545968
34.470864996
7.78176019902
27.0599001961
111.66208138
8.04728420093
109.300996979
0.612310799909
604.255494721
9.00504419914
43.9442709926
2.00153159983
321.455210148
807.152433685
566.133139507
0.698411999901
0.847354799963
7.48196119912
2.85299479915
0.83516119971
35.2379151937
405.535875134
1002.77130745
2.11670879945
582.467003305
112.007987982
61.8018511895
144.973512579
447.55601652
448.254403933
0.674787399964
52.1420345906
34.4919767926
10.8297631994
0.182184400061
82.7707455928
27.7033397976
0.935887399689
238.796202161
7.88171099811
135.725623374
46.6899061935
61.3243277904
5.78891459914
83.2398165899
51.9073587863
3.76553259934
489.301383723
634.326229898
7.23266279926
5.03670819935
71.448706991
461.922200327
127.803175177
474.895138923
137.693666179
306.010074955
72.0606713887
164.696703774
98.6237365786
488.013199321
251.009826366
34.1488765946
212.416068761
35.9471495962
99.5366769825
72.8503315949
94.8192835848
599.744260907
49.9653615862
76.2923885851
76.963357193
269.266049156
223.20699696
144.095238379
83.3885517881
6.22540399871
0.139141199976
263.868125365
183.169559968
0.494361799796
104.906002379
35.8764657942
2.40433599963
3.80483379971
65.8517909898
36.7791761928
601.635549308
72.9058855852
46.939881191
25.2316455969
62.726446593
354.503508541
18.8917641973
43.5226745917
6.62172619827
361.551804346
8.84052859945
488.75284832
55.3344081897
83.1850085882
13.2962025981
19.6746873965
35.0455821954
11.7641725979
87.8784191884
104.453402787
2.97286579948
12.8520286002
111.125561385
2.65679419929
61.3749495915
177.322673171
0.817488400017
261.854796959
324.541047352
33.7835387951
509.608409505
45.093915993
69.7238607936
52.4544111943
132.112381181
4.71146200001
339.513687754
362.766717936
6.90776099901
0.787634399894
27.1085557949
27.8908743974
0.0691073999906
25.2209781975
21.6316715979
327.329165378
53.2410161923
165.441305374
513.501864121
326.923705749
3.35863639933
362.129734541
2.10308739946
1.04889659984
263.246130369
1.62230319975
1.02229259981
0.0625829999904
617.589040501
14.1047729968
2.18418959967
10.1183849985
6.25398659938
44.0027781941
0.279300199969
45.2936617958
7.61003599894
304.429128549
1.33906499971
4.434113799
1.23674920018
6.89896899951
16.8596607989
47.6883441912
0.599688399902
150.59932197
219.356910174
85.1871715834
20.687519396
44.4249815953
166.03564198
87.6980751879
679.640969281
38.9362067938
6.13237839878
20.9822373958
21.201636198
359.453768349
26.3989725976
1.36353659966
2.15448359972
7.32278100092
75.44919959
27.941053996
85.9017807885
63.2564319908
74.7310819866
24.4100685966
30.9688557987
37.2567185939
147.487891775
21.8067749968
40.0241019919
124.878813975
77.1280655855
64.3031537883
55.8358505917
5.73108119871
500.933440918
1.3706167997
0.331776199887
74.5961513953
0.0
211.441885361
59.2365103889
128.176783377
55.1519723938
572.656484311
522.218980921
9.1349335973
26.2125641977
534.626900917
1.90351319962
60.3121649842
275.86436776
1.09564059997
38.9461265944
14.1023811958
0.225629999977
4.8760701986
51.4119013901
1.53022159992
0.36501359995
0.640923199769
32.3132913955
54.27398379
475.183364923
21.1354903951
0.887431999678
1060.31132064
0.869435800294
16.4748167997
9.33183559741
3.26170159931
11.5011314008
660.967012499
3.9375703998
121.049338178
30.2672097939
229.706550573
557.577061315
48.0844289915
39.5972371936
42.669345792
1.14231479978
322.133556545
202.857316366
303.809159744
24.1828051999
0.0
34.2149007947
2.41644359959
0.0
230.074542164
90.6558201914
4.19579119966
4.54037759906
30.0881215946
4.93784439903
1.90413059971
635.758881697
25.0243287947
178.016973572
71.0197213848
133.246226579
262.000799361
59.590858395
2.13834819966
13.2149723984
32.9915669953
1.01081580024
169.788846374
5.06561119987
12.333827199
2674.86913018
1.55944799999
15.4029141982
57.7500029894
7.31365980085
1.66516639987
28.8565253957
0.710648599837
14.7216131965
161.848947173
138.946635976
168.881042371
128.670250581
36.7501453925
8.91006779868
181.666549776
3.15283139948
573.552552713
158.361815574
4.04204879978
7.48462680099
88.292511982
86.4571749885
131.19749758
95.3315691768
97.2021091858
7.15728599856
24.0897695974
429.47712614
100.552037782
13.2789540002
699.057510888
789.72744187
684.179506289
0.11837099998
0.948686599795
4.62600879911
0.645403599877
58.5498703911
120.951509173
7.08987200026
90.5122069841
1234.500262
293.930615349
43.9221449954
129.697151776
2.72034779958
42.3517173942
20.3635655952
2.89307859977
7.37207239872
29.9671923951
84.6691443858
72.5579185909
15.0613565967
157.615822575
205.005404165
76.3170555878
9.19153819834
77.8153623884
24.1344069968
0.0
246.21960056
397.558126335
6.24633119884
4.84866119805
14.5237897976
2.59411639959
995.875205245
225.148494166
53.5448787916
5.34436579967
157.473185385
1.04066700013
6.25371559924
45.3034353963
4.45819359928
153.98132098
22.8594631989
516.70060892
5.62346999897
0.122536600017
124.21378998
63.0328759857
78.1910161879
1.63511719972
76.2512911894
72.9268265889
10.814391198
4.70845559975
14.9805562002
6.11088259948
26.027002996
383.834317138
2.78696059969
67.4117841858
9.04733259904
2.55777839927
305.489033961
0.143394799989
240.676029163
93.0849999823
5.73553439993
85.9708713864
1.86771559981
11.560853199
27.6064001973
739.945653682
101.634353785
39.6607485933
416.321303929
84.4639919862
28.4324245976
270.394386561
33.6215937974
16.348055597
1762.09040714
433.04254913
14.4910905972
1.70312379959
452.552351938
268.575790556
25.0828951951
9.85619679926
11.1146499972
3.38159479939
521.22373572
39.3353239964
542.236331721
73.1488843912
15.6505173969
6.33389499879
274.490626752
521.787447717
3.01716779982
2.39463779947
2844.89735355
309.415736749
127.633374178
1.71587319951
45.4949709915
1.79958599965
465.44394552
116.501076785
24.468801798
67.7989281892
4.94644499883
67.3288371881
151.522824971
39.410726994
0.69029099976
86.2604209868
1.66559000031
1010.34176124
23.3304395956
552.650519716
1.4176253999
21.1230945971
342.747307751
109.148973186
563.809995713
1.67809819976
246.63349736
37.2296275983
7.95920919875
70.788862787
54.5554421911
288.974225554
297.120359556
2.67887959894
37.5579583951
5.24703959952
42.7797145948
0.0
2.99193399949
73.9808351836
7.80549119916
193.254443169
53.8634241911
2.71699899949
46.1864749936
3.31603520025
4.83724379974
106.248504996
1.82360980025
51.4362897923
28.3908345948
46.4628445918
0.941611599808
1390.09154538
566.779401109
18.0653765994
3.91978719916
135.05584998
48.5857655922
396.760721329
10.7823735977
77.2988425886
3.51636519931
0.670756599893
3.10739859935
10.3020867979
255.631549359
58.0530411902
11.6227365982
40.9853607907
43.4455049963
28.4230707946
130.941020181
1.89592599974
22.3498070013
30.588321797
2.80612519948
4.52208899967
592.138155315
1.22642539972
713.191710484
311.961046352
329.810476346
42.0241239948
419.050013742
5.37733859898
10.431979201
3.90612839927
403.191533943
263.786008961
49.8166641912
0.868184400044
472.42904612
1.6188545996
28.7230293954
50.0481219912
8.32527779827
56.5625511908
19.2654241955
215.521451165
0.456175999886
210.223303361
43.3712001932
78.592412189
3.78728999921
79.1759951858
13.8776167989
21.4492603964
222.064008166
60.5554617983
74.42375539
15.0691415988
4.20836139932
62.4719655897
2.84679879961
0.0
206.094529166
4.75391799848
12.1098093979
26.3329651964
638.002287108
36.9978399922
15.3068901971
200.279467966
770.040717882
11.2245321983
304.822088552
1.92730739979
3.01890179936
5.17028619915
4.16593579991
14.1327573976
78.5244767868
1.17918799917
66.9778787891
0.274949399852
232.380638569
3.76582059983
237.618484767
562.288852317
3970.72545974
23.7912351984
498.304893124
24.6191749977
19.0106003962
5.48250259908
1.51699959987
58.0369651938
462.798183531
503.447029116
316.58877875
940.409685649
5.39760399894
25.1488227968
75.3657415884
60.1221165905
25.4144471948
114.348577983
7.83672279965
10.548524399
14.9345258007
86.782198584
22.374881598
22.8103445979
70.6195175887
4.08352559909
17.7729003958
0.542394599927
26.8204901962
8.93186039924
152.515904376
173.27476677
4.47516279998
3.36200979909
4.13308999971
19.3232475965
64.8681471931
119.940928584
30.7995809949
67.0659011879
3.63875419964
40.027665595
57.2594861945
783.748236076
5.13859899968
667.799659101
6.65481980075
1.54179919972
41.6891093916
71.6419155887
2.41062239974
0.671909199929
302.071208149
73.2165159919
41.413908193
12.6374719984
5.3000375988
13.5969803974
137.962743773
49.0002947916
187.880712368
119.029271384
169.495663367
40.1570019937
2.25895719931
60.7781351914
190.474585969
19.1861003996
39.4054513927
241.584450558
3.13466579935
50.0866037962
1.2662085999
7.50797659873
27.931021396
8.02874239863
148.390371574
0.559075400188
5.70368179872
2.08550239942
4.5179601995
3.9984743995
2.71397979963
0.395633199847
101.567348982
4.27171639977
0.861470399729
37.7861575936
124.658906984
1052.82721704
0.956018600109
74.4748877889
27.0581413955
0.681199199792
38.677657994
6.78909219946
673.143276884
31.1172309952
337.483769756
32.3133003948
78.7160667843
267.198579753
131.272371981
58.572734388
91.5708813802
106.009803186
3.71006580007
0.384510199905
97.8679609848
242.680385956
137.992718979
67.9623739903
0.743462399835
23.9656287959
510.219971122
706.763014496
904.806191459
1.13548940015
96.4772587847
42.0744559951
43.5099541968
37.9774441919
24.4185779958
0.579313599665
38.8805531933
346.344841751
22.2744649969
5.39077120002
94.0005467834
100.380316381
190.621308568
1.39154259981
14.3321667989
23.6901155984
10.9965981982
20.1280701956
1.53022159992
13.3578331968
0.716512199899
329.370673347
324.667973354
16.427923597
20.5305009984
89.3365161844
3.07489959939
1.01146759968
959.510789454
22.1832903963
3.62844959909
2.93687679956
31.7589415948
29.1568555974
131.171816583
25.3882036003
1.50676999967
1964.52548709
2.67294399931
27.5473973977
32.9760605978
159.706941372
16.8517499994
13.6277213963
2.24831639951
0.0
246.702929362
2.02861339955
19.9396511957
235.856553556
17.369911797
5.05478039924
196.366336564
47.4021109955
0.747363199948
234.310126965
1.58238999967
0.771949599588
517.594243731
0.770175999891
41.9028509934
16.1358525972
31.3069557955
41.281972393
34.9795567943
51.8987171903
101.046445586
3.71686839913
1425.25778979
403.919090141
9.8612597983
0.472865599934
0.725532399761
0.989100999805
234.862471557
91.7700123879
0.417609199938
103.361645783
462.032361723
3.96119519962
8.87867079674
47.0183555941
173.17839677
13.2320906009
2.80071899939
8.14102299863
235.44418616
2.41061659995
0.502511199675
85.0601681876
71.1205973902
15.3763281981
23.4371937983
36.0441917935
159.95184938
225.404608765
7.88293759855
73.1028747864
2.28274939981
220.458473567
8.9199841987
432.070865139
6.94171879924
14.2177327977
0.151791000016
47.6123437936
0.0
38.8518145939
212.759688764
24.1444147938
0.716571599678
1.29072699994
8.34766379854
17.1582693953
45.0999907906
48.6579523948
40.6083565956
7.61320699824
71.6084941932
204.659287768
247.629214758
0.839934199973
1.15169399989
147.18605898
501.70807231
171.151556378
92.8690623811
367.66569234
0.289784599921
24.7537929977
148.954359969
120.121399181
0.847659599886
3.28528519894
75.7468893842
5.32670659887
14.5385623968
0.0
86.5467567856
3.89482119945
25.9684593981
2.58672299973
23.979374796
83.5882627855
18.7783653976
3.61646160006
494.786562115
8.29901259905
58.2821851915
94.8584457856
462.41168273
259.734685162
36.1598139926
561.612591313
879.780566466
7.16072579864
0.940724799963
2.39593159971
262.688808167
21.5119017967
0.766909199952
15.6984181988
330.617319546
5.53675319872
13.1593269982
3.99331399993
315.362958151
6.76679179838
191.038333768
74.7413107875
208.774972769
7.25907219861
173.271458368
324.775527952
24.7967419985
1140.41688042
4.19579119966
1.5045467996
23.8546041976
25.4699443956
65.1141235889
30.4085835972
484.129582726
565.430987503
3.371604199
121.330034781
2.31583239981
32.0222453961
6.63221700049
2.7396219997
24.2911673939
1.41533139973
168.701401979
14.7716494009
1.07956099976
1.27110799986
283.735228747
19.3071855975
1.35848020003
1.58724639953
564.28744451
29.5411885944
37.3957423913
109.372209785
528.796350914
1.64768059935
93.2593179849
85.8776895838
8.85927339888
71.6786417875
5.30132739871
7.85451060037
897.643077439
14.4432235969
21.1558633992
3.95123879929
2.54165440017
100.171434584
12.5183131979
4.17161299955
41.3550789932
7.95558319782
11.4981645984
26.6402657944
4.86910499916
13.3455615973
109.64375418
248.245007164
1.85328139962
239.948716363
3.77307060006
550.249654129
34.6114205923
7.98345380101
0.0
18.1587425997
27.1929987941
22.5892031982
15.5907847977
468.986840724
18.374481996
404.779925737
641.706669298
27.7239095972
22.1967561978
149.226756973
36.3792561936
587.764087713
64.7643509921
2.41299619954
37.7077565944
343.516044146
164.408672574
40.2028633899
13.8241309986
68.595108397
194.559165767
77.7390459849
2.69994999977
4.0490091991
0.897420399707
21.9643363988
5.41896359976
4.37708239996
24.1183423955
33.6163151944
1301.95280939
6.8423701994
315.383658948
246.62654836
2.03055139928
1.57400379954
9.11556139842
297.67754156
5.48949499935
117.690293978
224.464706161
0.562682999921
102.099332785
12.825235997
233.596375762
9.39488540128
6.17558299846
45.8223529956
13.9064045968
35.243645994
191.668029168
59.9203175897
94.6291809861
1.1392443998
1.99181819977
15.4694085973
89.5885967824
1.86219539964
97.5635703782
2.22356599948
10.1155793978
90.317493587
0.488098399942
32.4710839951
34.0635601948
176.860775565
0.85744839971
269.699890163
208.902341361
5.06146699862
10.2494621991
19.5211093965
9.35093439731
27.8905973948
609.208302488
42.5286957934
1276.24992
6.15931559982
10.2552933988
3.01088079984
16.7796257972
79.1833491872
1083.76944582
9.07108999782
199.470688568
73.2535613862
1029.61156284
457.411643526
0.424410199915
2.27426659979
39.5255769943
29.2263807969
0.740378399958
0.0
5.34337759868
91.9672951865
29.4142599947
1.23547299982
3.16371919956
509.513153715
10.8738549979
1.41453099982
59.7150533915
82.3953045892
0.745930399876
67.9379733894
66.3893541892
311.240751544
11.096231
2.71013459943
8.32453800109
39.2489993938
71.5715503891
204.428275565
53.0297933932
21.0273613952
42.3161767919
279.071132759
5.45758079889
82.8951071894
221.574336161
2.59630259953
148.854597778
483.657182723
122.827237779
218.457605165
4.51762980021
12.0187871966
189.844598171
128.322903588
61.0521239892
8.31046539948
3.35729699872
6.96697679827
50.8384121932
362.131550938
30.9859045951
22.3643057955
181.928517374
135.342229782
26.6819613976
462.707072528
237.832483762
6.42713619897
5.2208645997
539.431586721
0.906661399948
4.39584159855
58.8316215916
547.892610518
0.252706799936
31.6642927932
1.31110400037
52.285431789
354.362023746
29.5284191955
18.7328795961
155.321952372
37.1996247927
414.398734732
4.36193479977
6.31491379891
8.50449739789
26.6542533961
4.7389755991
4.4285503996
134.243129378
132.408239179
6.51901879874
279.911065949
0.505521199887
476.144701526
327.274390153
1.37858739988
532.837810118
269.904624957
158.235192178
4.7556685997
35.5621529947
23.113457996
22.7109219976
153.696698374
3.40341939949
41.1161739926
39.4486471941
1.18200959964
9.65831679823
23.3751787951
33.4493283988
5.8826789994
24.0069019968
3.04090919951
548.933908718
22.0332755965
17.0796686006
42.8083141954
18.3361271966
43.9470921919
0.209590199964
0.321887999953
7.61003259947
143.730011971
34.485395997
92.8639415836
4.79110199984
5.24883119898
471.553705128
8.86358200076
3.63940979944
3.19579279978
2.05326939957
1.86587639995
19.3095577962
3.62054459864
108.221492385
25.0608175957
1307.83710999
453.300768724
8.7107787985
2.45714119948
766.900163877
547.102371919
26.4011505975
16.1819437992
245.792442564
1.96707619957
7.45481399846
716.420347891
39.9948531948
26.3011785974
522.583038719
566.761660506
914.329471255
1.4007897998
2.52106999974
14.3657331976
33.8172837948
1.26842159971
8.27392179832
23.8222775976
405.57741134
202.63744597
127.891124185
10.7095547989
5.08610719957
3.09782919899
17.8670165979
98.9789155859
164.770801575
30.793978797
1.14869719978
4.39458639922
118.885561584
2.0542287995
6.52994519948
346.440971945
17.4061733954
23.2914549965
28.6475017954
8.80189219838
6.27248399914
2006.4464457
160.958796568
119.976460373
68.5754221889
84.0789857852
299.738052553
15.9371525974
1.2640915998
425.119428534
1.4977303998
102.011441981
233.434277573
357.972950344
171.542861976
57.7699691897
0.602755800115
31.7237955946
30.1162919995
0.374553199962
11.903381997
16.4443043982
9.29076119978
322.762424153
6.29796779931
465.693273733
8.05210879802
6.6933973995
56.011551389
146.105835976
885.47950705
309.981835948
50.4569753939
123.800014383
33.260511394
89.3903101875
318.596938543
86.1868843876
53.2832251898
1.34997380006
5.55196939912
81.2097025839
9.33737180101
70.5742139868
10.7468037985
24.6612033997
0.781889599924
0.0
397.131623734
0.96384499987
97.7137603837
122.903984978
3.54629599926
14.9001612021
528.125779715
2.03608239958
22.2666133976
13.2325337993
2.33844739946
48.6802031961
386.821650347
15.6440729979
16.5599565965
3.05861319983
58.1099663915
46.7836011936
210.363672768
94.5300563859
2.23624639974
13.2111289984
0.597005799856
731.663003887
317.16391015
2.48980419948
7.3505639981
0.359241199944
6.17379219898
10.1900477986
122.46117778
1.22707059985
8.96597559876
107.219093784
24.1786901958
20.7546789974
1.21608399985
2.90491599955
20.1474799961
209.634868569
0.324997800028
0.885619199906
280.788005355
11.3218995991
13.9596549981
519.004603323
4.67910259898
105.091901786
24.1398665977
130.15303138
109.596491589
14.119326597
2.05043599952
5.10001479986
602.063397913
26.0753193979
403.106522136
1263.1325148
8.73551259801
156.501642574
271.741178362
12.289505598
7.56387400098
409.445480734
4.09248879891
0.847354799963
23.750107598
10.0283529991
20.3432911999
271.504369559
10.9631497979
172.688335367
104.416883982
271.91563856
37.1645663937
423.135625935
29.2804301934
122.680001979
707.544161285
20.6554917968
22.0950233978
106.430927783
21.3833451946
233.678546565
367.552975941
46.1036311898
43.741245595
219.043662569
18.9388393957
2.73107079929
0.0
559.849281312
2.91802919984
0.694262199985
136.230884986
13.0076992013
42.1454747934
0.0620689999554
1474.52409437
84.0597471873
86.5093319843
1.7608709999
130.536629388
0.690675999902
51.6031817913
41.9587011929
147.543543579
9.11096779884
2.00020659982
97.8582325839
2.53292979922
18.909279997
89.4845721855
10.464507197
0.444106799915
16.9394561989
4.51476819975
10.9468252009
1.06462439989
0.99521459957
144.010298375
0.0
107.190569182
327.618927959
32.5379789956
7.1014693995
27.1002185986
70.7735453881
53.5894735867
6.24310779964
8.4833582007
86.532924788
41.0149409931
903.203165872
89.6339475856
30.2741863984
24.0365359972
41.0769313958
0.8917904
438.599162129
224.06412257
31.5325017987
1.8346031997
1.06541819992
3.61840280001
104.893755782
22.3986383979
20.9416327963
70.2844649902
89.0416385837
286.823423545
34.6971791972
113.989107378
50.6060219916
4.59452619967
877.492959263
540.595054514
10.1553651972
34.9549729924
317.06912435
11.1221809961
23.9655213974
0.160464000054
75.33532679
26.0529871964
0.817245799836
12.1651163989
419.128461119
38.0259001948
769.362675676
3.9677999991
548.489226713
124.265900984
197.57369237
0.522388999957
14.4670215967
106.331960783
79.0564611899
352.495271945
3.532381199
0.398838199932
4.7115197989
73.4970925883
35.8189493975
29.4202183954
5.00512939928
222.805302778
0.563436199913
32.2062649967
244.820006561
8.96086259861
71.747021589
6.04689339876
42.2996783944
356.03892995
196.878564971
67.3500475897
8.81950520068
493.870430928
95.9720745866
6.39751679859
0.0
137.816056981
31.612016995
42.3987613908
1.24721859998
15.7606199964
1.41344359984
0.684816399858
1.36331859956
3.44560419969
1096.41659203
207.499323162
8.90480719909
1.85715319993
58.0346449926
164.310175776
10.7971319982
620.310820104
0.856663999774
1089.63091283
68.8930329862
14.4920493964
362.755729343
12.3522193982
28.7389991955
0.639632799904
109.38614058
332.044684743
57.6649405888
1.98714779993
60.6256123864
2.01948779975
3.25078419941
0.982554999637
1.89790279951
49.8123333955
41.1100173928
12.4478025985
14.1505011996
5.5481427995
4.60185099897
46.8933313927
485.564103118
3.7239401991
193.836313162
16.1778595997
61.7960905912
160.461470775
0.234603199965
2.89902059935
368.743125745
148.599247976
43.9216199907
5.54055259879
17.0501059964
42.9968155942
3.88681699994
240.330618773
89.4838251869
185.50639077
24.3976565976
0.973712799811
167.716033172
185.986072767
23.8457471972
7.9163837998
10.766579398
18.0864823964
1.95195319977
157.235464778
162.91666137
234.052221158
132.166470981
0.397506999783
485.85228093
3.96486000008
72.4255587955
5.07907659892
631.744395901
4.09632759982
10.8562837981
72.4738249907
23.626244396
87.4990771848
4.21261659951
37.0131891935
951.70443365
1.42783139976
308.125936751
385.64458014
11.652781398
12.9862935986
16.5319771992
280.525453755
2.69709159969
6.57222160006
69.2946899881
6.22076280079
18.7428783977
165.649160978
112.62816598
7.41806079868
8.90596879834
3.18682499937
0.276365799877
17.3970227977
295.147713154
135.613231978
176.248990374
200.420450566
421.446285537
60.3497307927
8.3662620007
164.545683979
6.67951859931
7.53138999804
5.38682879887
63.0865013894
38.7072773967
4.48521919959
576.353284516
8.15174859881
94.5150971866
3.22920019939
7.81169459824
0.698411999901
1.38852439997
101.904080384
4.83066979891
1116.06905742
451.570991128
91.4544077857
63.7076877956
1363.59956158
43.6901443942
612.071770109
96.8897807853
141.037242182
62.2688961934
24.4746123974
1.24929240024
1.75177459996
5.97917299886
1.16452759995
394.791350739
15.7474881975
0.96260559954
0.432196599931
125.970780586
132.115136378
383.052540543
4.1762205998
57.0242063909
8.34772960096
394.940048134
849.565575465
29.911847595
8.817478401
68.6096331886
231.936315963
0.0
14.1877023975
77.7094893857
0.388333999841
42.1903139938
9.91964520025
212.550667569
77.7579759859
1.11853619989
95.2491967809
279.461319557
1005.47029305
229.258183164
0.281894800025
56.8758203896
7.67319180092
37.872931795
8.57471739906
406.973542533
506.391920322
142.170605386
6.87708599852
3.72823779845
131.055152386
8.00439040097
2.37263119993
95.9200343877
47.8642279927
436.848019329
79.2966385906
117.252577983
4.76375639902
320.23206595
53.0994675935
1.30270279953
590.618281106
0.757871199783
201.465015974
23.6198051942
4.15206439864
454.677587531
159.017921581
2.48208959965
1.66516639987
25.3662307981
401.321693739
1.81252979969
4.36261179964
0.142099599948
202.145075364
9.43440099824
554.624181112
11.5243421965
2.89368099978
6.65481980075
410.069230341
76.7725875916
182.774875572
85.4865943875
112.055987788
398.001444534
437.746373134
56.3319173912
13.3911457988
45.6308007917
27.8951811884
9.37790419781
398.50737574
142.844620179
31.3943505921
0.0
15.1690840003
46.165122392
97.0484763869
16.1018439992
1.96860599988
25.2224127972
69.9562387902
47.1950649943
1.96860599988
18.0387821968
0.233476000078
4.32684759965
674.9052293
450.513995734
4.51485999977
215.33417537
176.17878118
156.368108775
14.8148569979
262.710127355
301.380079957
5.87223119887
16.6247581974
79.6311757866
374.09934094
100.468200383
38.4454399935
35.2331539936
55.6633917912
2.17743619955
1.10809940006
8.94791299841
43.8247411945
10.3791633987
377.067738548
3153.28622152
1177.2701136
637.362162694
119.864000779
139.879730175
64.3098979909
9.34161719907
1.86776939971
217.167299364
304.695459759
5.64862939915
713.870795691
247.692205162
449.556977335
2.8343183999
660.381125498
18.8929837987
7.70704339897
20.4966879972
12.2616213972
0.397197799941
330.290775347
161.872693571
23.3947751977
5.4558295996
417.000212333
107.811378583
13.3414315979
153.600908175
84.8234481914
0.133239199981
2.38925419951
29.6678215955
11.9057083983
312.831244152
0.0
19.3603031957
263.547113969
3530.36406106
130.982246581
406.727390339
477.050479332
135.183701775
10.9209129998
103.527157181
85.8373065896
3.68443959923
14.6792743967
57.6233827942
1.8092539997
47.565485994
8.67629939948
11.5230581972
0.328008399913
22.7675047983
0.188667999967
13.0991859996
582.83554152
180.861992768
31.2757037942
144.144488772
13.6401367978
14.3639201968
23.6503467978
98.8288211796
116.863726389
3.38361079925
1.26707019968
77.3023995894
31.5321237959
49.33008819
0.178844600001
9.71854959925
3.47220679944
43.4080955923
9.51611979834
168.526007176
45.5741919931
106.653638788
108.214851584
218.462475761
448.187762533
8.3052095989
48.4309475861
49.0734571913
0.80318659983
1035.11212545
44.3850517914
199.391396169
182.960673565
17.5020369965
83.7851545905
61.9487915931
5.1642869993
141.805737385
38.6037005918
210.815646362
304.524226956
11.4192483987
386.082886336
0.65753379999
92.6175137867
2.03517639964
680.290923293
0.387842199944
476.607456328
549.595607513
10.596710799
471.83484293
103.88365739
559.974832523
286.548185548
287.175680154
8.0066601981
18.4982450012
5.70786379862
20.1820539952
792.006134473
399.195467535
61.6059681914
34.5659441949
1.76465399993
61.1335443915
315.949912149
92.4527747883
0.896995399765
4.54137859894
15.9713345966
25.3838973966
2.14030579959
566.476258506
112.953173384
218.675537563
26.8366419987
7.78530799927
1.94929259932
4.33240519873
139.233514775
365.023892735
62.5731263926
18.3093990004
18.9867033966
89.423135189
92.7414067854
61.7734137893
38.156588398
138.436159576
5.3935915991
16.1997963961
541.53198072
2.50874040001
11.8191572
7.43777379814
189.627545174
417.990396938
88.8428657877
118.639449382
1714.19839391
119.64149198
647.626203694
1.31727760024
101.456882783
71.2072407904
85.3326197869
32.809951992
515.614698326
44.0476875919
14.7805951985
163.903811572
32.4763847955
360.075444342
443.117313528
126.01926518
410.488821736
493.624989734
189.46835437
33.4676879931
1265.36135898
3.034369199
51.2946627944
237.535337362
852.049847062
103.790895186
227.855824561
229.725687364
303.85559675
4.70658139926
19.4356667958
14.3337043968
122.208377981
161.905719772
4.24030299978
7.46271319792
150.192254177
61.0797521881
7.497931001
380.082153941
8.33389460058
9.48314220105
75.4089355898
2.12207260024
1.70889019983
26.4114999973
1014.61089423
1084.78510122
24.5342497967
128.332097974
56.232817191
13.1858743975
16.3075687998
1821.45792972
210.888967765
2.98121159964
163.139986378
310.834748752
591.471818095
98.3522945821
259.815751355
7.56387400098
931.914659841
236.717113159
238.990583563
111.928346981
0.0
0.885110799535
10.3286425986
512.596319326
111.925627784
40.499604394
2.32355900002
68.1335155934
178.188055169
450.28604593
1.11637699978
7.32510739836
1.38849639973
3.9375703998
0.843839399817
4.30877959933
6.50036139888
98.4730369835
2.84249379947
287.099361157
204.938118558
8.25421000085
18.6301671966
1.54499079992
1679.75657295
5.92117819933
231.318436166
5.43704399961
0.171489999876
7.57593919915
287.055996344
50.67599859
223.067162358
422.66941153
1.07837619979
16.6063061967
6.98330640109
49.5734231913
8.08928699982
62.0682341928
463.667212922
647.882928888
3.15283139948
23.0647121979
13.351950197
14.5226975974
15.1551919981
756.909917281
89.1318221887
1.32299280004
25.8923561975
61.4212413926
67.1399495901
1.99256899973
526.437970929
756.839255686
87.7546955857
92.7588589912
1.14870879976
202.724576768
1719.18393554
21.1334777974
1.89560059949
651.225719903
251.491948965
222.440191566
3.91908139909
74.9189401869
329.162273541
740.117740082
19.9408643982
59.9041815913
2.10911139951
2.10419699956
182.099185171
81.8953177884
123.074452383
328.967880348
113.659206584
32.293677994
75.0531819865
250.530469367
56.5155471899
34.6982445966
285.410410955
8.34740919815
1.66661279986
10.9946543985
36.6206113931
9.55069239792
9.86138840029
29.8341529976
34.5334141956
0.232219799834
30.2127605944
633.054891503
21.1586284005
424.017910521
50.6303057928
0.0
1.96612219968
6.55236359913
409.869396341
3.22931179947
236.380617366
759.237401883
282.16723495
84.3874711856
624.776532909
121.315082583
270.068640955
147.485910573
1.07153739972
53.1479009937
3.20694199937
59.0597741884
30.5421909924
6.77609759816
162.257528375
286.07153115
154.223695774
37.4905235948
172.82536297
146.065963579
1.37960160014
254.483103759
195.023969968
114.101314986
24.2936487975
1353.15232719
80.6311693854
17.2817937968
176.371689977
5.17079079834
69.4140325853
229.957388362
34.8032235991
402.249998938
646.524244104
15.9826685987
81.4270899927
221.829782567
264.793564762
61.579736394
74.3217193894
42.9421065963
32.8087253977
44.8186981953
154.306040371
136.559479575
28.4101553951
45.7828397952
467.844660719
11.7251489985
60.0649999914
18.456190996
227.242992358
909.976593262
70.327640186
7.89682299886
79.1867297895
1.59520839977
474.828144727
8.14135519794
48.8702913908
70.0414693886
2.78015859942
7.12692759881
10.1486841988
220.864587562
17.1152286006
1.99443779955
18.9253583966
7.76078380094
66.8133145929
26.3992515973
67.3748761933
17.3721475973
428.057089724
5.90130919867
1.18439339992
306.862062348
745.638702287
340.475471547
50.1090483922
0.416718000142
36.2797471964
501.878072915
86.289369187
139.727368781
304.086967145
1.82582999966
7.33474499782
27.1609093957
12.9911865964
10.7297247985
247.357748177
44.4849531933
51.7848877936
252.181886957
47.2042215909
501.553216122
1.72822279993
3.18766099947
71.4291533888
229.572599362
26.6209449942
28.1562867944
421.16753594
24.2752027977
76.6458719853
0.517599400005
1102.16181683
303.712945755
0.896663400078
0.822772199781
1.70181979995
112.228616583
8.73786479944
1.77496639937
1643.69622114
1.59169800038
36.7807875942
84.7061767847
19.1938187953
69.99076519
243.471775557
0.0304573999958
661.889434701
14.4920493964
70.7305007921
578.869600908
1235.79718241
7.84346099949
229.847294565
18.152742995
14.9045285974
489.571263521
21.1545575989
18.878548994
80.5494331871
1.59509399995
0.499773599924
1.68799159986
13.2260101995
97.0684177823
61.3572315885
9.00026900076
47.7329785982
74.1947283905
26.6223361956
69.948183389
13.4352499964
20.0808531983
26.3154879955
226.162120161
0.740125999938
246.665207166
122.634359578
0.250970600023
9.60030659826
5.47223119968
30.1318131952
71.2367477889
4.17688619921
703.764820089
85.6275963826
32.1621907965
239.979014561
253.237610758
208.998275358
484.552868515
91.3179949822
4.24337999985
1.88289279962
209.51128077
1.10747959979
139.900010776
28.9213315925
1.02995420007
490.577105124
7.2932473981
65.4085743924
102.410386184
10.0826804012
553.464523111
14.3256101975
1.34074279956
1313.00184738
76.1914053853
101.525620583
177.54047937
1.09390839988
16.373505596
845.332338281
24.2045987937
572.377274506
5.70560319992
22.7719367979
149.454841774
1.22859699972
143.184389373
291.538537567
10.4433099971
14.367468399
58.3104493901
13.5968841973
519.956719521
44.191603795
14.9155421983
25.6213035951
174.361166374
29.8652271951
17.9167631971
67.7526323891
108.172059988
4.08352559909
1.00169859958
38.4930865978
0.0
654.666942494
11.676097998
438.846276337
311.861766746
23.4183393977
5.70716499965
23.4879219961
1190.29038621
375.295213747
17.8901219966
137.830326777
19.4476071958
84.4966685912
2.04747359947
4.45797339885
31.5886641933
47.8888925896
0.358086799861
200.002804169
22.1826787975
15.7761407967
94.6777439861
22.8859527977
15.7754131968
22.927726997
18.0676639964
508.091595128
26.0209989938
73.3579555918
23.4769515953
28.1977865985
372.176263535
368.876438341
2.79748459907
4.27222519918
1.65907999976
0.458465599951
18.7944505973
177.97889877
220.039505363
266.991697962
0.64953539998
708.580643297
14.4424421971
250.018722156
368.590833544
214.542961962
100.950932383
142.596372376
88.5698987851
360.787465135
42.022128593
1.54999679999
656.672627102
849.200435057
31.4016447964
513.43108552
10.7919987987
38.9696843949
471.882709127
8.04731019907
56.3339783895
20.640138398
281.39251715
689.670797489
18.6330695964
0.159839600054
105.240602186
5.60723379893
89.3001979886
9.85533639829
163.165841772
3.93107499902
0.909323399789
6.09321279874
0.8615949997
149.346877772
17.7397895975
108.536334582
0.390870199948
9.74907460044
253.163451763
16.0043269973
47.6938033913
53.9017151926
11.0224005987
401.022135137
12.0857577984
354.163086545
497.906936923
119.574862783
787.417266872
157.770870975
43.218655792
3.93239199926
224.956225364
0.198575999939
116.153076978
443.979177932
64.7475093892
121.81573038
196.901581168
0.292244000025
15.8992159966
150.106179975
31.3400033948
59.7055301924
94.8767507858
193.118752165
27.7797105955
7.04917659908
4.47109459978
509.280273517
480.138384325
2.72181439911
21.5107383961
17.4282125967
555.422859515
7.00663440096
322.575006742
2.64908039992
42.9645235888
8.55491879877
172.130044769
145.521628175
18.8128647966
7.77627519865
566.076560514
154.835789574
115.287039581
37.3128811928
69.1872601857
22.4703187941
22.1929699955
163.817708776
23.0369537992
2.74295299974
53.5417139911
29.8309793937
9.7000013991
1319.98088001
0.380912799925
16.2095693985
12.0447641949
1.63923479977
20.9898105958
66.1196339918
13.3920622006
33.2487669955
0.666170199894
29.5366581979
636.526633095
24.4920607981
181.934381567
41.8889491953
387.720946141
4.9070555995
30.8169467961
345.292971144
31.2907453932
0.633432599767
12.1734385983
332.291886545
21.4371733966
13.8777361988
17.7402151976
0.279708999927
28.6854165975
21.5120733957
89.4836305858
0.692972200234
32.5568099939
353.927273145
2.84258899961
2.02517159959
442.330377728
14.9153197967
76.2087167886
74.2341585873
2.57855959956
937.486462048
261.065209153
16.3373127965
10.894944799
28.2137707981
0.55637739995
6.44497879947
24.9247673971
566.185444515
3.12016419938
35.7724707935
183.784286779
24.6109707975
491.139364726
6.17385139946
131.400314178
226.813333564
627.299556896
4.1762205998
833.922031675
0.0
10.3092131983
125.558929381
34.9759495971
371.731440743
1.09962440004
0.86593399983
90.6983679877
3.89280739992
19.3578815956
0.490300199895
24.8393397968
378.511623947
30.6675561925
104.526151178
8.94476799912
8.2940297978
46.5030515955
2.46881459943
460.250648327
1065.07620284
1.99443779955
666.574875296
12.9534827976
0.42572479993
13.069149598
205.335208371
4.73340279882
0.978741400065
16.3322881963
4.15931599903
3.57989159962
17.976166997
59.8569873896
56.7936673904
26.5540097974
439.246620129
83.9122885857
0.434686399935
977.131346648
13.1117105966
2.86846000008
47.3148083954
17.6598247984
243.683851157
48.104333591
85.1568723915
30.1513009952
226.486042161
2.99022039934
325.657844547
20.1498485967
409.78448993
58.7329981894
3.99969039914
143.084050571
8.21143199913
670.797923489
16.6284705974
2.30662459944
65.0117877883
642.157241892
0.0548810000186
40.9045073935
0.951579599724
0.179856999976
607.809047107
75.0993825903
1.78234659975
2.68043119984
22.4113223971
372.438207545
36.7221533901
45.6127697876
40.3748973892
432.572205532
15.8099609979
26.3326745927
6.19188859971
118.547325183
25.7157093978
291.198672152
497.681284319
3.19843899958
20.3681435964
23.4471381979
97.9171777865
171.804403375
48.535275791
169.057181571
241.292783557
19.2752001983
2.02063419979
4.4285503996
305.957949548
0.761952999704
50.1640307922
171.733115377
15.1745731968
92.4774113805
0.0
841.214049246
407.531980532
37.1235449917
18.0336359964
392.436950536
9.88417099824
22.8841097962
3.8274351992
42.1270733951
14.5746727964
298.78454955
22.0820107949
228.971529563
133.841680779
4.06791879891
34.0367341949
357.091505342
29.8224499949
121.214894579
120.806564384
1.09945640003
46.6132450006
0.279300199969
4.20543399985
14.8439877973
352.417073546
308.254223545
37.981197796
3.06571660005
1.94596199987
577.211360509
724.439022082
97.3074785856
489.025143321
4.36622059949
421.614291941
5.74103579915
652.643241693
75.4809581919
0.0
34.430053392
2.0860675989
15.0870943966
524.868681514
4.83090099937
312.142757553
22.1512873955
78.8706141835
2.11907100009
726.596501687
103.508834583
4.10807579984
72.7824733853
22.8907231965
243.684068374
0.0
31.4123131953
24.4235917976
44.2037759954
3.10149039919
2.31293099976
2.88693459981
2.00800419953
7.57408820108
454.417852924
4.52899259806
79.7454493898
102.068152383
10.960959198
651.738073908
62.6425443926
979.102328647
8.67900639816
2.0434221996
0.0886145999614
469.564322205
72.7992357865
121.577593581
149.490190974
437.864046138
1.35413799966
290.873462152
22.9641771977
135.461946975
36.3842119926
35.4938109901
12.3485051985
275.108979157
37.771586396
9.30885959729
100.107217986
1.75197279982
7.05481899869
7.58390639903
0.372711599896
3.86901559898
396.089210145
0.883652399764
5.15669919866
4.44187659881
153.535717374
179.641382972
4.41325759939
93.4332007831
7.17554560107
547.458289919
20.3683819962
12.4375141998
43.6218647969
98.960455983
629.570421499
4.98058519906
527.318301109
30.4549775977
67.2188783892
0.032508600011
1181.56546042
22.3167997972
117.256286582
379.439867742
409.618726538
6.16443219915
21.8638581977
0.614608799967
24.7989445977
83.5316579852
1.39742419993
5.90566359885
2.35618239962
30.4579287955
7.64608979872
15.3208537966
9.59904560085
87.4082777865
6.83139019773
25.5072369963
54.7372047939
105.515069183
18.0710165988
12.9227405988
285.752614151
884.297737877
7.2581129988
586.195341315
0.412925599934
297.426012949
4.58756739885
335.351034943
26.2399475973
17.9892903964
27.429867594
20.5996723968
47.6526381908
