6.9800349988
21.3544349963
216.183551963
20.3898579965
297.029709949
0.0
1.91995499967
61.8501419894
0.815610999861
114.56098598
0.639575999889
8.72072099849
93.7019389838
29.121411995
45.9441839921
37.2336699936
3.77903799935
131.334092978
17.423019997
140.127924976
98.7973499831
132.017369977
8.94339499844
448.817862923
11.896263998
189.717529967
67.2132199884
102.410471982
16.1932609972
262.447819955
1.91260899967
133.247975977
75.649560987
349.32130594
0.99283099983
21.8203839962
11.687468998
0.0699139999879
36.5490889937
58.5606949899
225.480201961
6.77453999883
157.440974973
100.169172983
0.0
15.3357479973
648.079469889
3.86615199934
64.252214989
38.0131389935
29.5512769949
1188.7145408
0.0
239.029318959
1.23615099979
0.656107999888
447.875600923
9.18678699843
82.4306859858
727.592661875
28.3859409951
104.182346982
6.22357599893
72.3582569877
724.574364875
0.0
73.5363349873
9.21188299843
38.8506039933
0.377902999935
0.0
700.902681879
1.27837199978
723.251612876
99.4352839829
1.20640999979
61.7347509894
9.99906899828
62.8213459892
0.685032999883
464.36798292
0.0
314.764665946
0.171543999971
6.28832099892
374.590508936
1023.08153182
0.920921999844
2.43289899958
6.17253099894
12.0700259979
7.90243599864
145.214972975
44.3006699924
123.628765979
25.2123159957
7.47598499872
63.949719989
948.606598837
16.6760449971
0.0
3.42547599941
725.550829876
133.805389977
3.62743499938
82.6900079858
0.0532169999907
481.535070917
13.0522569978
20.8366849964
36.6559649937
13.1799179977
30.0885739948
969.347855833
7.33413499874
7.09235699878
139.830969976
493.282401915
127.509733978
33.6463009942
16.5661209971
99.8527829828
195.314828966
0.0
29.9685129949
94.4452139837
4.30082099926
0.0
0.0
15.6864879973
10.1748389983
412.151030929
10.1143099983
152.440594974
614.443408894
610.960421895
4.82562299917
2.68974899954
63.2731629891
0.316352999946
162.642030972
112.064826981
530.190517909
2.42935499958
6.29651999892
401.367087931
5.09683099912
507.123160913
89.0420869847
10.4645689982
0.0
3.12133699946
913.524476843
59.1236219898
81.8289819859
1019.23264182
3.21686099945
2.92071499949
33.8603049942
717.831065876
146.092542975
150.108275974
137.400641976
42.2907289927
20.1908709965
5.66690299903
6.26220699893
33.1682829943
4.73111599917
526.696982909
41.4298609928
14.4003399976
24.2113379958
4.6281949992
11.2862769981
9.26193299839
133.128923977
29.082188995
438.237396925
4.0538729993
299.002932949
16.6912959971
13.5080809977
74.8882329871
22.4126039961
30.9222029947
78.9670029864
75.522037987
62.9402439892
0.0
6.35898399892
193.582852967
9.2915679984
594.992277898
2.08292399964
67.7764619884
2101.63326164
446.904938923
351.11799794
1244.81110879
3.83846699934
7.91558299866
1.7273839997
3.94958999932
68.4346819882
28.0501479952
0.0
0.497769999913
8.42185299854
0.0788289999866
24.2155259958
0.0
306.329684947
0.564749999905
10.0454909983
0.0
3.95103999932
144.768946975
3.95103999932
1.67758699971
37.1330569936
412.392190929
1.7614429997
12.9511539978
89.4677639846
212.503353963
47.8828849918
4.42865699922
23.180352996
261.077317955
31.0356679947
41.3497109929
13.0806969978
1.7382839997
3.73403799936
0.105574999982
392.201323933
151.625323974
174.18746997
87.9301389849
139.652355976
492.090971916
98.1773999831
0.0
330.285068943
57.77684199
170.703203971
267.317009954
4.77069299917
18.4206299968
406.49776493
281.191374952
36.9364089936
7.45416399871
1.56384099973
4.39980199924
15.1951499974
122.756738979
264.117141955
622.796226893
59.22947999
82.3615779859
237.433675959
7.19599299878
9.15463699841
0.0
12.0876649979
28.4974329951
1.95535199966
18.0245409969
163.845392972
322.776033944
39.1034849933
171.60945997
652.163329888
33.5949299942
3.56218099939
1014.91162583
180.868289969
2.68529899954
619.380978893
5.11455299913
21.3627869963
8.94915699846
66.1803209886
2.00645599966
154.264297973
54.5710879906
13.0758839977
43.4458739925
733.301541874
8.73654799849
6.54371899888
4.82214199918
627.387902892
137.521635976
2.63909999955
4.96617599915
5.35960199908
217.438556963
48.3405939917
192.842004967
0.0
96.5200009834
34.368917994
201.356261965
140.794412976
36.1483709938
7.60952999869
28.627148995
1.41568299976
1.63660799972
66.4002289886
9.65409799834
63.6688129891
1977.35454466
57.5040919901
595.057612898
11.1694499981
558.934538904
0.101302999983
30.2366049948
13.1700139977
1.1871199998
87.7871959849
153.978191974
9.09264699842
10.6517239982
45.9069199921
4.97253099914
36.7543609937
1409.33424876
0.0
27.9942229952
4.51366099921
135.519038977
456.778407921
520.316334911
6.49548699888
1022.53978482
0.932994999839
63.0887329893
72.0060269876
1.37260499977
405.04885093
334.464753942
1.78847299969
32.3248709944
3.28634499943
468.691164919
58.22356599
9.65827599833
9.78362199833
249.867580957
31.7136199946
447.345259923
53.3580559908
112.582262981
625.344234892
27.1042759953
5.80041899901
13.7703759976
478.315193918
142.430093976
56.5922179903
16.5282919972
3.90787399933
299.972086948
0.0
38.9997199933
9.99506599828
10.9374379981
318.329874945
26.3010959955
2.15591299963
187.824789968
3.98658199931
19.4140139967
75.1333609871
16.1324119972
0.910506999842
193.569948967
16.4243499972
112.472343981
55.4323429905
5.27249299909
2.45489099958
35.116859994
14.0412029976
4.91393599916
3.53036099939
10.6562799981
43.7850319925
8.91303299847
14.7419149974
159.223404972
2.00941499966
44.0129289925
670.424505885
252.309283957
13.1165479977
17.8438469969
15.5596179973
82.1332429859
421.183888928
57.2270579902
61.3559599895
848.155559854
561.848276904
485.836004916
552.693640905
461.336009921
4.36277899925
420.981719928
0.768524999869
209.278120964
0.342646999941
12.0946489979
15.5514439973
13.1813969977
0.927987999839
0.931567999841
16.2563159972
1.56701799973
449.448740922
118.18837498
0.379376999935
0.840856999856
20.9613139964
2.3404579996
83.1386429857
1.38068899976
78.4513599865
178.211791969
4.95263099915
0.911657999844
173.03078197
5.34758699908
1.11325899981
1.99918099966
4.78402699916
33.5905589942
24.7248089957
27.2932869953
3.82026099934
8.76765699851
2.25487199961
750.529985871
0.0
73.1094129874
0.0
361.413710938
12.5930379978
544.559827906
282.760454951
43.9472359924
20.4492369965
113.106394981
118.04434598
344.502465941
647.502128889
3.16955099945
388.255131933
24.1913669958
119.51573098
19.7702109966
0.0
0.536118999907
445.207505924
83.6487999856
46.9302969919
2.45213599958
14.0306329976
88.4416079848
0.0
92.0483949842
2.8694869995
37.6564269935
21.2720109963
35.4323299939
69.649421988
637.54252089
173.09076597
1.08666799981
0.396084999932
3.88482099933
38.9973189933
220.419687962
6.93098799882
704.319910879
0.0
2.40304899959
4.45725299922
0.341954999941
527.466844909
0.0
81.9361919859
300.550985948
68.3324139882
447.932603923
553.471191905
44.0010949924
5.31536499909
84.4977779856
9.03132299844
0.458061999921
2.14307699963
94.6247899838
133.657123977
132.287215977
8.23760999859
4.61097899921
177.19691697
75.889009987
17.437519997
0.0
1.65044899972
468.113360919
31.7953409945
17.0895929971
167.372757971
70.4272289879
1012.98129483
0.0779619999867
179.341299969
160.425427972
101.573477983
4.73617399918
106.350622982
0.87371799985
64.4323989889
7.87714599865
19.7468719966
476.587884918
38.6843099933
2.54511399956
131.897475977
4.49382899922
180.936238969
15.2918259974
662.898347886
302.957457948
160.379735972
158.518852973
0.421030999929
13.5700019977
311.553240946
148.612145974
1.66111399971
15.7454349973
229.039098961
469.45563492
54.4288259907
209.109580964
23.010317996
161.878633972
141.974753976
238.658330959
9.3067519984
58.4262989899
10.8925899981
5.70393199902
467.56217292
44.3763509924
50.7941009913
78.6000709864
2.38723799959
139.893596976
5.70283599902
37.0098659936
71.5601699877
0.0
3.28531499944
273.204406953
104.506067982
9.14894699843
545.362809906
32.5626419944
65.6403949887
194.559025966
21.7219899963
9.99421399824
0.184407999968
4.47045899924
13.5940039977
831.858027857
2439.53308058
20.5042549965
209.406739964
149.966890974
73.1075349875
3.83215599934
603.751610896
478.608730918
8.93198499846
1.85768299968
113.99174298
91.8891059842
17.0652909971
114.034337981
2.00316199966
62.2994909893
0.0
1.90940999967
14.5896999975
9.54974299835
223.440186962
207.859068964
50.4890419913
1.01035099982
44.4081989923
0.317136999945
192.982941967
91.0102209843
89.0098769847
588.405877899
16.1149529972
132.798524977
255.366630956
378.006320935
142.177602975
456.002238921
621.800606893
151.163668974
480.331603917
3.64604799937
700.11042388
26.5020099954
84.3330239855
87.5375819849
595.913236897
3.87252599933
12.6285139978
1346.59691577
23.049190996
0.0
11.8619979979
91.7700239842
39.4297629932
0.0
204.236756965
4.19969699929
0.264872999954
41.1330029929
6.82199099883
103.471574982
189.754414967
33.8459249942
232.52576896
28.6468469951
66.7055719885
64.1497249889
141.191724976
425.782405927
1.21621899979
1.07296799981
2.52870199957
30.2046479948
1.92461999967
0.0
41.7158689928
120.216324979
8.17836099859
31.5662959946
61.6359359893
0.397894999932
612.763795895
692.761188881
19.0640549967
4.61486399919
29.2185359949
9.40560699838
245.113762958
1.29968799978
0.699940999878
1.60969699972
185.135990968
24.9192439957
125.027479979
332.876868943
21.6761729963
15.7808129973
225.552882961
131.758845977
259.044340955
42.2317329928
0.0
103.735615982
63.728691989
214.088911963
91.2711199845
635.725021891
7.66157199867
26.6480149954
11.742974998
11.453921998
5.68809299902
3.4840339994
475.719330918
30.6415549947
0.0
21.7781759962
43.1355789926
1467.60944475
144.108313975
131.290936977
297.959286949
684.849901883
29.9344159948
320.680776945
337.951434942
193.544576967
1.21249299979
38.0488729935
1.1336879998
0.0
393.307218932
703.451340879
12.7321569978
34.2045679941
35.6853319938
3.62453599938
15.4964219974
70.6771699878
2.74923899953
5.21231299911
30.3247059948
0.23159299996
817.269263859
1.05109699982
39.8687529931
0.768182999868
443.394631924
69.889291988
56.1591719904
0.616378999894
565.689597903
59.4888839896
460.71829192
653.115817888
135.078152977
82.7566659858
63.1531619892
22.0018939962
1.08475499981
319.097822945
88.9454289848
34.2304859941
157.553686973
3.38027899942
2.08735499964
2.80713999952
3.73141499936
216.366740963
188.496445968
174.82211297
86.3157059852
21.8519649962
417.055130928
267.185858954
52.2136419911
2.11893799963
305.400126948
85.7308329851
54.3151389907
574.879772901
897.839468845
755.19864587
2584.18646956
457.238329921
87.5350629849
0.0
17.203905997
41.8828149928
530.160701909
170.293995971
714.467992877
457.396318921
42.9409699926
245.389298958
66.5633519884
19.1898379967
1473.38514475
0.0
29.7751089949
657.946576887
581.2443479
0.0
816.42658386
426.772774926
111.503075981
4.31026199927
929.40675884
3.4630559994
22.919384996
5.97185799897
13.3298939977
170.159985971
0.702050999878
21.1159769964
15.8050719973
52.7935649909
0.745499999873
14.1953469976
0.0
503.408379913
73.4626829873
3.59028099938
44.3695899924
17.538600997
11.9265839979
7.07511399878
111.166164981
678.515005883
43.7556879925
27.9140079952
27.6275689952
32.4838459944
4.53996899922
4.38898599925
14.7477459975
0.0
4.28625999927
0.273862999953
20.8134199964
253.443871957
0.798978999861
82.9271749857
2.46029699958
0.0
809.909838861
899.310759845
78.6556869865
12.5337999979
28.7943219951
42.9964279926
0.504977999914
258.992768956
2.3216619996
26.1963419955
12.3139409979
238.053444959
347.36560394
482.395253917
572.858932901
8.49784799854
129.606400978
55.7845019904
100.979103983
746.486761871
21.9143499962
232.28513696
34.668729994
304.469681948
1225.48677379
5.12861099912
419.118321928
190.482145967
16.7944529971
162.230992972
1.01701599983
83.1935549857
442.310745924
0.92630499984
81.7052129859
4.43004599924
11.937552998
296.874242949
130.908766977
33.2086409943
162.833167972
50.8014709913
200.180989966
345.362490941
6.86077199882
129.828252978
13.9954269976
18.7006319968
172.79799497
39.8937049931
194.204108966
2.70707599954
18.6544499968
112.898386981
22.6777959961
342.872506941
34.4210459941
15.1012409974
1.12141799981
21.1871339963
3.69619299936
8.7524959985
0.502517999912
25.6925719956
0.0
33.0681609943
239.770189959
164.847538972
32.3337289944
13.7216059977
11.832916998
0.0
29.050688995
24.7129609957
2.3004339996
0.0
33.3733229943
0.0
7.73491499866
497.159077914
1.92768799967
346.02954394
416.306625928
45.4429379922
26.0966809955
146.746321975
0.0
424.433006927
884.498490848
10.7922749982
0.0
14.5264049975
8.81843899847
80.3952269862
286.602074951
41.8796399928
138.955425976
66.2353169886
2.17857799962
0.0
26.1182479955
380.646390935
42.8321349926
54.5827619906
5.75480899901
17.7548259969
7.44879799872
261.165369955
0.972000999832
584.130774899
56.6871059903
37.0894209936
27.7820349952
21.5219829963
954.348178836
8.40557399857
5.1659849991
13.0249859978
0.421173999928
0.98051499983
722.220467876
52.3057709912
35.5498599939
568.108816902
61.2461539893
395.480910932
203.338785965
82.3634649859
551.525853905
682.602797883
0.0
10.5582659982
383.937734934
319.642918945
1.96150699966
6.77220699883
156.209761973
124.408733979
33.4024889942
26.2795759955
149.502714974
601.555484897
396.626443932
11.545416998
11.531225998
295.751114949
249.139705957
83.6339189856
135.204574977
33.3973229943
6.55302399887
401.15882693
3257.20869844
89.3430359846
10.3766449982
269.605025954
5.18719499912
27.5400559952
23.9557919959
95.0699059834
344.757526941
482.118039917
2.59914699955
1.59270799973
31.6696079946
43.3563159925
7.33088499874
17.552302997
0.0
45.6254489921
7.08074599878
164.626586972
333.916713943
187.673813968
13.9796429976
35.6476789939
176.764433969
62.9461809892
0.277968999952
4.7623169992
5.46125299907
3.98247199932
0.0
116.24565898
49.5013779915
158.394270973
624.314182893
178.160861969
6.90382599883
110.444223981
10.1244579983
9.06471499843
74.5428399871
115.90115498
13.8207999976
1.62446399972
958.771873836
2.66149599954
1.53072499974
17.287149997
563.522339903
7.52387299873
39.5930939932
5.42890499907
31.3139529946
38.8584219934
0.846038999856
21.1270489964
54.6140089906
18.3627049968
94.5263679837
9.04901899844
735.930291873
23.4450039959
4.72267199919
7.72218099868
115.16437498
1.42801199975
105.697884982
48.7471039916
0.0
7.71959699868
26.7020819954
129.102465978
4.78402699916
0.0
188.901631967
67.4127929884
64.1460889889
1510.34783074
0.0
80.4297989862
43.8282259924
41.7598659928
34.640284994
100.685015983
13.2513289977
22.8394759961
490.561707915
392.820731932
459.937101921
170.69154097
135.176026977
0.0
17.0564649971
4.46423899923
9.68219499834
1.82608599969
261.288091955
282.024729951
9.88468299832
2.54251699956
315.524941946
33.7892809942
4.54015099922
12.2012119979
38.1865179934
5.31278499908
638.48251389
39.8327509931
0.421986999927
115.94587598
0.379198999935
0.855717999852
19.6563799966
13.0351209977
50.9294519912
15.3977319974
6.04941199896
16.1445489972
8.96153499845
20.7102619964
106.950464982
7.36304399873
6.07419899896
9.63903199832
285.789862951
158.712053973
2.10407599964
77.9903209865
854.826267853
91.2933719842
132.752157977
8.69115999852
22.8224879961
0.328262999944
1.33211899977
51.4966069911
1.98577799966
0.0
4.12717199929
5.2074729991
0.899529999844
0.0
919.317854842
11.0922119981
169.484834971
1.33800299977
5.853875999
1.02312999982
29.8232519948
150.123723974
277.665269952
607.814550895
0.563200999904
0.398906999931
1.82608599969
61.8353839894
256.590342956
24.1973789959
98.0704149831
9.2528209984
21.4032199963
10.6026499982
23.137468996
33.1898409943
666.398472885
658.599136886
46.600969992
4.18002599928
11.531225998
0.0
33.2354949943
41.9760259928
9.24573399842
1.38557099976
12.6474209979
86.2041969852
7.76739099865
14.4416909975
0.0
71.5945019877
234.751125959
1.80408699969
752.29242187
20.5341849965
609.220125895
7.28137999874
31.3902649946
22.997046996
3.21215299945
17.8703839969
58.6103799899
8.72133699849
16.5167949971
0.40854999993
81.0451429861
14.8765709974
22.3235249961
64.2802689889
66.4421819886
0.0
48.3924839917
2.98878099949
570.791038902
11.1923299981
10.1998469982
21.2196119963
46.7614619919
72.8714389875
95.3159639836
245.324166958
727.938915875
8.90120799846
527.982394909
195.213035966
32.9902419943
11.411051998
0.112880999981
33.5169139942
11.413164998
3.62259299938
71.1040959878
4.1286749993
1.82863999968
6.26528799892
24.0296829959
120.653615979
99.1335649828
331.712167943
407.59466993
0.17459599997
30.7361749947
58.7088909899
42.8465619926
2.3336039996
187.114699968
250.951019957
579.512446901
136.230658977
497.364770914
4.61036799921
972.756756833
770.046497867
60.6290509895
0.0
2.72176899953
107.612826982
15.3245539974
316.012825946
0.76720799987
15.0098259974
15.2394039974
1.57288899973
437.432112925
11.767001998
31.3183579946
0.0
31.3177269946
29.325565995
16.0013239972
42.5952669927
71.8924349876
16.3304289972
151.159193974
7.38703599871
540.152962907
85.4467749852
6.79231699884
52.681481991
132.527126977
2.05117299965
393.541883932
277.461232952
56.1330569903
112.116398981
67.6342169884
97.4304569831
109.500147981
0.968481999832
10.0513339983
58.10324299
210.213987964
13.5591919977
7.52147299871
0.696246999879
21.2525799963
6.69058999885
14.6476799975
0.711736999878
1698.61452571
437.648800924
47.5207039918
9.26197699839
279.928986952
506.749336913
0.960535999833
49.8511979914
687.873233882
1.13163099981
194.482593966
40.4144009931
119.694102979
364.627520937
3.68182399937
9.04702699843
17.505956997
29.082188995
35.6594379938
45.7178909921
0.0
0.0
0.0
13.5050739977
145.293813975
4.6585589992
1.29861099978
0.0
23.495308996
0.158410999973
681.327793883
124.506469979
58.23845099
371.370515936
377.164132935
4.51823799923
12.8077329978
39.1708139933
87.689085985
61.2700889894
10.9122119981
687.900842882
0.0
14.6293919975
10.8671639981
2.82129399952
11.0517329981
0.0
545.091157906
20.7132839965
0.0
230.52285996
6.53589699888
31.3388249946
0.0
4.51994699922
4.12286099929
26.1266579955
82.234429986
4.53398199922
138.510427976
59.4954509897
3.58464699938
10.5191289982
5.48378599905
0.737752999875
1.97588999966
1.99029699966
504.794618913
157.125648973
194.392545967
110.136067981
54.2243219907
0.0
42.3134689927
134.284354977
395.492560932
28.7053479951
3.24331399944
13.9612779976
10.5794579982
216.798177963
13.4158859977
20.3919959965
62.0082729893
0.651836999888
227.945952961
28.5315209951
7.54790499871
5.30824899907
5.70463499901
477.976933918
18.5539629968
390.098814933
40.9000259929
24.7418589957
9.19912499842
274.949448953
113.58615698
2.39947499959
59.4709569898
406.22744893
0.0
15.7872089973
16.7658489971
233.33126896
331.639572943
10.9280739981
1.39288299976
466.99801192
13.5250919977
6.56221799889
70.8230219879
323.499456944
12.9679679978
0.493054999917
34.791598994
3.77606499935
37.7636949935
422.336946927
93.037854984
297.382356949
86.857410985
0.0
602.622995896
0.0
36.5030259937
18.4354279968
8.62871699851
191.299889967
4.58984799921
991.253516829
7.83238699866
610.505215895
224.073604962
81.660414986
33.2707789943
3.80277799935
190.395356967
167.491801971
571.548999902
140.039373976
18.6935309968
365.393876937
51.3505669912
12.6216069978
140.252437976
243.800824958
543.004406907
33.4681689942
0.0
22.0336959962
2.44348399958
3.69344399936
2.16336999963
241.433026958
448.898727923
0.0
30.7579449947
7.85857599863
15.6327989973
2.94624199949
60.3403699896
17.317049997
293.79573495
14.0924749976
1131.41165881
31.0006039947
25.3893479956
20.9776689964
0.0
6.29055599892
0.195987999966
18.4314679968
359.099996938
20.8346249964
1499.49487274
84.0870119855
878.219153849
1.7772369997
235.55189896
17.665423997
459.355013921
47.1101059919
8.6030929985
25.7160019956
657.044665887
129.429545978
385.468672934
11.347280998
462.62799392
125.554596978
1.1656629998
144.673071975
0.229735999961
322.816366944
0.0
176.36914597
35.061834994
33.1926179943
11.1595429981
2.48252599957
198.780732966
7.34664699872
2.94210599949
30.4075669948
696.09930288
117.34878898
56.7055839903
96.6145689834
195.769883966
459.564393921
111.966069981
369.356715937
2262.08182561
145.201353975
1.10195999981
349.09039494
0.373373999936
364.637453937
55.0202969906
1199.75620779
195.824325966
30.3324159948
25.0740629957
109.000778981
16.8954999971
313.464240946
2.40945299959
77.5881599867
3.71987399936
3.10010699947
7.82273199867
32.1834529945
0.62996499989
9.2751689984
6.06198799896
12.3648269979
7.81706099866
805.943756861
232.10633996
347.93879894
78.3439329865
4.00450799931
9.47320999835
30.8745409947
0.304522999948
0.399570999931
156.321721973
180.585480969
0.376680999935
2.51957799957
3.69632099936
0.0
22.6869819961
120.091109979
90.6766709844
36.4586479937
4.36390499925
68.0094249883
6.78260699882
639.57439889
550.335043905
697.73457388
792.205017863
388.325378933
843.695624855
571.266609901
895.129937846
994.360679829
3300.62313243
6.94760899881
24.9684699957
166.463344971
10.8771179981
148.676446975
2.74432699953
124.582564979
2.23507799962
54.7400059906
4.44206499925
56.7692189902
994.974676829
2838.85657951
14.8251559975
317.869874945
0.0
238.170262959
10.3488309982
0.181714999969
1.64811699972
12.3285179979
192.934731967
48.8387559916
30.2822139948
289.32415895
42.3357379927
288.16794295
431.302252926
15.0008719974
33.8087249942
0.0
7.84697499864
159.174353973
13.5659989977
46.297152992
59.2398159898
41.2104049929
349.90702794
532.537687908
164.899093972
21.3625759963
1058.99923782
76.7953459868
4.70802999919
50.0880469914
2.60508799955
105.357943982
130.890927978
6.16229999895
97.8015839831
168.219008971
23.7326389959
21.2202139964
12.8861069978
9.48807299836
7.46046599871
525.619628909
34.7442989941
3.59107999938
255.120555956
0.125064999978
135.102733977
774.056182867
124.109830979
291.48036395
230.18538596
184.880653968
224.275294961
837.354114856
90.8243619844
0.418999999928
20.9704069964
149.031770974
502.462239914
8.39251599856
9.50366399838
40.0564289931
7.24798599874
607.048444895
476.927687918
41.6088069928
7.72920999867
415.739402928
19.7875349966
8.78497199849
16.2481719972
12.3404869979
8.62764499853
3.66949699937
131.199675977
28.4142299951
1.1806469998
353.570085939
49.5129589915
91.7195829842
23.338456996
530.711184909
80.1599969863
2.3605569996
666.067381886
0.0
3.76182299935
7.76903999867
303.990390948
314.169162946
0.0
425.675532927
50.3482479913
442.019349924
5.85853799899
293.49044195
14.3684539975
225.990408961
33.1913169943
190.727843967
698.73953188
555.726705904
60.8049539896
16.6285619971
4.44115099923
195.184412967
2.3216619996
533.999151908
2.69913899954
128.219112978
534.756767908
5.75592499901
11.9465729979
574.143914901
58.6385419899
9.90957499829
32.7963999944
683.627589883
383.041409934
0.916320999841
372.336306936
13.7977839977
926.468159841
568.392894902
730.011331874
54.3590279907
436.870362925
2.26649699961
10.0521749983
79.0641529865
35.7567349938
135.211738977
4.16751999928
27.0977529954
210.706457964
301.418006948
47.9455569918
341.158169941
0.442025999922
69.464052988
86.2713899852
245.773182958
83.8356549856
0.0
520.54483991
4.89621499916
631.734182892
10.2129229982
59.7409909897
105.340948982
74.3958749873
0.0
3.98453999932
1535.57827474
408.69358793
117.36044798
0.0
196.037587966
170.577016971
0.882786999849
1.35180299977
12.0951749979
14.3450129975
11.417550998
1.35180299977
1.55438599973
8.77011199849
57.4736819901
311.563648946
4.77145699919
605.351611896
527.940814909
147.277811975
438.177297925
471.997895919
9.73583499831
2.63090799955
59.3681819898
2.28458499961
0.0
0.0
7.78127599868
20.5967129965
3.75781699935
2.62060399955
65.1046109888
85.3055319852
30.7891279947
2.51925399957
64.3630669889
53.3934279908
5.2031779991
52.0546039911
23.446146996
4.50655399923
25.2090819957
268.576753954
11.3288699981
293.599463949
0.638130999891
16.2997109972
4.31681599927
174.68327697
11.669859998
29.207253995
589.325365899
0.0
3.45796499941
22.1144979962
47.9830489918
0.0
9.85621599832
141.656669976
22.4906049961
618.882004894
3.26460499944
61.6170479894
593.016972898
1067.86114082
90.8812779843
8.85504299846
11.830343998
0.188839999967
34.5282869941
3.29908799944
14.8646819975
124.401922978
14.1421269976
21.6860169963
39.8112429931
108.573693981
43.7309369925
13.9265839976
77.4754399867
49.3394339915
18.3023139969
82.9828269858
54.8910889906
50.7111219913
218.141345962
13.1403439977
13.3509259977
0.616378999894
4.13154499929
8.24426199859
11.460701998
39.3628909933
145.813870975
12.4212979979
93.103618984
51.0386119912
60.7819959895
464.97720392
1.1446209998
37.6131669935
391.531160933
236.544728959
95.4868239835
0.0
4.75372899918
4.82593099917
23.552471996
3.95884699932
93.6227459838
31.1327269947
170.257695971
0.0
886.398507848
43.4844229926
314.371461946
0.873801999851
68.7904559882
380.799692935
299.559796948
0.0
4.47137199923
13.1705489977
16.3346249972
3.33294999943
2.10407599964
29.9076779948
2.55692299956
0.28816299995
0.444191999923
0.0
7.66431199868
10.7238399981
37.6291189936
54.1690589907
0.0
0.0
56.1346339904
10.9169919981
4.27188799926
72.0616999876
10.1298779982
69.5834349881
1.56374899973
504.809620913
202.575079965
70.2412749879
397.870256932
4.5630429992
387.999578933
15.9909789973
0.317225999945
54.7659609906
290.75127095
95.0237499836
102.134564982
131.521268977
236.861953959
1.07260199981
56.8988949901
0.392576999932
1612.21963372
6.17186399892
735.067784874
524.12585991
41.6052639928
12.2787509979
445.324663923
6.82864999883
114.08895998
313.695099946
0.40523599993
21.0034609964
10.0580189983
17.157873997
501.815523914
69.8398009879
0.0
0.0
1211.66988279
8.25831299858
48.1922839917
3.72473099936
2.65445199954
148.354345974
57.84970999
533.108505908
96.0170199835
5.05402399914
23.088146996
30.2193479948
6.31685599891
282.496844951
8.1212469986
15.5437829973
250.768496957
260.952057955
180.101793969
1.06700399982
80.1143209862
0.0
6.20373499893
3.86365299934
5.83573399899
131.471343977
136.037921977
59.9342709897
1.05769399982
49.9094679914
0.0
1.32851299977
5.57384199904
251.700314957
2.87897099951
97.5166719832
5.27188099908
226.451558961
118.65549898
0.0931589999841
74.8737659871
25.2288539957
61.7611999894
0.165481999972
495.343018915
342.538012941
54.7104979906
17.1489469971
202.452081965
5.86668199899
119.03942498
7.25340699875
0.0
0.0
1039.04050382
10.7005449982
37.1765869936
268.937220954
23.245063996
1.77476399969
4.89720399915
20.8253509964
4.46094699923
185.379677968
49.5936739915
1.05936399982
46.1808329921
0.128197999978
16.8458579971
184.759759968
138.422670976
51.9828189911
42.2389669927
3.44188399941
380.785941934
70.9491319878
507.942548913
77.1119969868
0.0
14.3516089975
62.5637899893
104.146614982
5.18322299913
3.24331399944
21.1178049964
0.760439999868
120.842781979
1.35403299977
171.67264397
49.7888069914
18.1840639969
7.44173099872
519.515376911
0.0
708.143094878
481.346574917
1181.6888688
8.64616899851
3.27332499944
60.4991049896
18.8609459968
48.1897459917
173.70684997
299.877528948
1.41693599976
412.878856929
0.269116999954
31.1044669947
79.0617289864
64.4130799891
6.12331699894
198.698130966
981.582161831
61.5912519894
49.0987859915
14.2812309975
10.5012679982
143.377096975
1.43858799975
624.550130893
30.2687799948
30.7548489947
68.3384209883
8.50119699854
29.9740799948
14.4033139975
559.624138904
6.03600199896
1.81628099969
22.7305929961
199.323835966
124.654063979
9.13661099844
0.451662999923
14.8934079974
204.561964965
151.667072974
30.9428489947
46.3336759922
0.582234999899
30.2437599948
6.60680699885
63.855929989
6.56774299887
27.2087159953
9.78551599832
1.52079099974
12.4665849979
0.719742999875
119.02263798
1.84010999968
144.154147975
49.4453259915
28.7483029951
4.1417449993
6.23914499893
5.50002699905
24.1991459959
211.215155964
22.4054519961
151.499276974
14.2456979975
31.8894019945
470.674457919
6.78677899882
94.0722979838
9.39037699839
0.844610999853
407.34361293
80.1969329862
367.265069937
13.1593839977
49.1833439915
4.27188799926
142.865713975
679.122143883
9.55447099836
44.4092689923
27.0015439954
22.3675299962
23.225470996
67.6527149884
195.433052967
14.0375069976
263.707022955
5.08583799913
0.0
4.93808599913
35.8786129938
3.5120219994
3.05449199948
0.806584999862
20.4693419965
2.3193119996
32.3544199944
2.37282099959
2.57029099956
3.88265099933
321.792445945
60.3904349896
31.9258599945
239.069304959
1120.41334881
156.078849973
142.951910975
12.0134649979
11.1745429981
15.2581149974
463.33503392
128.448178978
367.593652937
311.529018946
684.918538883
15.9140939973
4.32013299926
527.264320909
609.028049896
34.3455659941
10.3926229982
51.2746699912
2.41987399958
15.8286159973
6.34129999891
0.0
0.0
65.0820249888
177.755218969
144.323289975
327.293616944
43.6963349925
17.0735479971
478.889490918
1.01659699982
1.47481399974
13.7126199977
13.0806969978
69.488989988
9.72576299832
707.590204878
625.627067892
1788.34120569
18.1249719969
508.061793913
49.2833929915
58.14603399
23.276271996
330.167737943
174.54885797
80.2713729862
25.7133219956
7.17948699877
2.51209699957
0.802818999863
13.4138489977
8.29104599857
3.04424399948
1879.86805268
22.4216039961
86.211067985
2.11011599964
299.816927949
70.785083988
3.40064199942
106.424271982
349.01606194
6.21418699894
592.104403898
455.035745922
266.299619954
25.5635869956
0.190883999967
53.7586179907
2.13434199963
7.90341799863
3.89601699933
1256.05893678
27.3474959953
245.705398958
0.462317999921
14.8827089974
207.666347964
146.727203975
3.23045199944
10.8024529981
146.208337975
4.56031099921
92.7519959841
9.96816499829
111.170396981
0.0
59.5059819897
184.380208968
9.41381099836
211.658130964
11.9535879979
1225.24627579
249.281993957
495.554495915
6.06371999895
0.0
0.280966999952
15.5030159973
164.854336972
221.740326962
1.81857299969
35.8918959938
42.6882939927
0.0
118.84783698
331.694403943
57.7884479901
260.011248955
2.24722999961
101.540155983
1400.75476176
0.0
126.786719978
7.90402299864
69.2311569881
17.1306979971
1.10622199981
808.827125861
138.117167976
37.6875739935
147.789689974
9.34451999838
304.332932948
6.23315199893
71.2295989878
14.8072649975
16.2374389972
2694.99485654
8.14902099858
7.88406099865
0.401949999931
5.906562999
6.4108129989
187.166294968
14.5925819975
3.67046599937
22.2465819962
0.0
3.85882099934
2.05745499965
2.79636899952
6.28925099892
85.2453279853
3.75346299935
71.1135869878
37.8300719935
5.89412599898
39.0201649933
14.0799309976
5.15673899911
4.7623169992
321.592552945
0.41651599993
162.073941972
45.3562779922
40.2443079931
7.77306799865
7.36617899873
817.70274586
299.636421948
222.282297962
0.0
174.82224997
1648.37915772
1.90321299967
143.458405975
87.395064985
502.271244913
26.8279039954
512.152687912
0.0
6.88968999881
449.125738923
8.92579999845
3.08303299947
13.1997199977
58.11629099
168.272469971
2.3004339996
5.47671199906
1.77953499969
0.0
476.979020918
95.9443259835
52.232663991
0.414600999929
21.7354219963
9.90186099829
4.17456599928
94.0038389838
990.44149383
60.0564019897
58.60935199
70.7160759878
29.9057949948
214.880070963
1.7248109997
0.808793999862
0.0
145.782726975
4.53398199922
7.66431199868
31.9978709945
4.60909199921
10.4645169982
381.696989934
108.820811981
58.29328799
509.827179912
66.3701949886
610.790651895
71.2244279878
69.2288849881
144.471035975
186.790639968
7.54687099868
7.42927799874
175.34742397
2.62470799955
140.841712976
28.5507119951
4.10856599929
13.4138489977
159.176329973
19.0513719967
7.5424129987
3.59887199938
31.0840419946
703.681021879
251.316480957
1.39321399976
1.43890199975
198.059019966
297.175639949
219.152875962
9.43681099837
21.1385869964
208.914405964
214.179255963
264.010396955
9.36693599838
0.195209999966
141.799554976
0.70079799988
5.56645799906
720.708993876
476.949780918
287.33753395
295.138149949
44.5009369923
2.94164399949
18.2696829969
2.12472699963
32.3027499944
20.2053309965
338.771585942
46.8149309919
0.499435999916
43.7899629924
14.1395639976
312.051115946
21.9454329962
37.2660619936
45.2498679921
3.62556099938
24.4864019958
5.26448399909
288.03138095
10.0751719983
62.0994079893
18.5142089968
837.520829856
249.984843957
56.2224509903
46.469314992
246.196826958
554.655876905
0.686373999882
5.56460499904
79.2869539864
6.30014299891
127.569018978
27.1462209953
29.8276699949
0.718234999875
732.802773874
12.9295499978
8.96911999844
11.645890998
136.325826976
7.96098699863
28.1998069951
14.5264049975
42.0469469928
401.784587931
4.5752819992
67.2073649884
12.9709679978
27.1421769954
64.6977689889
13.5569629977
15.5589709973
2.26006599961
0.0
279.688196952
30.0852659948
295.568112949
1440.89666275
440.295434924
10.9868829981
324.876170944
4.40511499924
425.895739927
13.0724869978
0.607218999896
298.038972949
298.458288949
159.289890973
3.56218099939
85.1713229853
438.079315925
463.06422792
422.743560927
496.494319914
147.679820974
397.310316932
107.048776982
317.628220945
262.874129955
1.91213599967
2.53946099956
2.3231609996
0.111921999981
289.30571695
10.7795049981
119.471797979
93.5554549839
918.212192842
0.498064999913
58.9427089899
6.9866519988
95.6027109836
132.194710977
216.717935963
7.28713499874
1.33396399977
23.640871996
173.07370497
500.623169914
0.0
6.28852599891
92.808255984
2.83963299951
119.543559979
19.1020029967
19.5928669966
8.29692399858
5.54911399905
36.1998339938
16.4180519972
102.305139982
3.29652499943
4.59923599921
24.1549439959
2.16837699963
1211.22428579
809.012931861
4.74980899918
14.3955369975
15.6123679973
123.088588979
135.354780977
112.139403981
66.4921819886
82.9909569857
15.0069169974
122.679934979
713.495778877
4.25434099927
4.25080599927
351.62454394
3.40542499941
13.7216549977
66.1100659886
91.3592589843
111.303061981
30.7518829947
264.923212954
13.5168809977
7.57519699869
11.1988279981
0.0
0.533959999906
0.982094999833
73.2146769874
1.56251999973
466.02238992
17.148461997
2.57724099955
51.0810249913
37.2645839936
126.455688978
0.328294999943
470.595170919
10.0769839983
76.8508429868
755.80317187
75.454082987
124.828311979
29.3554039949
9.08276399842
5.40118299907
381.988605934
1.7590019997
58.7631419899
4.30082099926
53.9346399907
279.909562952
31.3528779946
4.12429399929
64.1632989891
188.836057968
9.06331899845
35.092822994
0.140331999976
11.0152109981
2.09064399964
2.80202199952
0.816137999859
110.132590981
3.04875699948
4.52315999923
0.452682999922
1.99914899966
118.17308398
25.2018779957
0.0
109.929078981
58.9893169899
6.47244599889
3.70574199936
24.0302219959
15.5804719973
24.0708069959
63.1251769892
119.437000979
104.318562982
119.95552898
18.6637859968
2.19522299962
204.330020965
183.487584968
57.3795959901
0.0
52.9242049909
0.0366419999937
48.7183649915
11.503372998
421.282784928
258.314902956
26.5743529954
101.213515983
0.0
31.2280469946
218.374752962
13.2179259977
17.9085389969
241.515120959
138.046508976
69.4618049881
5.71219399903
82.1093389858
31.8685879945
628.095528892
45.3571549922
22.9436429961
138.642991976
2.02990499965
47.5848169918
129.842098978
173.94312897
166.612238971
181.114002969
37.3782109936
3.87398199933
53.0694249909
414.084906929
323.949279944
18.7565899968
35.106444994
235.027587959
1116.73809781
27.9699369952
11.741122998
27.1759969953
100.855936983
10.0328279983
1.60133299973
114.10648698
6.54344699889
2.87162099951
29.082188995
249.849598957
80.4838179861
0.0
180.160271969
2.71845499953
0.0
40.798896993
36.7741459937
458.964079921
632.424427891
29.325528995
2.82129399952
0.0
841.519552855
0.088064999985
6.59196199885
42.4897859927
0.0
79.9547999862
412.666226929
464.327320921
525.592539909
32.7651859944
3.43129299941
1.89698199967
124.533896978
708.847329878
10.9613719981
693.776541881
9.28232799839
187.529547968
61.4849279894
1.24796599979
33.0788789943
35.8855979938
124.794396979
2.93212599949
1.48029099974
158.237354973
56.6922849902
15.2370139974
7.79543499866
149.825494974
79.3355869864
23.030375996
68.4119719882
2.23734399962
1.02463499982
558.707551904
16.0163179973
1.57915999973
9.79796099831
431.426861926
5.40435699908
245.177743958
0.0
108.092104981
2.51961199957
0.239795999959
495.356206915
3.13854799946
106.636699982
63.2039979892
57.7466759901
4.99373599914
111.678710981
0.81265199986
1.1273369998
180.367312969
81.568339986
0.560181999904
8.6421349985
925.68199784
0.328655999944
69.2539259881
2.36469199959
12.3593539979
4.15543499929
36.1235179938
8.97401799847
477.281446918
4.75882899918
27.6986959952
707.236834878
152.264566974
7.24144899877
1.81023599969
0.489607999915
63.4684589891
0.570711999903
4.69961999919
0.0
4.58370199921
15.6752499973
22.5949539961
390.312158933
17.9939909969
3.73922599936
11.713246998
526.708905909
4.29345999926
403.755029931
4.50647899923
4.83239099918
188.188689968
25.8655159956
113.14401298
160.085580972
5.1172979991
15.4882229973
12.5100909978
174.22493497
687.347752882
104.012581982
134.564965977
421.597298927
0.0
0.0
38.5447919934
557.901074904
180.354582969
0.964669999832
384.702535934
0.0
16.4422629972
45.2202389922
1.1511909998
861.356469852
212.848089964
3.27390099944
377.418687935
319.603330945
394.739650932
60.8228029895
85.1033799854
78.7054649865
772.385599868
0.0
428.336685926
23.7656429959
546.276969906
146.166679975
63.3605809891
102.232609983
233.83345896
4.7555899992
11.0394859981
89.0419989847
32.2526249945
173.50809497
7.70087499867
13.5259299977
113.92689498
1.08916199981
0.0
395.441782932
96.8884339834
0.325040999944
223.838634962
20.5837329965
92.5789569841
8.37957599855
5.39161599907
48.2605669917
6.17983799894
96.0521079835
24.5703679958
140.030590976
37.6850379935
2.26649699961
10.2660409982
5.17413399911
43.1440339926
11.1484709981
0.198947999966
4.10204799929
15.3580229974
256.839837956
21.1838029964
208.727331964
28.974769995
1.98933299966
11.557902998
186.112590968
34.2986059941
13.1314019977
15.3772459974
433.280400925
16.6183879971
287.681497951
331.995943943
49.6021839915
11.2890479981
366.421954937
541.362286907
79.1960009864
253.780611956
0.0
469.600286919
15.4489999974
519.167419911
540.732475907
115.57841298
6.03101499896
1.98933299966
13.0504729978
15.9476199972
201.735937965
108.691111981
9.09380099843
2.43289899958
2.70345999953
24.0626739959
7.73901699867
189.142510967
573.520595902
356.994836939
155.834509973
301.647312948
251.806495957
0.0
54.9109039905
79.4812659863
436.516676925
54.0696139907
188.888291968
911.133424843
4.19240099928
33.6330779942
4.94894399915
134.054143977
40.3006219931
3.81248699934
83.5413769857
425.730327927
4.49088399923
165.348757971
12.5814249978
2.13701799963
199.667136966
0.0
415.060103929
83.6908259856
292.99410195
853.267906853
17.8829479969
0.411377999929
0.236753999959
0.0
1.7344219997
69.9600999879
273.687831953
147.060057975
14.9854569974
5.853109999
0.0
2.62910399955
1221.31964379
0.99425199983
381.487351934
722.379299876
22.6384369961
24.2132299958
12.9237409978
71.4905879877
0.0
37.1528059936
13.0246669978
30.3557239948
2.70976399953
629.955964892
28.976032995
366.789505937
3.90552399933
30.3115189948
12.8356219978
529.700168909
25.7129369956
0.553092999906
8.73367899851
161.259036972
58.42401999
21.5084249963
289.53573895
168.070075971
10.4265679982
273.977286953
497.790464914
1944.35606667
0.372651999936
4476.11987923
316.874062945
4.83217499917
6.70673099884
0.422478999926
0.0
167.345692971
86.0245779852
68.4430709883
0.0
49.8573809915
251.954891957
13.2295299977
96.5399369835
114.52130398
127.367823978
17.0011299971
244.542263958
23.1343199961
0.273862999953
5.00112299914
3.43429199941
21.5398869963
93.7069369839
1.83326399969
31.3031219946
64.2871949889
70.0814119879
248.632825957
22.5780259961
17.500101997
1.02820899982
63.4873059891
33.8644989942
59.4471799898
619.304742893
12.7902289978
18.7177429968
13.8810459976
16.7184549971
36.8990369937
11.672548998
0.0
0.109513999981
104.685505982
3.69632099936
136.950147976
4.11289799929
1740.9747777
374.078268936
48.1263289917
2.37282099959
0.615408999894
39.5332349932
65.9602769887
86.3067029851
16.6251509971
6.21392799895
6.93907899879
13.4277579977
108.965571981
19.2717619967
1.1458999998
274.745373953
21.9739169962
140.227481976
72.4330519876
25.8097549955
31.9776709945
0.387684999933
20.0276479966
501.461832914
12.4665849979
14.0316259976
7.15959199878
93.131625984
11.9894459979
39.4350969932
4.92789299915
644.447789889
137.447993976
154.219974973
188.646653967
107.344054981
70.9764829878
100.592073983
36.6954689937
16.9494179971
4.45725299922
111.663701981
9.70525699835
34.0698179942
61.7598089893
101.568731983
3.22431099945
388.054279933
18.6816669968
64.4527219889
458.479858921
6.72227699884
0.356516999939
41.102876993
12.8643499978
26.9021489954
331.196110943
412.005094929
9.07106099844
546.466403906
431.352111926
641.391128889
1081.67438881
273.859552953
0.0
18.4903069968
494.340319915
55.3237749905
0.772625999866
1427.39833575
0.618410999892
1132.54169381
38.6528759934
0.866842999853
3.18602999945
0.213819999963
8.24538599857
3.61394699938
223.139084962
602.671665896
775.302919867
2.06173499964
5.50804499907
311.622230946
118.40490298
791.603033864
60.3852189897
164.686803972
133.323908977
0.878574999849
243.025275958
10.5161529982
176.54217597
402.230202931
42.0553849927
6.96110599879
0.502006999913
178.130282969
10.5790479982
4.74985299918
0.0
0.461364999921
18.8972649968
3.04750499947
3.68359199937
204.731335965
31.7766029945
27.0236769954
6.81564799882
15.2344689974
226.626744961
106.391791982
6.3684479989
0.735908999874
39.7623309931
243.837044958
1.1360809998
9.2931259984
24.5518469958
7.88518199866
4.68544199919
2.63508399955
58.9367899899
72.1275349877
87.1142199851
3.60092399938
55.1054939905
11.834952998
4.66268799921
5.66656499902
3.24858899944
0.0
469.246716919
177.27150297
71.6572819875
197.086739966
1077.26248081
4.7623169992
605.130041896
2.81911699952
104.695957982
411.510086929
317.435156945
92.4534979841
0.798673999862
123.209673979
80.2963129862
0.469096999921
159.258154973
91.3739629843
0.947598999835
4.0517879993
29.066711995
16.6797869971
1.2033939998
116.33275198
0.902444999845
2.10237699964
69.714353988
209.301014964
40.686267993
17.210465997
91.4946809843
205.461889965
91.8459429842
194.308710967
1747.0425077
12.7090739978
5.24002399909
60.6204439896
79.1408069863
499.207489914
845.892300854
769.840116867
566.726310903
20.2934429965
8.45748999855
96.0995629835
227.112370961
163.595007972
119.366006979
612.752082894
5.54636099904
0.559210999902
0.0
57.91733299
56.5779199903
1.58183499973
20.1716259965
16.3994399972
452.626487922
148.438762974
55.3888829904
160.419192972
354.486301939
131.340168977
0.0
383.937038934
22.2763269962
225.839745961
3.80660899934
1573.22419273
340.727694942
0.0
616.061377894
622.875180893
20.2498869965
2.19379999962
5.30547999909
8.23566299857
10.5533159982
54.9836059906
197.366012966
7.11387999878
17.7742539969
13.5148289977
7.66033099868
268.941570954
35.2513029939
22.0744109962
148.377943974
17.8046209969
16.2374389972
22.3336159961
21.8143359962
45.9002919921
31.1354699947
9.95393099829
82.7951169858
0.87571499985
262.311863955
7.74383399867
25.4745999956
14.5088889975
14.6371829975
7.68543499868
4.66785599919
20.0958479965
7.25968999875
43.7428909925
7.98407399863
144.903346975
6.43468999889
31.7927369945
9.46741799838
286.936779951
341.810155941
855.388386853
14.9213919975
439.335244924
177.367630969
86.1661639852
111.671985981
165.887464972
29.6725909949
376.366397935
229.77180696
0.0
26.4022799954
1.98745499966
1.07751199982
13.8131919977
107.279843982
149.711295974
169.102676971
0.360286999938
76.5715179869
91.8630389842
140.522102976
7.21568299875
653.881571887
5.90101099899
616.171756894
10.2194019983
2.09113099964
133.223967977
109.031635981
378.248439935
583.7034349
1771.3931597
2148.77409963
57.5051239901
5.78063499899
62.5404219894
528.090892909
153.502210974
14.0799309976
73.7643359874
3.12434199946
205.309214965
4.27547099926
494.904473915
548.486136906
51.8725239911
0.273862999953
1.10892399981
18.1830189969
7.04403099879
72.5470189875
8.34192999857
312.429296946
97.5175039832
20.2457579965
40.1445929931
1.39418199976
21.5233179963
23.9578019958
182.339348969
10.4369829982
1.55488099973
413.148732929
123.872319979
55.9812709904
175.14552397
3.94272699932
665.507522886
65.0681539888
12.8190379978
0.92488099984
23.9343189959
71.3116849877
688.083487882
10.3588839982
74.2450959872
27.4516239953
3.19434399945
157.441333973
5.59332399904
7.20508399876
302.232293948
38.0733209935
225.746046961
445.720011923
23.052161996
4.44206499925
1.48752499974
0.0
173.63255497
68.4409959882
10.8372359981
6.94436099882
36.0749979938
471.023070919
113.371440981
1.83049299969
6.75122999884
334.480447942
713.390474878
12.5055949979
4.6511779992
81.9475799859
939.028359838
24.5718099958
4.38898599925
6.12864999893
11.706502998
7.08378399878
2169.20262463
41.0190399929
10.6677779982
149.392246974
608.418328895
39.2340169933
38.0650019935
7.12903899877
25.6399519956
131.689187977
15.3213419974
115.74925798
1.41074099976
605.367951896
8.63230099851
47.8178439918
0.0
349.88875694
904.379411845
631.636924892
0.257304999956
0.0
13.9895539976
3.60909299938
0.34969699994
30.5371879947
436.175666925
1058.96565082
2.02390399965
631.260044892
143.507550975
47.9206309917
118.52628698
435.451674925
416.673670928
0.0
47.2769879919
31.2999439946
11.0150179981
0.0
85.2995149854
31.0648849947
0.0
239.879415959
4.58365199921
116.96855198
50.7200479913
68.3689479882
6.69369599885
121.368594979
46.147405992
2.81954299952
534.597135908
605.149259896
9.51176199839
1.56017899973
70.3599419879
501.808370914
117.20947198
485.565594916
122.030087979
311.726100946
65.5859469887
148.184962975
84.5832939855
523.82575791
289.03193495
44.4022349924
227.709738961
34.914264994
104.187299982
63.1954489892
110.422827981
657.423199887
43.3473689925
63.961083989
96.4015639834
302.305720948
187.662271968
134.113406977
84.7161589855
8.58445899851
0.69570599988
274.708515953
166.549783971
0.875817999847
119.31054298
29.8515869948
4.21761599927
7.73084499867
57.78465099
41.6484579928
628.773625892
75.5136909871
56.2574659903
29.213772995
65.2747399888
384.474154934
21.4591199963
38.2953569934
4.99636699913
403.36362993
9.72377299831
489.534044916
51.7154539911
90.9317369844
9.2710789984
18.2590849969
34.847276994
8.25988899858
102.980544982
124.505821979
5.10752499912
18.8899329968
100.332021983
2.26384299961
52.7188879909
238.090625959
0.0
268.912882954
316.220744946
31.8839899945
556.442330904
50.9517489913
86.6703719851
57.5873759901
136.552785977
3.84131199934
318.857385945
337.162844942
7.40531099874
1.30708999978
29.205044995
34.6515209941
0.0
32.0301849945
25.4026839956
214.859026963
65.2322319888
164.357321972
557.485429904
318.711923945
4.68498999918
391.800691933
0.731660999873
0.711337999876
257.904114956
2.36408099959
3.43166599941
0.149655999974
673.926180884
9.28874899838
1.87325399968
13.3851169977
2.08533199964
49.5610999915
0.689665999881
51.7852289911
10.5259669982
327.919003944
0.751924999872
2.38271999959
2.05347399965
3.90771599932
31.4487789946
68.6871419882
0.553484999904
154.117298973
286.861638951
97.2123559833
36.1248179938
57.4125439902
152.197493974
98.1976049831
747.693989872
53.1435479909
7.18193399875
21.4826029963
27.3923149953
379.921781935
43.2123659926
0.495019999916
1.25214499978
13.1593839977
82.3320759858
23.6965949959
89.7595959847
56.4691029903
82.4997739856
30.6914739947
40.688617993
30.7916209947
158.091017973
15.6859089973
37.5947999935
99.6091359828
72.4505579875
68.9329629881
45.2195289922
6.49795899887
513.545678912
0.332189999943
0.0
85.8302889852
0.0
160.712070972
69.5420969881
142.166562976
83.3953449856
629.565697892
601.012631897
7.27891599875
30.3335469948
526.48180691
0.0
51.4109819912
327.784170944
0.836720999856
35.8040419938
10.5797879982
0.399570999931
2.56527599956
49.7916249914
3.26460499944
0.0
0.912586999843
29.7894839949
46.8025359919
530.450767909
20.4556269964
2.27995599961
1191.7703888
0.0
11.571639998
10.2999299982
2.85948399951
16.7289499971
734.156171874
4.52076699921
106.196983982
28.950074995
220.886870962
627.946131892
50.1785519913
36.0746389938
58.4205229899
0.369044999937
281.246806952
228.196361961
280.536358952
30.3007489948
0.0
42.6944349927
5.78523799902
0.0
284.540331951
109.600042981
4.61486399919
2.86427299951
32.0671179945
7.93689599862
4.12559699929
678.866990883
25.4160779956
165.803830971
62.1814239893
136.569556977
292.93958195
62.4544519892
2.97623799949
11.9644309979
41.3675739929
0.362311999938
164.833204972
6.21812799894
12.4959879978
2836.48441651
0.46425499992
9.37099199839
63.641909989
13.9422599976
3.30181899943
31.2782139946
0.0
14.1703779976
151.592781974
118.39749798
166.853029971
123.743596979
32.5104549944
13.6293539976
205.744298965
3.14644399946
625.457155892
151.607562974
4.5752819992
12.6784349978
89.5926359847
109.967455981
124.370421979
69.4540569881
119.905028979
3.69116499937
23.505633996
502.705664914
99.6971319829
12.9185649978
720.418428876
815.48883486
694.79270288
0.591854999899
0.467233999919
4.98129099914
0.197705999966
47.3103349919
96.0709179835
7.41116599873
96.4161889834
1348.56633677
324.565806944
27.8559349952
124.656160978
3.00448699948
30.3723509948
14.3841229975
4.19671199929
3.09000599947
29.064797995
69.5789309881
88.8103319847
14.7409629975
161.270128972
200.120921966
79.0429229864
7.93134999864
86.7674859851
26.5365169955
0.0
278.388124952
404.254624931
3.75693899935
4.27069899926
15.8538699973
7.34996099872
1042.17453582
206.902306964
50.9373709912
6.09466699897
183.716233968
0.0
6.71640899883
52.535367991
3.67497399937
196.844075966
38.2553799934
607.666792895
2.79818899952
0.0
142.834293975
69.8725219882
79.7722599862
1.38195299976
66.3494059886
68.1449949883
11.711797998
9.46678899839
12.8072709978
5.82682699902
31.4503089946
298.431533949
3.19802899945
52.8386409909
10.2299449983
0.0
283.991952951
0.0963589999835
285.358274951
90.5868919844
4.58165399921
91.7371999844
2.55066699956
23.046020996
30.9644199947
752.104306871
108.053116981
56.5285489903
493.718933915
81.0372199861
32.1563149945
321.572242945
40.2264129931
18.6603669968
1792.78813669
444.544763924
11.764105998
2.21268999962
472.280772919
252.361314957
18.8499929967
14.6426069975
12.8578979978
2.54961899956
610.608567895
51.2443809912
594.482076898
65.4808609887
14.7857609975
3.25086399944
246.902853957
577.565313901
2.11142399964
2.15349699963
2963.28384049
329.506208943
136.586267977
0.365984999937
48.1597529915
0.342215999941
461.402531921
117.47750998
33.2821169943
81.7887589859
4.6752479992
76.2186349869
154.186494973
31.8946549945
1.05444399982
86.6018189851
1.7665679997
1018.34938083
32.4106619944
661.973542886
0.650253999886
36.0908129938
366.506787937
88.5036259848
637.03276789
0.825159999857
223.833394961
41.3815189929
6.90773199881
78.1373589864
53.8645229907
316.389898946
309.136143947
0.631367999889
46.7722389919
5.15259899913
49.5306079915
0.0
1.99167199966
76.5675629868
6.37047599889
232.10466796
46.0549669921
1.11533799981
39.2454939932
4.1991709993
4.23526299929
144.186254975
0.0
45.2758739922
25.3098899956
45.3411599922
2.64610499955
1487.95792074
528.638424909
21.4845809963
3.98511299931
140.222106976
54.6006309906
348.18902694
6.44639399889
107.472784981
2.10548499964
0.34964099994
2.04262999965
5.99484799895
263.377088954
61.8904809893
15.4202559974
43.7920129925
55.1944499905
31.6121439946
123.138445979
0.0
35.7786189938
43.8169819925
1.87586899968
5.65126499901
602.261383896
0.0
807.288103861
343.848072941
349.11463994
49.5064959915
485.835555916
4.55020999922
18.6615449968
7.51148399869
451.449286923
330.348652943
45.7803349921
0.559308999902
505.671268913
1.29467299978
32.5987499944
67.6780099883
6.4126249989
61.5603799894
18.5729809968
244.308799958
0.337318999942
166.185358971
45.9872899921
73.9729569872
4.14773499929
76.9127889868
13.2496129977
26.6816409954
218.522553962
80.5303819862
84.1409599856
12.6180179978
2.17792399963
58.8980819899
0.951354999838
0.0
229.058072961
5.17313999911
10.8307579981
25.8843959955
726.508205875
34.2757919941
11.764105998
164.352794972
896.816461846
10.1236339983
345.845042941
1.94692199966
0.0
7.22290899875
5.2254399991
10.7552149982
74.3419129872
0.0431779999926
66.0285609887
0.0
263.777152955
1.1534889998
269.910822953
606.663945896
3932.06364332
28.5931609951
536.117179907
30.1436619948
19.6934289966
6.80410899883
0.773167999867
71.6279649876
506.385543913
545.716306906
374.582808936
998.073773828
4.11055899929
18.9750489968
81.8741759859
52.8783019909
33.2842759943
109.674751981
7.75145399867
12.4852309979
24.1751279959
97.8584169832
17.223673997
26.7585399954
79.9556859862
5.59229699903
14.3816069975
0.0
29.6671839949
6.68338999886
145.225944975
190.554888967
4.81388299917
3.69991899936
4.61731199919
19.1138049967
69.0803589881
130.160107978
35.5705229939
49.7062909915
0.526373999911
40.733344993
63.2209789891
887.235482847
4.17687699929
682.411456883
13.6545339976
0.0
34.6093869941
78.6293329865
0.518881999911
0.759371999868
263.560080955
64.201684989
42.3042569927
13.4148009977
8.72922899852
18.0502729969
148.152100975
48.1337719917
170.247667971
136.055354977
134.520264977
43.8685569924
1.38644199976
64.8208279889
198.676285966
20.2270549965
39.9426149932
265.056866955
3.19434399945
55.3373249904
0.214851999963
8.18535099859
30.1847939948
5.64305099904
138.709604976
0.0
6.56696799887
2.99048099948
5.28607399908
3.83398399934
3.22087699945
1.20677599979
110.318504981
5.2039109991
0.757983999869
39.3312169932
141.372272976
1081.54703181
1.84811799968
80.6783249861
29.7152269949
0.29249099995
37.9306539935
4.70951099919
637.07320589
40.615156993
389.148380933
30.8081089947
61.3997779894
313.470406946
130.234253978
58.08684399
75.1689629871
113.55071498
1.05564799982
0.338758999942
96.3347049834
227.482141961
147.856464975
71.2217789877
0.41042199993
16.2473279972
570.930814902
720.645801876
878.610764849
0.0
91.4674499843
46.0514249921
32.6710789944
33.4164809943
33.6582979942
0.0
41.3484169929
323.124631944
9.31621699839
3.63299799937
108.198725981
108.936958981
216.200497963
4.10400199929
11.592762998
28.0983339952
10.3209669982
17.848131997
3.26460499944
11.476891998
0.646499999888
382.611401934
357.654908939
14.4526399975
14.8130229975
95.6063259836
2.88225999951
0.0
1050.07288582
21.1201069964
3.33385499943
0.75637699987
26.9378799954
33.4456949943
153.182024974
27.2231299953
0.276254999953
1935.61767967
5.64814499902
29.212639995
40.928225993
136.531341977
9.94357999829
10.6493529982
3.16847099946
0.0
238.392127959
1.71629799971
12.9207539978
213.402222963
13.1701879978
6.16525199894
173.34261797
42.7502809926
0.0
265.183625954
1.7223489997
0.0
609.784986895
0.681935999883
33.8210669942
16.2203399972
37.3289509936
32.0991269945
34.4517169941
58.61863099
122.766462979
5.84958799899
1559.62833973
435.894107925
13.1357009977
0.40687999993
0.0
0.901837999846
207.277488964
77.2329999866
0.940368999839
133.838976977
474.685155918
4.10932199929
12.023300998
49.3213069915
176.10419097
22.8135689961
3.05926199947
6.05730699896
266.632578954
1.94823099967
0.0
88.6691179847
76.1210039869
16.3319609972
27.5395529953
28.7703179951
163.831440972
227.173665961
5.64118399903
57.7242149901
0.617653999893
262.268386955
8.18351199859
414.688713929
9.17148399842
14.2758489975
0.160039999973
51.7162529911
0.0
43.1437259925
216.270431963
20.0534479965
0.0
0.0
3.44051899941
12.3539359979
50.1817929914
46.8490119919
48.7839459916
7.03079599879
70.2643049879
216.752948963
247.339973957
0.840454999854
0.0
140.939366976
523.35360891
178.741136969
87.6365969849
390.214644933
0.0
24.2364499958
126.357969978
133.436942977
0.0
3.59064499938
57.1867159902
4.0803559993
13.2910459977
0.0
106.701371982
2.15800499963
27.3645469953
4.89018799916
25.7938129956
89.0946839845
17.569783997
7.26717799874
590.352572899
13.3601649977
63.0375179891
79.7571089862
511.207714912
252.318455956
22.8177009961
538.576405907
996.700867829
6.86089099882
0.429157999924
2.55172299956
299.346523949
23.580246996
0.0
13.6920929977
334.094921943
3.74348599935
24.9104369957
4.15987199928
346.785090941
5.48865099906
179.075164969
66.2863459886
235.607545959
8.43166099857
213.174860963
313.060892946
26.9478849953
1338.10386877
4.61486399919
1.7460149997
29.184028995
30.3702009948
74.4315809872
43.1675149926
529.392579909
580.1078499
1.61462399972
133.067684977
0.737089999875
34.588660994
14.1733459976
2.29529799961
31.2184059946
1.04460599982
174.64393497
22.7323439961
1.12205799981
0.402018999931
255.551775956
24.2606759958
4.17191599926
1.79687599969
662.127172886
26.9366299954
39.4177869932
108.100378981
572.194355901
0.440846999923
95.9841599835
70.1003319879
6.27779999893
61.7678989892
4.0881869993
3.68553999937
883.436049848
13.5130779977
30.9480979947
3.16511899946
0.51375799991
98.5791549831
13.6550869976
5.29499599907
59.3227809898
2.80305099952
8.87508799847
27.2100499953
3.73189499936
11.817333998
105.828805982
216.273459963
1.27248799978
233.92389096
3.56223699939
575.614553901
38.5696799934
14.6293919975
0.0
31.5072849946
25.4355629956
25.6645149956
15.1224999974
509.943333912
31.8184549945
435.808935925
730.562068874
32.2316829945
30.1485729948
154.873100973
40.4540569931
666.885957885
68.6449439882
2.22399799962
36.7342309937
358.780619938
189.532051967
20.2358759965
8.85116899848
83.5725379857
174.27505297
75.1883389869
1.43781099975
2.95133499949
0.881731999847
22.8294529961
5.00541899916
4.62766499921
16.8946429971
34.4361549941
1434.08581775
6.14434199894
331.222258943
235.647171959
1.24659299979
0.180469999969
14.7792679974
281.238944952
4.7555899992
118.47151698
226.064776961
0.500551999915
111.020783981
9.34575899841
206.190181965
13.2330349977
2.72109599953
53.8833609907
15.3782269973
43.3846629925
203.218324965
65.3459099888
110.615146981
1.02658399982
3.15235199946
15.9608439973
81.7120199859
1.61817899972
82.9021269857
1.96150699966
9.99160999829
89.7290349845
0.23108599996
44.4207579924
35.6573119939
183.493731969
2.99397399948
289.14252895
255.754646956
1.94186899967
11.2971999981
28.819516995
7.08909199878
21.0321059964
653.834672888
35.4022519939
1361.35877777
3.59107999938
9.78093599831
1.98652199966
14.1828279976
82.0857139858
1042.74328882
5.35951799906
204.701717965
86.7732089851
1228.28023979
456.996285921
0.0
0.0
50.2616179914
31.6594459946
1.40450199976
0.0
4.0548429993
104.955171982
25.3568139956
0.702280999879
4.39792699924
518.516605911
7.5165459987
0.23532399996
61.6713649893
101.426310983
0.714480999877
47.0471099919
88.2012339849
354.349321939
15.3229139974
2.95893299949
15.0665919974
51.6199219911
56.4620529902
168.675000971
56.8995259902
19.1031369967
43.7710899924
317.038357945
6.10758399895
71.0389519876
246.579474957
2.03488399965
208.588003964
552.083661905
121.590360979
200.578311966
5.82502599899
11.553170998
225.248935961
114.87193698
69.5924329879
8.20318599861
2.60942299955
3.4692759994
56.8984129902
380.338999935
34.788159994
21.9048949962
211.943296964
153.704135974
32.0692979945
516.710911911
301.679318948
8.34074099858
3.71542899936
579.254583901
2.13896399963
5.85435899899
82.4500479858
658.996470886
1.08343999981
30.0048619948
0.699508999878
50.4339209913
370.916930936
28.7141649951
42.0754829928
132.935593977
47.6798939918
392.868929933
4.51698499923
4.88905799916
2.00083899965
28.7708249951
3.74582299936
4.7555899992
148.000658975
139.036047976
8.7104849985
243.218059958
0.279442999952
479.769063918
366.971867937
0.836682999856
556.929451904
257.105942956
166.773844971
3.54247699939
40.963723993
30.3156719948
26.9667639954
176.86554797
8.19912099859
37.6947739935
40.0146789932
0.0
5.41346999907
19.8343039966
47.0252029919
7.06254499878
29.9711319948
5.38429399908
516.740678911
21.1456359964
15.6470899973
49.3148349915
25.8114489956
35.7603709939
1.04795099982
0.374397999936
9.99081899828
141.725870976
33.7449959942
94.2152569838
5.47545199907
5.68771899902
484.758857917
10.3761249982
3.35088899942
1.36673699976
0.928197999841
3.97472699932
18.1657839969
3.02493199948
128.955516978
20.2989499965
1400.92088976
510.533790912
5.37021299907
2.39002299959
877.576005849
613.349145895
31.7184959946
21.3092659963
305.453614947
1.54501499973
5.65409699903
852.858995853
31.6691029945
33.9995949941
557.675282904
630.319627891
1054.76532182
0.916238999842
4.6552979992
16.7415709971
38.6041099934
1.29617599978
11.3205059981
29.9165619948
448.525683923
218.221957962
152.235438974
6.86716699882
4.90618599916
1.57839499973
16.2750579972
117.35593998
163.934010972
16.3080719972
2.2998909996
3.08570099947
149.563866974
2.17852299963
10.1517809983
372.670562936
20.1771559965
20.7633739964
22.0204709962
23.427691996
7.5392419987
2229.26541962
141.778030976
98.5306539829
78.7693359864
81.742095986
277.724430952
15.7421869973
0.750792999869
479.562287918
0.0
111.778063981
283.854300951
345.569085941
202.966043965
55.5243539905
0.0
31.0401099946
37.3770269936
1.00432999983
6.01381299897
19.7496639966
7.43241999872
307.947707947
0.0
478.588526918
9.14110799844
8.93593899846
56.2008309903
178.03373697
883.822468848
312.739337946
42.6621989927
132.831837977
42.7015839927
76.1899559869
304.796941948
91.3820019843
50.8154199913
2.04220399965
10.3939339982
76.6716669868
9.57893899833
58.28776499
11.0185359981
27.3588759953
1.20261199979
0.0
398.371876931
0.0
89.7114129845
109.998543981
8.7402499985
25.1860759957
584.4338859
7.33521399874
23.109598996
17.468414997
2.10701599964
51.6077459911
386.004959934
15.4574519973
14.2311139976
0.499908999914
72.5188049875
46.8741569919
247.279637958
86.0093269852
3.05462499948
10.7144909982
0.606404999894
815.51007986
344.641264941
1.1819829998
10.6900039982
1.12471699981
8.8092819985
8.2136169986
118.28514198
4.59472199922
9.3981069984
108.958089981
19.6099359966
17.8238789969
4.36572399924
1.68274599971
18.8103979968
212.730263963
0.0
0.627070999892
299.255714949
14.6632149975
12.8625119978
566.776988902
4.01333599931
144.582526975
35.4208989939
144.051695975
111.444340981
15.0535429974
5.04896799913
5.73430499901
616.070918894
29.9096959949
430.385028926
1333.59806377
10.3772069982
176.556332969
288.27641195
8.95017899846
14.0799309976
373.275363936
4.97899899915
0.0
29.7785579949
6.34373599891
24.6218419957
274.198864953
9.99040699827
180.375126969
109.924255981
299.156276949
35.4481799939
474.184593919
26.5774869954
128.975723978
727.055941875
13.8883829976
29.7847659949
141.792819976
16.8190109971
212.048338964
397.503368932
56.6105659903
51.4338179911
280.299728952
16.1665549972
3.40359899941
0.0
605.890421896
1.33039799977
0.0
157.186374973
14.5576279975
43.9290909924
0.0
1697.53503271
100.396992983
79.1455209864
1.33519799977
121.385963979
0.843592999856
55.9133789904
40.946531993
131.513560977
9.9015609983
3.4842199994
113.576742981
3.67212299937
19.0331719967
97.1116529833
7.68776199869
0.844202999854
20.8887749964
2.39664499959
19.1360809967
0.0
0.0
148.043691975
0.0
96.5358619833
359.176915939
33.7882909942
6.54370599887
35.2729079939
67.9926629883
41.8412939928
6.08720699895
14.1707969976
86.5907969851
51.2154049912
974.040153832
110.952920981
31.0708299947
28.797357995
47.2062279919
0.40854999993
494.956630915
237.147378959
41.1473419929
3.36509699942
0.0
2.73457299953
85.9957439852
14.5740669975
17.9832029969
74.6421719871
87.6240419849
306.147263947
42.1340729927
104.522714982
49.6019729915
4.33219399925
930.76799584
600.083358897
6.32220099891
25.8112559956
307.898661947
10.9610419981
29.7751089949
0.0
89.4630029846
25.1787889957
0.265093999954
9.64633899836
454.278107922
48.9453059916
782.200285865
4.29304799926
611.539876895
115.81921898
250.137975957
0.0
13.3791959977
114.10290498
93.9840859838
389.609902933
4.40899799923
1.99419099966
3.40453299941
78.2496529866
34.792158994
22.6695109961
6.49478799888
260.031715955
0.0
35.0895069939
214.473036963
8.1348749986
81.248329986
7.68092699867
36.1522169938
363.951932937
222.137819962
72.0164259876
14.3449719975
543.472974907
107.888485981
4.76789699918
0.0
151.518651974
29.161858995
45.0221209922
1.27460199978
12.6419239978
1.24046199979
0.296325999949
0.109513999981
4.37203299925
1197.08160579
174.87791097
6.16646399893
3.43129299941
54.4009829907
150.491736974
17.155255997
670.298640885
1.94652399967
1179.9563408
65.5290519887
13.7790059976
418.633935928
8.14587199859
31.1770269946
1.1432869998
111.951421981
309.052363947
54.9193049905
4.55858699921
74.5548979872
1.54593999973
2.06646399964
0.167836999971
1.80915899969
49.3461779915
53.2447859908
14.2560579976
14.7061079975
6.4985009989
1.11621199981
45.4989799921
510.645669912
3.21021399945
165.076341972
21.9817459962
68.0559729883
164.170136972
0.0
2.19993799962
409.18875093
164.038704972
47.6006599918
8.82131699848
12.2408859979
43.8958849925
3.27622899944
269.332760954
127.987656978
186.837516968
29.184533995
0.93973699984
132.741206977
204.999686965
30.1376069948
2.01300799965
13.1018249978
24.9062369957
5.02566399914
174.45093197
135.186588977
213.098110963
142.713143975
0.0
546.337158906
2.9083259995
101.837736982
4.87385099916
660.254684886
4.0517879993
9.3000239984
82.5365319858
34.638546994
106.177025982
3.92004399933
36.1789679938
1033.86008682
3.43469399941
352.223511939
432.516811925
13.4440689977
15.1681779974
18.5433349968
292.60892995
2.51222599957
8.83380899847
86.5630829851
10.8636799981
27.1841649953
176.40677297
104.347141982
13.8871139976
12.1800159979
2.13701799963
0.0
4.56691099921
309.877307947
155.804227973
209.341563964
159.066727972
471.116071919
68.4235899883
14.5476649975
178.693088969
6.64155199886
11.573783998
4.53012599922
70.0436029879
43.0190679926
1.85517599968
600.860935897
8.20886699859
95.6701449835
8.14026699859
5.799506999
0.257304999956
0.0
104.214728982
1.7329869997
1262.31629378
459.937819921
111.440947981
96.4249539834
1487.40888674
48.4577899917
673.859479884
97.4110189832
167.517464971
55.7885429904
26.2707029955
0.838286999857
1.43452899975
7.63764899868
0.906734999846
391.190770933
20.6834889965
2.10840599964
1.54127299974
135.945952977
123.125285979
401.300791931
4.76144599919
54.7747099906
15.0299089974
441.476633924
923.672818842
30.9681699947
16.9108599971
81.8304089859
249.263524957
0.0
9.88608599829
71.4291569877
0.0
41.8205749928
14.7281159975
260.018664955
75.9084669869
1.01380399982
97.8938709831
286.072717951
1091.87920881
210.132294964
0.688751999881
63.890540989
14.6598359975
41.3900969929
7.86903599865
441.267381924
576.780090901
131.172034978
5.50238399907
3.24152699944
135.314285977
14.1872099976
2.47783699957
107.296322982
64.2723509889
421.050879927
90.8228239844
127.247664978
6.10697199893
365.265455937
51.1282929912
3.64585599937
604.832121896
0.734496999874
221.469450962
17.559169997
1.62159199972
479.689079917
157.287382973
0.0
3.30181899943
40.242825993
395.612402932
0.0
4.75321499917
0.137596999976
187.646508968
9.61706199836
557.845665904
5.92781399898
2.35052699959
13.6545339976
463.13558192
88.1180309848
163.432699972
86.0020739852
128.812452978
449.358627923
478.709306918
54.3938769907
18.2584549969
29.035547995
13.8115609976
9.38213299837
442.179047924
159.463897973
17.364601997
0.0
19.9176619966
39.4462239932
98.978968983
17.735543997
3.62453599938
35.7487729938
82.6979389858
47.4920759918
3.62453599938
15.3636119974
0.0
5.24002399909
717.386554876
485.274731917
3.94950699932
240.120132959
152.716018974
157.940341973
6.80607499883
274.653652953
313.600581946
4.34923099925
17.9639039969
91.9798439842
377.796958935
85.1732879853
42.4377039927
24.9326899957
53.1931499908
2.00955399965
0.730900999874
9.68092499835
40.564751993
5.20271399911
372.079634936
3268.82874344
1198.78487579
698.35130288
120.185823979
131.921111977
76.1304049869
6.20545399895
1.21946099979
239.144207959
386.608385933
6.06869399896
787.297537864
265.383173954
483.750730916
2.53647999957
681.748553883
25.7851129956
7.86825499865
12.8871059978
11.536373998
0.617104999895
304.397173947
143.389419975
29.6534619949
3.91259099933
453.026223922
133.534012977
17.647543997
152.119592974
119.229276979
0.196417999966
1.80474499969
32.3315699945
11.754067998
347.56170594
0.0
30.9187779947
271.932324953
3758.48283935
134.693942977
416.743609928
515.394075912
119.921188979
14.4729779975
87.6199929849
81.9538019859
3.62971399938
13.5761299977
69.417624988
1.88065199968
49.9093399914
9.31800899839
10.2293939983
0.0
19.9027969966
0.943339999836
13.5253659977
574.516021901
197.827293966
31.4072009946
117.29960098
16.2533779972
7.79599999866
24.3535349958
104.551785982
120.525114979
3.35339599942
0.74912199987
83.7875159856
39.0073829933
68.4284699882
0.180589999969
9.55014799837
3.98036699932
41.4537449929
6.49427699888
142.934636975
42.9244299926
113.432515981
112.321757981
178.777423969
461.800924921
6.17265999894
27.5452649953
47.6855769918
0.0
1106.78397481
43.3328319925
198.839746966
216.757751963
15.4381739973
105.659358982
74.7977129872
8.39182399854
142.635184975
41.8117869928
236.606766959
288.77433095
10.9197499981
399.042131931
0.0
95.5163589836
1.48301499974
743.525363872
0.224023999961
497.259682914
594.109288898
10.4540719982
525.79994491
101.555090983
599.884078897
313.194427946
312.349904946
4.01761899931
23.6044169959
5.10775499912
14.9621459974
882.354147848
380.273623935
64.6387559889
22.6191729961
0.0
66.3892089886
331.396150943
105.775597982
0.869864999851
14.0714569976
13.8676609976
31.9978769945
2.80912399952
606.693032896
107.199632982
227.122420961
30.3827769948
9.43418199838
5.03714299913
2.00127699965
154.695350973
402.971329931
74.0359059872
29.285166995
19.5428789966
87.443798985
81.5924249859
85.9171199852
50.8794209912
127.684581978
4.71043899919
14.6100809975
549.158728906
0.790916999864
9.33166699841
6.15904899896
213.145839963
491.243267915
82.1778619858
131.119489977
1877.32901768
143.616458975
665.859308885
0.469588999919
104.951105982
71.2512319877
92.7569009841
42.9069919927
553.554514905
54.3194459907
17.8427799969
158.635198973
39.1917829932
373.239067936
453.728714922
117.53725398
398.572379932
443.338399924
183.217997968
32.9144749943
1224.27937679
0.835110999858
61.1773479895
247.847239957
998.129493828
130.326094978
244.318333958
260.535833955
350.86386594
6.38554099888
34.3047319941
11.505163998
136.213922977
124.655666979
4.0910869993
3.38684099942
161.558187972
61.7325929893
13.5910299976
423.054710927
16.6833819971
15.4722409973
86.8853049851
3.86838999933
2.86918799951
30.0036879948
1020.69842582
1077.73809781
23.9530319959
109.733327981
44.4394709924
19.4237009967
22.0068949962
1892.40770867
221.103092962
2.99432899949
161.813814972
352.487255939
590.982756898
90.6201399844
271.495620953
14.0799309976
987.96126783
215.150442963
247.350760957
112.935012981
0.0
1.1336189998
9.56573899834
554.268120905
117.39873798
61.9729939893
2.9225189995
64.7474859889
202.116312965
493.673093915
0.616021999895
6.82051299883
0.849184999855
4.52076699921
1.08573799981
3.61397499938
4.67228399919
86.1972889852
1.30195199978
265.613345954
218.092999963
15.0563909974
18.9554589967
3.78461399935
1722.6909727
8.40915199854
269.536507954
7.34625899874
0.0
13.5328239977
302.928090948
41.7337219928
240.961714959
448.776706923
0.0
15.6776769973
11.1595429981
39.6155049932
5.26859999909
73.5612069874
461.87180692
634.929615891
3.14644399946
30.9655869947
13.4422089977
21.5739479962
11.2228839981
844.024380855
95.5018609836
0.0
31.1453219946
79.4961939863
62.3414029893
2.20206199962
548.639254906
763.903529869
79.0077139864
69.360973988
0.0
233.79207296
1762.4687417
23.324417996
1.26399899978
727.811913875
245.858861958
222.978120962
2.68964099954
96.0600209835
350.34496594
835.297475856
24.4064199958
60.0331389897
1.52674599974
1.89590299967
185.970619968
79.3672319864
137.002260976
346.44064594
117.33290498
36.7065119937
73.8477259873
252.958853956
47.6755649918
43.8264209925
312.159857946
7.61295899869
4.32013299926
8.89016999847
30.6671739947
11.2921409981
15.9389879973
36.9971319937
39.8029979931
0.0
30.8866209947
734.801940873
18.3866579968
361.214400938
51.7344709911
0.0
4.34624199927
5.22310799912
486.820605916
1.12406299981
240.177776959
748.384768871
248.375229957
102.190248982
665.212952886
104.513780982
259.674201955
186.953239968
1.11704699981
64.3370119889
3.44797399941
67.7106029883
20.8540359964
12.8371479978
153.848312973
293.769389949
140.110618976
45.8280369921
195.086476966
153.480032974
1.7271499997
219.682664962
219.567535962
109.292031981
28.2210729951
1471.97173675
85.2882129854
14.7008429975
151.101750974
4.73235799919
62.2456259893
219.783636962
24.1362059958
439.950649924
709.899597878
19.2854209967
112.110312981
234.37307496
330.238629943
62.3840429893
80.6295089861
56.2431929904
47.5420999918
51.0786189912
147.271106975
106.812113982
38.8915239933
46.8625919919
507.398602913
13.5282269977
62.5647409892
16.1469169972
181.542156969
960.964379835
62.0866469893
9.50246599838
102.618554982
0.377902999935
451.070921923
8.95137499845
49.5746799915
62.1054339893
1.85672799968
10.9444279981
10.3021549982
212.214013963
23.7127669959
1.57239299973
28.6893349951
14.6476799975
80.4163309861
31.0833369947
56.6600939904
16.8613489971
500.302867914
3.19170099945
4.69429699918
293.807654949
770.524865867
368.697980937
52.8074659909
0.0
40.9898699929
504.197389914
98.959014983
146.185738975
328.249112943
1.49257399974
3.82768099934
24.4759329958
16.2259969972
10.3472649982
317.540842945
49.0516729916
64.8700229889
227.645359961
52.737102991
534.237591908
3.15999299946
4.02419199931
69.5288969881
246.712321957
28.2365109952
32.9399979943
492.964184915
31.0182269946
64.044013989
0.0
1232.85177379
323.769663944
0.40687999993
0.63616899989
2.80018499952
126.231169978
9.93788299828
1.68445699971
1752.8061917
1.53441699973
33.7598599942
78.8995999864
16.0016299972
65.6947879887
210.083539964
0.0
680.435248883
13.7790059976
64.4004739889
573.600278901
1437.65852575
5.95527999897
249.504678957
15.7449069973
15.2728899974
537.779268908
20.5517949965
12.5038139978
77.1159659867
2.97480399949
0.417540999929
3.69729199937
21.2841529963
86.6118579851
69.3585289881
13.7126199977
55.5510629905
58.4665619899
32.1890309945
74.0581569873
10.4616739982
4.49052799923
32.1595259945
203.097493965
0.399618999931
303.467896948
166.933998971
0.130492999977
9.38076599839
6.22187799891
29.266156995
80.3773629861
3.77721899935
713.784776877
89.8377089845
36.3118429937
243.380545958
253.220015957
203.182061965
505.468519913
88.6535729847
4.93711399915
1.46712499975
234.63490696
0.443085999924
143.801868975
30.0796619948
0.0
523.40026991
7.6569509987
69.2782959881
135.302165977
18.8988409967
594.193263898
11.344507998
1.60251399972
1391.52143376
63.0650309892
128.835922978
149.231703975
3.07725199947
15.6474769973
937.876628838
27.3868959953
608.201951895
4.22903599927
28.3862229951
139.707035976
0.370728999936
119.22179198
277.598597952
9.07923299844
17.1657139971
48.7614709917
11.586694998
603.641072896
52.9265369909
8.76697099847
23.259861996
191.392143967
29.2751599949
14.2768159975
76.760044987
107.994461982
5.59229699903
1.22828699979
46.535624992
0.0
698.12822488
15.5778529973
473.473261919
307.918620947
27.7150869952
4.79238799918
17.441914997
1300.22129678
419.496602928
16.8097559971
161.050469972
19.8644229966
95.7714979835
2.25479299961
7.16884299877
28.3668969951
56.3593769903
0.258328999956
233.20085196
27.8182929952
17.9226389969
123.128194979
26.8437839954
14.9850819974
28.5269049951
17.8740579969
519.787437911
29.9870459948
85.1714449854
22.4230239961
41.9656629928
370.353546936
409.29683093
2.95968399949
3.39092299942
2.01517599965
0.75045599987
23.6829789959
151.989711974
258.719066956
342.010251941
0.742409999874
798.593242863
13.0504729978
257.799018955
409.465368929
195.828682966
103.942632982
149.304253974
77.8923009866
326.456301944
51.6507589911
1.42915099975
690.605614881
884.787388848
36.0265479938
569.026956902
12.8693809978
43.6687379925
519.511760911
5.87462999899
63.3211589891
39.7201149932
296.670055949
638.272620891
20.8866169964
0.0
112.951650981
6.53282199888
122.295988979
17.8662119969
161.096785972
1.11133999981
0.777825999865
7.92383399864
0.0
153.364606974
21.5263729963
109.427403981
0.0
15.3250349974
264.418646955
15.7142259973
57.96699899
57.2750439903
12.0930099979
440.546202924
12.4855869979
435.513521925
534.348166908
120.271805979
754.58348287
207.060234965
33.5907079942
9.76945199834
238.096461959
0.193001999967
128.498284978
452.379398922
78.6282799865
119.926355979
166.895403971
0.0
16.8453229971
172.27738197
30.3880169947
69.579397988
88.142067985
184.827463968
30.2361269948
7.96098699863
4.96617599915
532.920547908
522.93357391
4.15638999928
22.1081179962
11.0255049981
576.013758901
12.8806299978
249.761538957
3.94471699932
48.6744589916
7.60062499869
168.368365971
126.502702978
18.8100819968
11.268890998
603.838411896
163.264001972
95.1908009837
36.9308569937
64.9783909888
21.3072339964
33.5736989942
174.85538097
23.535807996
2.38371599959
48.1578049917
30.0248189948
12.9911339978
1349.21300977
0.421426999928
17.238264997
6.30876199891
0.208291999964
22.9111129961
70.3078369879
19.6683489966
41.004245993
0.157907999973
33.5695349942
665.151124886
32.4182919944
151.137084974
40.9716389929
418.098074928
4.19969699929
32.4985639944
419.894655928
28.4771149951
0.611593999896
11.746706998
370.261265937
11.1599609981
18.9562379967
14.6620689975
0.275598999953
34.6374429941
25.9129959955
112.736293981
0.0
22.2383809962
338.895628942
4.46244199923
1.88241599968
458.488952921
13.4158859977
85.1006979854
70.2453599879
3.15097699946
1079.08083581
241.922257958
16.1681549972
10.7611019982
26.3203529955
0.0
5.61582699902
35.7444479938
641.23090989
2.8742099995
54.0675889907
216.819716963
26.8695849954
521.64676491
7.84617099865
126.772179978
259.156635955
666.254542885
4.76144599919
958.885770835
0.0
8.83189299848
150.129364974
36.7123219937
389.959164933
2.00209599966
0.0
66.9221549884
3.83215599934
16.8212379971
1.1341969998
25.9311599955
381.399468934
25.7009019956
121.536223979
7.08469499878
4.99407099914
47.5564829918
2.61017999955
478.391140918
1149.8986248
1.57239299973
732.961215874
17.536328997
1.55554799973
11.659412998
223.010300962
6.23681099894
1.39956299976
23.690477996
2.99373299949
8.22334599859
8.7160509985
63.0260029892
47.9918319918
29.2952379949
464.02272292
116.73987698
1.00070699983
1072.24028382
9.78241799833
1.40964199976
57.4782689901
17.9709559969
245.507496958
42.8496159926
73.1028739874
35.2267879939
230.21426696
3.27889999944
352.075164939
24.4053369958
378.486597935
65.9077459886
3.55330999939
154.204235973
5.44732799905
719.083251876
17.297732997
2.3255489996
67.1454349883
722.685330876
0.0
41.5127079929
0.280617999952
0.0
628.396577892
84.8460889854
1.79188399969
1.00583499983
23.7763269959
431.026813925
42.3120039927
50.8731349913
39.7762719932
470.366312919
16.6299739971
15.1772869974
4.85865799916
120.098375979
27.4360979953
285.936106951
485.106192916
4.10531399929
19.6990469966
30.1995589948
100.916251983
161.037023972
54.0015399907
177.669207969
235.51654496
22.1050009962
3.94958999932
4.7555899992
278.623859952
0.903248999843
46.3518249921
201.215746965
14.9854569974
117.04512398
0.0
919.047412842
436.663929925
44.2017629924
18.5549519968
441.868625924
17.477529997
21.3021049963
3.03622299948
41.088621993
15.1102569974
367.271527937
23.6445339959
222.676926962
126.879348978
7.04367399879
31.9861789945
390.376552933
30.4272889948
136.429716977
135.292611977
0.565308999902
68.6714419882
0.689665999881
4.61177099922
13.6413269977
404.405886931
357.632742938
44.2516099924
3.36813899942
3.94050499932
576.400995901
843.939816855
101.260526983
559.405055904
2.14905699963
425.706438927
5.09812599914
676.580788884
58.87592199
0.0
34.7327049941
1.21612899979
11.786342998
611.869502895
2.9287379995
340.963080941
15.2546099974
67.5390319883
6.11627599893
790.366444864
97.2028349833
6.74756399883
54.6986369906
29.2809819949
267.047094954
0.0
24.8003479957
26.9133019954
52.560394991
3.12147999946
0.75410299987
2.02928699965
1.97149199966
13.4915839977
461.133536921
3.29049899943
100.302814983
115.89277998
14.0180089976
714.009871877
69.3823719881
1072.52043982
5.45702399906
2.17857799962
0.0
608.379856895
65.6347379887
120.140529979
143.679933975
487.707394916
1.1955789998
312.832649946
28.7280209951
110.415969981
34.935176994
36.7429229937
11.2767289981
300.170672948
41.3862019929
9.22149999842
106.055060982
1.21119599979
8.22927099859
8.66399299851
1.48722299975
5.09998299914
429.485263926
0.557914999905
4.39987599924
3.56218099939
177.38962397
205.554253965
8.0810809986
93.143156984
11.605901998
620.961157893
18.7499159968
17.419754997
58.8474659899
93.387168984
623.992157892
3.02139599948
549.815836906
34.4161439941
80.5711969862
0.0
1304.78249678
22.6679119961
131.633184977
418.133260928
457.567080921
8.55398299851
27.9452909952
0.429466999925
33.3543099943
116.27131498
0.0
2.96330799949
1.05673499982
36.7680769937
13.0385679978
11.772075998
17.0143429971
91.2254429843
7.50819999873
26.0289759955
68.1453919883
126.369721978
20.7727039964
10.1034719983
267.369588954
898.737170846
5.98354899897
614.378601894
1.55488099973
356.700217939
3.67314799937
355.395146939
25.9265919956
17.596188997
23.419963996
22.6433649961
42.5480479927
