10.2741039527
46.8459197901
413.9011754
27.1510048944
206.076832236
6.88459247148
1.3163455639
46.7921150621
0.0
37.3603845538
0.0
29.8389519791
197.355669141
49.9272257372
106.021167685
15.3984265053
0.607917073318
308.044513312
11.2295125725
84.0640273567
407.862023364
374.225988254
28.6000048597
312.172481768
1.39262313009
190.639393511
81.8236217734
37.8437157498
4.79767137247
241.877501815
0.498824253123
117.630774966
213.150695029
723.526661813
0.0
29.9431499548
25.9464759363
1.14206955868
100.45807399
78.8912011106
680.688216061
2.47340172786
99.3681201295
335.104525257
0.0
6.66575255696
560.224872436
11.2765534685
73.3628096524
82.086546139
49.1121492779
834.902843453
0.0
585.836741785
1.69980419179
0.0
311.760211941
24.576871944
257.021904139
990.196321324
71.8225635114
273.525791702
4.98717049858
68.7885144094
504.667977718
2.02660190872
92.1968476142
19.5892425538
51.2584859235
2.03438378611
0.0
597.353263466
0.0
854.938849834
144.552705503
6.28281323506
157.183164242
1.94059892391
73.9223901355
1.36172185287
241.939939362
0.0
105.894043122
0.273077826016
6.02795996431
409.281731386
626.657363697
7.43934366596
6.05361547977
5.38624044142
10.1210269435
16.5126155023
160.536374436
86.7848526806
60.3272112614
5.47308537036
16.6311882276
201.803441392
790.959273423
30.9635566603
10.2548742062
0.96977951326
467.128133097
90.0954386492
0.669232457038
175.13363134
0.0
516.506659354
15.3111201138
54.8446626962
42.7433279163
0.0
69.934807828
1456.17626374
2.80431918661
6.87913590238
62.9871428163
460.082315398
137.938755005
87.6142678981
61.3553265759
161.341791032
349.088940681
0.0
125.681908648
274.577892783
10.6666877124
0.0
1.26271179551
19.3214747601
14.6378887436
252.576819682
38.1815911376
204.781013398
478.320945905
362.265621912
15.1556702362
22.4713817997
72.5948923469
7.6602299546
421.237245302
170.59180172
397.415698778
8.51093414687
13.9897498788
489.880135513
3.18862490028
542.76496954
112.12624716
49.6286492158
0.927639888838
3.84625523883
695.293420664
58.5534805199
260.318922596
1676.49526455
8.03003751911
6.32589506563
78.5890215826
787.185795577
103.62191874
202.419541391
296.97256769
73.4707224654
58.0201841181
8.06685939877
13.6436889947
57.0676612457
10.3050437923
1155.71217179
69.9444805449
5.30599481189
28.0821475278
2.49490408084
44.3526314708
1.71123792144
334.589431559
51.7832561948
389.539827012
13.2597123463
185.657467487
4.61166342228
30.8864757123
174.67491962
40.7000272351
109.68074399
219.262288966
170.347726619
141.444900812
1.89484600955
0.0
284.656134826
36.8808774553
450.108228912
4.51279990177
158.947872685
2128.75016432
656.925004055
307.933618346
1472.19129027
0.0
11.8878781661
4.42293554271
1.0481908615
150.659054965
32.7831868531
1.69405711981
0.0
25.1871798816
1.88448045632
34.0313542246
0.0
262.738547875
0.44327522255
5.3386699561
0.0
0.858345959875
90.9689730238
0.858345959875
4.33249146334
13.7709266747
271.690169713
5.18555052833
11.2902803712
68.6177013011
654.683863218
54.0096238062
1.09507493742
26.7760865364
439.635346451
23.5089076073
47.5687268866
5.71094808029
55.9778115037
4.67755101246
1.51220747378
255.160985264
176.26706551
107.772979601
81.1021874957
177.026819171
466.381910957
246.059010203
0.0
359.950491539
136.675771988
88.832061011
152.169982169
12.1850677291
42.6969284403
407.099593478
438.799664856
56.9458055811
1.56477563655
0.492093841829
2.39885046846
9.940965304
36.7541847894
334.530131699
545.021298793
15.433480945
44.0344627169
567.254140471
31.8011856533
6.78593461673
2.17354622268
20.5823805534
55.8300663785
13.3112341846
28.5274138519
172.581061158
234.426088142
60.7596761786
196.064473926
841.682214762
51.6588875519
9.83078116998
1355.35849065
572.336148584
2.35515292607
271.59159541
14.2155258704
31.177866787
6.55437684706
24.5112234403
8.81628863975
182.494519955
102.607359368
2.81776844051
72.9114080623
601.668156369
15.2940845636
8.81088734328
9.99478160071
532.824163626
513.706458624
2.40806943519
14.0311272546
7.71104995857
188.409523153
101.69868186
580.06087017
1.93019995001
90.0786948873
18.9936371458
160.287805539
55.0632262474
24.7390278102
7.48666092537
50.9390793188
6.63803267162
4.54018558027
71.9623288057
3.39697072049
89.2733014282
1623.2839246
100.522813708
494.6471267
6.11111833485
586.499116575
1.21233140203
42.295225976
42.4633358653
4.28248383902
77.9574658034
483.990637437
4.2727108602
4.71994514822
91.2781426162
3.16961495897
81.7881251522
1146.84743087
1.04384874359
51.142841364
2.20631905813
106.543162755
291.788643206
409.60858052
26.2117487475
977.892982942
8.84647137228
56.217549628
89.0520912159
0.0276093399908
360.015735139
315.571160799
4.32226730533
12.9084468335
0.0
442.866391195
59.9376225091
0.297913249356
3.52568019591
127.548080997
34.0978202496
336.463538749
40.4975531717
178.560941615
641.093811847
50.7622350627
10.0247329593
7.39175004324
545.515896615
162.756785453
204.240976302
24.7082460761
12.9507612738
203.133272201
0.708503044405
69.5516731238
11.990290706
11.286447276
295.89003065
36.2041124905
4.00476953601
498.67804792
2.50857056916
12.2767123822
55.9820327928
55.063916513
7.77436929786
123.591270141
55.3849028874
272.352031624
31.9694934958
5.83886060097
14.2537154272
55.7654577723
53.3553445337
4.11019764983
5.32133747598
19.3523747519
66.3904583248
6.05840749148
32.0244152459
172.375625508
0.0
70.8847817308
918.881644212
155.846813829
3.41251262328
20.221280362
51.9948721002
198.674946727
594.922784177
157.524480674
194.902211848
866.878603325
854.827353295
564.324419171
713.409353564
716.225468965
13.416732996
325.400808236
3.81550306929
139.898138923
2.05802763358
14.5855750922
21.9967039897
28.6070784757
0.0
0.0
48.9051737055
6.66750842822
270.503784329
57.2012617096
0.78903403516
0.0
4.03324652834
1.23635573111
64.9391330513
7.50567986456
178.73947233
78.8180702303
22.3694294368
9.12492093031
116.127132184
17.2897273516
14.2253605489
0.602932249983
12.7755019293
51.9517799863
18.6440426671
80.7202983543
20.0276679211
1.56433602603
0.0
647.228670435
0.0
159.262276471
0.0
280.946175558
5.66535584229
314.834322158
321.393185088
137.628401549
20.2486776092
317.596654684
265.973896176
434.269676441
449.590145348
5.73012126877
518.312669333
28.7586194189
112.597702445
23.0465748831
0.0
3.71174984581
429.127925001
158.467850137
14.9989130957
3.53326797625
3.30248273856
62.2302222008
1.67674006462
176.137899714
5.05383961853
39.9861858793
13.3280319338
51.4817669324
68.0404129978
618.833719458
494.006670738
2.75933751877
22.1549290694
1.40117882481
48.1449418718
214.940490836
2.61813770596
637.573706477
0.0
15.1563874954
10.1414598346
0.0
562.146697934
5.68820659125
14.8456548435
242.390959185
185.450652592
313.400328079
497.429803424
48.0168609622
11.6535156299
13.9050811505
14.364083375
3.35328217598
0.0
144.773611074
434.616853061
370.768348712
29.6476751298
0.880889495643
359.820555782
44.3944188925
50.005998286
0.409157847345
15.1247830985
418.28736876
65.3580523088
46.0499599611
511.897655446
102.007680493
651.537628596
1.41857686088
114.015848693
178.298234483
48.1617113419
12.2950513391
157.946356378
1.05285304671
132.689710322
11.9259250423
14.1362635803
384.568505628
50.4737734396
7.30223403055
246.739465582
1.22723702643
192.344388191
1.86973165204
574.905877716
229.634510901
75.8026621566
137.734707599
1.02532083137
33.0306027366
402.363184788
116.793184535
0.0
5.5134652673
217.545869553
336.619753446
23.1689190039
193.177883303
30.4895806847
120.964712993
234.058875822
290.180123752
0.0
31.3028999874
23.4016310725
2.39365740856
500.642565769
63.8295149754
63.5402075517
55.4278921685
4.45019653634
408.1971544
5.89560763448
57.1342583828
186.954804395
5.6207366603
2.96530275807
315.631260184
170.095037981
3.85310519334
465.93923345
14.4339801618
80.4259418369
95.8362211157
11.0505718112
27.2336452444
0.0
2.97586112292
42.6983758129
543.901496407
2261.88924399
9.92218159499
69.9645226712
461.856156685
53.2502069228
10.9631792973
365.515572479
403.805669005
18.8471542942
1.97374581391
107.666969196
73.1156727031
82.7059753521
28.7362417011
5.07342156768
55.7023839465
0.0
6.26450384268
52.6850014818
25.0042723425
124.460891725
113.985579838
134.746629931
6.44574934559
33.6348113995
0.0
98.7644024934
77.5499198613
229.206485793
915.193751592
23.4954724929
435.766893453
309.601744872
644.646553798
381.940118056
677.519363353
570.185158751
389.860647568
626.786686312
0.952926491394
553.544620445
55.7632005908
153.704897711
51.7907398568
688.086749218
0.0
4.453302089
1301.25184533
8.0926730198
12.9041985505
50.8444229482
64.9072188703
71.7800164116
2.82297049829
215.207484812
11.9625245459
1.64405335172
109.765447424
7.06432633122
38.0628140318
92.0614707126
99.7976324578
134.252343178
48.0298269017
29.8743329132
23.0291408555
111.972069839
396.983442097
3.3777846779
0.867981399728
3.67732525742
31.6040563283
8.51531739793
0.0
84.6552032389
397.069220134
19.3299173387
60.2094406325
20.4742993514
0.0
581.192702718
577.587255066
13.1311802576
10.8439445854
13.7778203332
0.0
277.63279382
0.89283481882
0.0
5.05345785151
174.983226702
37.543902663
311.677855667
438.077027434
6.70172092382
5.40089155447
207.514916492
286.24122124
248.303960999
99.8208688301
0.0
156.592330279
57.9803646603
161.900616979
71.7492822379
605.826551785
18.0290751152
8.10158348791
10.0792703715
43.9219995495
18.2052869492
9.99261953964
547.563216776
81.9494249348
0.0
57.6233173695
25.9710979815
1241.78250956
166.888039418
205.862412849
276.732498476
668.925967527
30.5011519533
277.366905297
270.32854298
269.183986152
2.982897462
22.5417053427
0.685059721031
0.0
590.148679527
598.232210705
20.9413071149
30.309355798
11.0488300795
0.447038905565
18.3457553632
53.3300257959
8.67324554776
1.27631529871
70.1775859492
3.87117935554
736.093810209
0.0
56.1606290639
3.35878759071
329.837420551
23.8159498446
70.8305643857
1.49185299272
383.368587439
247.599699811
384.915465014
422.848920439
191.06152501
227.595900684
29.9173080547
22.721143558
0.479468536302
292.280747331
12.1325972576
18.6595344388
184.197176473
4.28714602423
0.495786827245
1.87659831689
3.22505344422
182.666500216
177.736400675
95.0273840408
116.949113871
64.828159675
637.58970213
855.216157948
40.5502691568
8.23534334261
355.129748328
13.6235761709
60.8819727392
461.310747856
637.144187722
547.84839546
1796.37609983
450.424601946
208.18787664
0.0
25.7914476734
25.876849086
510.098962027
469.94076375
671.402180449
500.540001551
97.2187087811
335.898783202
25.0169413518
0.156880539961
1280.63729222
1.06024930083
44.8977909295
570.005649838
425.792610299
0.0
1403.77068487
258.051689203
78.5907735977
1.07397491806
613.576953311
15.1967931006
43.0725794826
8.04764122091
17.653762136
136.358157246
0.0637255290926
24.8199791303
17.1126504361
12.8015572075
3.69645088569
3.99089481113
5.67445398039
582.215921904
77.4551632285
1.03530975921
14.1600051189
14.7263237258
10.1650869718
5.62283445085
156.016616604
521.694262683
130.237750533
58.3589310144
55.0759402464
88.6143278352
19.7830529479
12.6847159306
47.1898031882
1.5857201212
2.85246039437
0.163583957628
91.6340587454
180.784746117
1.31670547894
70.7834399381
14.1497629651
2.9820927948
679.430795018
745.223267354
99.9326057403
13.3175147021
51.3719260031
69.0399343477
0.0
285.197751693
2.17265414754
33.358034161
8.75901715859
232.053615588
578.55937017
439.305252941
623.83266432
15.2150793556
222.781192477
114.000363349
188.814220625
691.62289266
33.5420535806
137.804468132
109.464230669
205.916263852
942.782731962
5.12161290645
462.591185468
438.722158437
24.9034357163
167.372509488
7.43203610519
130.097104732
328.788446875
0.170270664953
59.3128318473
25.1509685721
23.4861468371
199.961915511
46.4963098866
24.9052699976
122.854959803
33.2681029606
204.988139362
255.359047798
2.48022211791
77.4869372997
6.9653059906
35.4514131642
81.7310747618
61.3300592545
216.370879337
4.80973880967
10.8473020786
216.643444284
20.6988413486
981.876529059
36.8533285295
32.4478668622
1.37596549068
95.5676897878
0.176675867299
18.8473946661
0.0
35.4083608982
0.0
35.8529678064
541.32726448
142.689602715
17.7761113984
2.09767099009
55.1086063927
2.37789570052
98.3030916711
29.8070776459
1.41241974284
2.36471124127
76.4025775472
0.0
5.85189595256
294.516249071
3.96935903747
301.468685529
607.288722069
92.1703103068
4.61368280276
274.223548711
0.0
331.908804889
975.176044701
15.7091488739
0.0
0.0
17.4336895123
219.262378945
145.057972237
59.9890376584
460.283100431
148.306867482
4.75546233585
2.16981210412
70.4709629836
637.543967212
29.4271603248
44.4401319592
32.2644760084
5.66116411744
11.7883603714
198.420300407
2.44048749723
319.914508843
30.7558471185
64.0745772716
57.9990558199
13.2659684409
811.250510987
10.2730486304
0.0
36.6072211942
0.336730086688
0.522563220996
669.466179439
34.1255812682
36.7590500695
311.266359656
43.1447193113
194.088934964
152.311585601
56.7498434092
483.903987891
614.104361247
0.0
51.0579464034
458.567223461
351.110605326
5.06961932232
15.7067464411
428.211247096
303.163519037
69.8676978122
9.61525247383
119.105083386
653.746170129
544.925625662
21.5368842438
44.8420555141
193.332511803
162.073565155
77.4895184046
122.455753606
50.093841979
9.46052242626
265.250785721
5056.81831142
186.913527282
30.2137122317
157.684203258
12.1236829332
46.6224498258
26.8732700249
142.992522641
499.004543565
678.737732329
1.90245307106
3.85477237124
90.1301216052
87.6884682404
0.0
4.62902418144
0.0
67.33656057
4.4576557756
511.2553125
309.872614364
212.092102623
14.5211708662
125.324207083
156.182667265
177.724020883
0.0
10.6448421547
9.84469060094
0.0
12.9543989864
206.234708969
88.1789835977
493.358584573
966.044798265
113.165911891
0.566116797368
200.999537724
1.14970104299
4.14646808823
81.9837788256
151.590512524
29.2983325918
1.30793126437
762.979111679
3.79949199153
5.28747975379
16.6054722978
389.874580136
1.86601552923
17.2712161498
0.0
4.15761902749
90.2825237737
2.06054832429
9.76354646921
93.733555019
5.67039593828
103.724854442
16.6080148405
627.787553487
18.5288274349
1.3099107971
3.20233766341
203.530293199
1.76705431749
45.7735349253
135.401562192
0.0
17.6371224923
35.5714306915
405.213066646
12.7755019293
0.0
520.52754023
103.324356407
157.613229297
1437.81761828
0.0
177.98906232
48.61290341
7.7369458459
49.8962460499
117.233770678
8.35026678651
24.507146117
451.080212904
1276.86737624
680.03282234
344.396382497
385.787899079
0.0
6.61177558388
10.6882299131
11.2086567812
0.060643113836
548.507533584
230.433977331
12.1922107573
0.0
246.157755466
80.9155162736
8.11798018891
28.4248162128
113.178643886
11.3713962239
534.899346353
63.0926184903
3.52919322381
266.35837542
4.10366519182
5.15763911679
24.1185856934
28.221136434
121.951714441
54.9923898254
16.913302492
10.7123686437
2.3820809983
13.1463828119
141.528615765
11.3416235374
10.2406202851
20.4491888503
700.933335656
367.998688057
5.21158395461
163.266815918
932.365708315
225.202668747
109.208226955
1.34986136682
26.8507997575
1.47893846975
11.5108530196
118.466301026
1.60407450297
7.7283220244
13.460154175
11.5366614989
1.403022104
2.11808717088
1022.14910577
25.5186924856
102.641399619
4.9547035909
7.38455816945
16.406488125
49.5041083277
211.835778843
443.025040461
639.760754657
0.769431519454
0.97027054021
6.12064065856
41.8122714055
278.211176008
102.67702221
263.953700754
4.76049986104
11.9645799179
16.4093173143
14.7822223881
31.0014788517
433.925308442
889.804419001
18.4558212394
1.22841446278
44.8420555141
0.0
87.7739879107
113.213762596
9.57023352906
4.87178816301
19.2180955912
204.561177289
12.2264232529
22.3303118134
2.74878301016
45.9526402191
128.41954586
7.39517694862
913.67393063
15.0254298364
955.034256718
8.55693643096
92.3252151704
8.04861299154
2.06599846636
7.45424286333
76.5606033884
13.7000311238
47.731048571
1.98849333278
145.075453825
30.8628601439
22.9503850172
93.8532267707
125.285851708
0.0
50.0654112615
2.70204290024
564.30902509
8.77451407202
6.80375041131
31.8405333653
37.1697028496
40.4441803416
192.996495119
148.251724641
583.620841274
21.1321777743
502.500389375
525.699303442
128.403314977
19.4928573054
11.2039110443
50.2890367607
9.46586459382
11.4474218495
159.05019396
1.66871910082
14.9984092146
1.73918660991
44.6306902639
430.908456853
403.382988635
473.381604258
692.430506024
0.419541396318
63.817299716
88.3361726363
45.3525782916
1.93194810878
120.558419042
367.352130248
490.531562459
158.480573132
358.676902597
19.1013905679
875.937729217
935.820735904
187.754710436
0.871238630861
6.32539889706
92.3616360018
17.5373167657
207.492092736
30.8933925082
14.491567854
45.3592868509
0.0
363.242919794
8.47248365166
17.3236364904
0.953778718798
98.3386024315
58.2034207226
17.1149294696
97.8612085485
110.304133554
24.806816523
66.2303861097
12.5479019397
387.803388609
63.9511855409
8.0598127764
112.602088267
254.636068456
0.0
374.401810608
127.275070012
60.8621992638
264.612227025
13.8795554615
311.145835678
172.680503113
8.15915832602
16.6603966187
37.8914250595
595.756087764
5.57967935183
8.78841579053
0.0
4.05373854836
8.11350053205
4.63445889858
1.76121598133
1474.07946757
262.438149926
129.31332417
5.53187235091
352.968472636
330.478057758
0.0
72.2327638268
555.068679405
0.0
485.030534828
73.5747571939
133.38453788
304.954607967
12.4621534662
11.1854718254
12.8967534509
51.7832561948
13.8562213981
77.696622518
0.0
0.766297687762
2.17095226356
4.74651587624
75.2768918355
7.16194043239
0.0
0.0
4.19044070855
2.27221950241
625.159156917
49.8812401634
139.464787072
348.43230525
707.567819307
8.78251318382
8.5823284372
26.4795975223
107.22906442
283.68373179
16.1216102271
693.820258831
0.0
3.42139224153
25.8673357601
0.0
5.76059064793
0.0
470.547942998
16.7705229092
1.38850852991
366.692007498
21.1701410988
51.4465710975
4.84218386536
7.52366790421
11.9307491893
60.7339242573
331.256893342
13.4541564479
180.114742413
110.009437687
3.27864222323
18.0858298612
14.6248328255
20.8690117515
2.39384764937
10.4244584617
376.022849964
236.333752268
376.675879817
185.933040296
61.7853877749
0.0
51.60655719
283.519190201
418.236415073
18.6145450585
0.859707209982
7.8419099264
10.8428776944
119.34421094
44.2462637215
36.0292361983
150.831962007
9.35355824644
153.355263385
14.5254165783
0.785767806149
12.0613340791
0.0
480.726187436
25.2823067127
353.884099075
73.3058672363
36.0875784268
5.09203560243
274.215496898
77.4869218749
0.0
42.8114534068
185.812067709
0.0
12.2925370754
3.74388640289
207.116477686
461.070766788
12.3933068602
6.44692678195
319.023701117
3.71849182582
1.0663382921
25.3083491369
803.992645484
5.5134652673
0.0
68.727966416
20.1291421111
46.6520027069
469.356298998
67.8775797201
224.602020672
213.76290409
1.1189334485
1020.01033633
10.7248641227
98.9421683892
26.1969690934
6.99130728158
173.530289522
6.58577043665
1159.92608538
16.3298133668
473.49919493
109.789735262
246.110917665
62.3147919525
0.794110122669
292.876192062
109.561511848
465.908774354
105.273158823
40.0695781948
288.981107921
29.1920509651
24.3035704565
79.5347716252
481.15066481
352.1284862
81.0745408788
5.06851643981
48.4459169697
9.12633616767
0.678394865691
1.19198720425
121.216760212
322.239476465
0.356966309953
48.4910914493
3.5073425245
0.165383532841
6.92666525456
103.732619609
6.0607765037
323.123174583
1.26812723149
939.372426388
44.6502117986
27.5789760152
102.586112812
0.937015675696
16.3846220007
1.03165662152
10.3843574989
234.274997091
12.3207762667
1154.77613945
242.50791872
600.694980801
4.23524498969
152.168919134
28.7962202576
486.023075111
118.48899367
6.33885072176
24.6449305931
857.583361601
140.334837984
1161.65487302
1.20425259474
703.019436662
69.2296044335
2.66505134633
408.416157563
0.438636174735
223.027474628
1.31731476369
218.020039626
20.1476893045
72.6550367214
4.47471446321
0.860624993341
190.445822203
0.0
9.28822852459
78.9098665619
807.906712572
306.712397042
177.131964495
180.842935381
317.181446408
421.755876451
240.513034325
709.787952676
2095.06807551
176.863700532
0.665601171341
298.662039749
1.1166017132
385.558167877
74.4705420305
1293.54511949
192.706241633
7.41368429427
34.9662746806
117.871001546
61.2933890534
154.215788116
1.6909682775
96.7665822195
3.92854595707
3.63508537096
22.8343754011
70.2945737629
0.107246970193
6.68674845803
11.6828525621
20.2847963691
26.7323799961
573.375440546
126.388730375
601.711837201
74.1792139411
11.5528036886
25.3088054577
14.4688507877
2.21071387788
0.0
456.974411728
87.8886517016
3.46867479484
6.27941460873
0.709537800152
4.47121943106
29.7317384296
50.2608579836
209.300749376
15.4530808899
1.19290627302
64.0790325055
23.0513309033
462.911255344
539.86213775
783.808409377
720.128867144
301.001251009
680.747422087
689.815374893
978.421101709
741.459316973
2578.66744287
11.0046029479
28.6217501553
304.395247289
11.2973629851
166.124749591
2.62963442076
81.4335509919
31.8950309298
13.2775332825
10.0103466409
91.0334350933
1439.94783329
2087.32901516
12.6848753216
167.476647049
11.1906635999
567.447268313
38.0716139546
7.86268088058
7.98732460144
48.8838988705
190.259624012
55.4143683608
91.8234653221
670.971872452
50.2663775379
256.075228601
439.642359653
43.64091747
54.3881875895
0.0
28.3935113167
149.976739596
35.8966486384
34.9918530714
82.2260903426
53.9274976206
252.13575151
775.239279538
157.735133807
57.3233873105
721.26789542
134.620664808
5.91595183225
66.083133297
0.595800790496
52.0460327382
490.047672109
13.2764908143
219.73953117
87.8278916153
10.6093082567
7.31718850057
69.5095759178
0.979029329852
11.2860796485
452.314535115
76.2928613028
7.28723585655
374.40154967
5.04876481645
284.508939857
553.305652282
295.573574062
291.591018997
166.656844134
530.239711398
242.796422762
609.191457931
92.3706660131
0.250763093382
43.3120798061
197.664429973
562.878668724
3.98004337259
23.3986463485
33.6621649427
19.6917540704
408.582343191
334.467240402
198.543752552
45.2210113478
320.930401185
4.64944550386
63.3655703461
7.78446234398
69.7745389451
1.19984620629
10.2887383554
141.186128323
77.2845172236
6.70824181313
464.632369077
22.3166838874
133.390599878
14.8399129132
428.94150572
39.3206361243
56.3865245988
1019.05580308
0.57885521905
11.1942537525
10.3094977409
175.352138335
265.663271498
14.5088373489
251.165252167
123.723609616
353.408569039
18.8364198281
127.84015591
9.34158978587
317.593225208
34.7010931336
89.8789690325
627.496116137
620.055220981
157.542818346
18.9518227303
18.9135470509
522.105325511
2.17265414754
454.063791634
5.18469058845
92.3840831318
429.786141487
16.1096250563
29.2383925975
560.056668712
151.835900029
7.88577971383
80.3958118062
929.001488578
171.005380095
0.0
248.551555555
62.7669377953
594.155756376
620.823960948
348.014158525
44.2376784624
523.308648753
7.0590330093
39.4415033082
167.523516985
28.6573740321
439.77018348
6.35604180668
70.3549880737
162.823958454
217.518064831
83.4501601166
521.708151548
1.76766874388
105.16599669
202.835148145
220.201160776
148.586516328
2.68983920947
501.116661288
11.8215458238
896.486257189
19.0843524468
24.0202131998
223.277255667
185.143654058
0.971153617475
7.14910174866
1543.654611
378.613122533
91.8239974822
0.0
244.835139668
332.135696617
0.424299987344
0.0
45.583056316
44.0993643968
44.4285195575
0.0
0.0
10.9016685311
171.517670313
666.151066255
11.6902243934
523.005865082
452.330202989
366.710124078
352.749542743
628.811813854
21.4709053895
1.83745241438
13.4262758863
1.91715688595
0.0
0.0
3.98393816751
48.286049135
2.00903419841
6.52313107973
162.771030376
38.1916816128
51.2450546652
5.69446911298
85.0362517215
94.2620825464
9.34968016187
104.505882938
64.1000811085
11.0679325704
33.5875455566
354.510528635
15.0144498568
280.215766541
10.0445115763
58.0203036615
10.5463179826
145.97506533
20.1423831284
12.5866673606
398.653276935
10.1090314893
5.62773058082
41.5078925394
35.540785211
0.0
1.99984736695
437.492842901
49.0764431349
704.362212844
0.477928614086
58.4217747517
503.532088415
802.477878756
120.451641246
5.49054382074
4.19834084374
2.72470726462
112.269566615
2.17952723944
4.99958628212
70.4203987765
13.5159551461
35.8850375219
74.8837065035
264.130633703
41.6223133876
52.6838368997
176.048663919
25.6734662371
8.36612490035
239.177799648
44.522602635
60.9961982049
163.624764282
29.4731189049
33.1482409682
1.49185299272
16.7483084387
11.0376984214
4.99602440861
71.3073425571
82.4264074865
1.11326992823
52.9758372589
11.3937212398
26.3085941731
511.500286103
1.74365598349
61.8686939677
1076.32940385
369.074922729
46.8988787178
0.0
6.25946888831
26.3780282117
28.6323753615
9.61290916982
77.8895382662
6.4591767475
96.1133492715
20.4140598567
914.698968671
16.9435199306
542.969429564
8.28821614777
66.391688463
201.49125494
164.017321048
0.0
16.858581266
43.0668966813
19.001434448
3.47654665097
7.56845418959
56.0065507197
9.51680928267
6.96697959554
1.06372119558
0.816157489843
21.9263585947
18.9168351319
79.0211188724
116.644850692
1.68821621284
0.267632825588
136.866131054
40.4560485403
11.5091177149
134.498810429
65.8054922624
51.8935290221
2.6332605648
641.328946914
145.773836829
122.301564717
413.374506577
13.972052342
472.236909891
14.4724319424
1.52322987195
115.554403234
712.589077616
193.70173322
190.403925521
88.7575933034
474.92533772
0.0
84.8286784332
0.0
1298.43702947
10.4190224592
869.262305228
504.571209417
23.7028568258
47.1551587947
1237.95906651
16.0358231914
239.231266313
328.43438945
2.62653015352
13.0175602203
11.0411163289
4.96107922882
258.125862551
86.8815669942
6.66542734802
0.0
997.625460114
77.8860779403
89.6467428491
0.539013909258
6.46236199563
101.501862319
70.2844820022
435.05544039
225.798600649
16.6253974517
47.0920939667
88.132842489
2.16261637409
216.072156279
14.8794482952
22.7850708966
141.043398871
263.262699865
216.144057021
0.0
52.9638752254
6.64598679409
2.40166423285
0.998358053045
6.08713770974
69.7022127319
135.520286596
110.727815258
0.0
103.702218356
0.0
0.530076447506
13.1816737672
158.89421835
19.6000104406
259.056580999
37.2350351423
100.028470398
38.6737621041
0.891506989398
177.582858347
53.6954436824
66.4879091788
0.390014223317
378.162222253
446.336418242
75.5988898281
3.34156437051
248.696934238
16.2596762083
101.207564931
5.95689859538
0.0
3.42897488024
814.960768471
0.990393647318
55.8784980892
218.858100517
17.642571349
3.7522042966
32.350394156
71.5140044892
5.97581855792
167.634492932
96.0659278938
0.266295998285
112.287031493
0.0
27.5205116728
269.282093851
117.613002875
86.1439121167
31.5406303
0.834686687477
349.782747623
82.0120025919
528.278381368
105.960063109
0.730342175018
4.80362796642
42.0511791544
248.507991695
6.39039955371
0.859707209982
43.0276376625
5.23423932112
255.579588311
1.00780325209
90.6998722591
105.174939294
37.1597781923
4.37035581123
416.557214731
0.0
555.217978593
295.402697969
1015.24555605
15.1701259668
1.82271132257
49.6857214583
11.0587508806
83.3422293079
168.85317812
282.6352967
0.0
340.298096749
9.09971016698
46.4206698842
64.4107507752
39.8745877933
0.0
135.281832597
1202.09735405
23.1914741084
119.844127792
55.894212237
15.3793484372
351.010686484
1.37512483197
450.729124778
48.2118487928
41.8245355106
253.193874742
20.5078755688
51.1846172171
7.61543467134
288.71750743
7.46574729058
0.0
1.19204633315
187.205573916
280.488496022
4.76551939047
2.72079318856
6.27162501887
98.3352783591
101.761466469
74.8418381008
6.05045336905
1.11576105449
53.6542231266
11.5965410787
93.5590103628
42.6013607133
63.030872494
13.5143638075
30.3441377307
4.52696770032
3.51066531159
255.269850567
7.95418028225
194.739752625
130.787253395
16.3726355444
24.5228744044
9.47125432157
3.28191873551
4.35463652175
511.81527218
7.63393301911
139.890205367
42.4897909065
54.2546719629
326.191846227
11.4675308172
143.483372204
18.4544574185
0.0
625.488534454
176.843465594
624.3386406
3.46755648736
118.11089392
11.5091177149
272.538512605
774.3833283
27.4284235529
54.6141628198
52.6025603705
34.4509444667
27.0369362488
102.672681378
575.420285005
19.4672930541
927.745813122
17.9389793822
3.73616622521
23.7070331257
58.2381628075
2.91957555191
3.11815867661
20.0647995848
64.267343912
4.4849000589
17.0849151259
9.27259535763
5.33499496643
0.906291785179
324.135516621
133.039532318
60.1473797103
201.115831416
749.683886002
411.826995294
326.904868777
21.7982892537
38.3503295927
5.59459525951
395.593385933
88.404877847
159.79306118
257.530734031
739.304572455
4.24538688143
0.135730389573
570.150216142
432.746681799
30.7215395025
9.20639926887
10.8242906532
8.44201041626
22.596271034
15.6128266106
0.0
12.0926775377
55.4365532669
204.733241102
233.905188241
359.338522851
52.7339897754
14.597612965
825.479249596
5.08944549953
6.94752490206
5.06488901034
4.66858655707
76.028624533
0.845715512707
628.938308567
553.702705415
1625.92935544
63.7110296578
394.180092111
72.8048924909
39.5121777684
46.4706993605
271.222006365
189.209372637
140.752300871
19.8273610605
13.4348624308
32.5126271469
12.6943783641
4.35463652175
5.82455526345
5.81096075812
6178.19607795
52.185875157
26.4825475402
1.02779139105
467.713925679
20.1991391598
2.43967768838
91.0240181734
231.659237395
15.4481680495
538.229313747
422.958996599
270.501084966
9.30497999902
1.13763617661
37.3888461212
1.93285303803
0.56031573813
8.02516067026
1148.92735034
11.4059994844
151.244581466
1.12840692659
24.8413927899
225.162002203
125.151087947
17.8048339042
30.494918996
220.350845586
0.823891807023
315.355148789
32.5250300763
159.076485754
0.0
18.0691272324
113.324809241
23.1571626361
298.772991273
1.46298395008
898.262997077
171.24709004
975.821309387
13.1134840062
0.0
3.80921098309
35.043572863
75.2535474888
112.954787013
2.90491929721
22.3619946204
18.9457967241
4.02389130806
107.181939972
218.814377266
112.976090127
504.37696327
4.29256403103
331.05518153
1174.39900321
0.0
43.0148272578
10.9415843948
101.893474308
62.3859407293
7.34888673252
418.725948376
497.563708529
79.8410027682
438.794604195
8.70297710108
320.483918863
4.10405338589
124.334053807
20.9512381992
19.4703664715
2118.06922525
4.07303128005
18.3618268552
0.977833897746
13.0666217822
4.95304669631
188.973544731
27.6082448206
0.0
88.6387609251
0.0
0.0
7.82654798113
7.82654798113
8.07245350684
205.614261709
9.05498429591
148.515078334
36.7754274893
10.8916628929
85.0964822184
4.97047558223
0.916166311451
10.6448421547
344.033275779
3.7390262644
76.5103669608
128.999043785
94.7740115633
7.52693284779
1.25749945445
729.817232502
416.777849079
484.845100171
1.42648599394
226.338970667
1379.73310191
19.6478637163
606.66090812
176.865451262
301.584822401
22.9375579022
608.48697051
0.0
3.59273622455
420.277580687
4.93355344051
0.0
6.66023814435
38.1619809093
170.894602102
5.64968025676
3.96074678467
0.939414252373
2.59807758399
439.765580424
123.529384034
44.4569862664
0.0
45.0997636825
39.2417838803
6.45408266425
67.4849831064
1639.38609299
105.418182734
81.0046055298
26.4898718112
22.8502682211
127.91095377
5.1621727609
2.76331329458
1.22922941327
77.6203552351
14.3502227897
21.9263585947
25.9718100991
9.2907016551
20.0251973614
315.14048646
261.663620467
171.173532403
383.763682891
163.844686512
666.559614817
127.04965008
61.4038624049
277.466993814
564.342283811
14.4009630983
48.7361048999
519.420622803
6.3470066537
222.194002654
38.214536218
6.68269298677
4.35463652175
131.655425035
14.3530044187
3.1706484293
29.0278898579
13.862193417
568.538963905
107.171364897
7.09305397868
3.22711909948
251.205178314
332.205876194
188.077439827
16.112239582
57.7376071058
272.659356651
776.737879654
162.147355451
24.4144589957
1.63498477806
583.385194613
1.39278380645
0.682510751285
852.985880116
450.654154475
325.092651549
786.655717844
64.9201038288
0.0
12.4312496182
0.0
9.27714185587
3.04027434682
280.136324293
135.458268093
3.66445186759
16.4203705623
8.31503753089
207.375041937
23.9363028639
32.9715535322
31.9471389155
13.0796532776
76.7776501547
47.1492459045
281.821362971
16.7980178477
51.5243718756
53.2736900938
661.180071366
364.790207415
41.4751724058
71.9983473036
657.219878594
513.028748883
4.49405861133
14.0269728067
86.3582453808
5.01061125111
450.272671524
49.6399094149
13.8002623215
1.90698028813
704.590634211
15.491728053
2.46664946458
7.3227401901
225.569491587
11.3618636169
8.38992428254
1.33956394037
39.0110384903
426.845012166
12.5917575876
152.289062632
20.231786025
62.1625723123
52.8772231081
32.4026319684
29.401222019
0.8571659527
0.0
197.031916562
50.3995589577
237.528368137
1914.68848704
307.635927473
18.9055466538
229.922757861
3.98643315002
729.979722576
14.7147408885
1.46990460218
594.633849524
187.780916107
477.856226173
11.0743467706
74.5097470619
694.562314955
517.12789714
734.78960021
706.96676247
387.900349723
685.146635373
227.317433131
530.651266536
259.006752047
0.0
10.1162966315
0.971780897978
1.58454139945
192.922736958
12.693708665
132.514705489
76.2407468902
712.654152827
9.91771479225
80.0983985815
1.74084350452
97.9810229807
426.164114604
187.47567473
7.65343013112
1.93285303803
16.2936560446
424.170360086
306.771318991
0.0
43.3753978599
215.644876709
1.27350410514
111.989010269
9.69972196346
33.1281101486
7.73316288172
12.6176766123
6.61011354763
25.8237089153
57.8337391283
7.68008826707
15.3607292608
22.6562277384
3.74290949061
1081.79184474
741.831651655
13.3005665598
7.60004187622
6.46308568196
217.887174418
136.695343654
95.4483625264
131.81943832
209.942461187
4.69895695961
519.085489196
530.639810955
0.0
0.672528250499
270.65405143
16.1082021065
45.482658015
163.538810142
147.352479478
347.417450234
62.0616148574
658.078245119
48.4889795192
1.0721702012
45.4994377684
9.23214604851
33.8709079549
0.767923732507
93.6048288332
1.94074031911
380.047422539
19.9678243328
1.56063789897
49.031170964
77.268787651
132.768941762
0.0
439.810059496
0.0
227.246063263
647.845722923
94.3109744341
63.6259817334
61.9314194471
1.25870131361
15.49580152
477.050438092
4.43578065348
39.0357620829
10.9524718248
83.9274601648
879.383089231
104.444575267
14.2144538377
101.374203025
179.922816431
3.92030133176
94.6365831458
2.20259907909
24.2016386603
1.43338350865
12.3535606709
1.13080036162
216.202328552
1.70735855145
11.3638637162
1.38609838454
4.25134347537
46.7451962801
55.1673149632
0.562088319715
291.066411973
105.776637549
11.4945630077
15.3357897192
46.2427420267
13.2249831155
2.71394323404
54.6469009491
247.280520724
239.951262216
119.097765541
34.3682527002
9.61723457739
179.897203334
182.075015836
99.9304359669
0.0
113.3545755
0.0
19.4352966069
11.9519340457
689.985794666
195.926985095
19.9533531773
42.6842157268
0.0
50.4032776514
166.593073615
49.9216033499
18.0818438021
179.056719444
160.334279568
200.983617911
2.73952419569
142.594325491
80.4972358651
388.623476886
87.7865926496
24.110753685
166.141402089
2.55450472646
14.307359479
75.5355679181
118.596576132
242.675455316
90.0302875996
68.6846493551
0.913162306257
18.0816355655
883.222535646
262.384385046
9.84795940078
86.2001809771
375.031454981
1210.09523959
19.8534613281
1.51386822462
18.2042470518
79.99092795
40.8285554677
0.97381570338
179.566248599
26.8714833038
2.00608932212
51.7832561948
163.15870001
88.4258339004
3.36209366747
183.753177564
4.52639312168
0.0
163.650284829
76.493498514
500.302173547
327.810898338
44.0893420484
0.0
0.0
715.912261896
2.20642703265
13.8949495421
84.4290236283
2.55398156423
163.646635548
295.182194734
391.079929186
444.36716751
110.146603881
0.586007245109
22.3542770136
651.667961545
718.585686409
20.4458030779
437.463047077
5.35939720632
77.0863994177
119.869145744
1.53658657626
54.7379453153
38.8622071932
91.3310848335
0.828809788996
10.1585737949
103.337357053
23.0708704339
7.08123076953
4.34644845454
152.659577172
191.8873038
76.9960131818
63.404479733
3.57179173992
1.07449036781
755.431022254
7.17306052181
1.14920101817
12.153559738
404.080770068
15.1331112755
592.731395166
3.86525361144
238.376858852
2.20728440169
0.57824464889
587.124530661
3.04586588407
80.5324895435
163.453087377
100.308773518
14.4431052934
149.480945056
1.97742980145
0.0
555.397118592
20.1305136445
3.34282921481
25.4700268302
1310.62420013
0.796346737576
48.3886557719
0.0
16.8794949008
3.00754521535
40.8019410356
31.9268011448
898.702802977
10.1638157004
47.9060495479
717.400043993
336.23252985
14.4697724272
1.52527624605
3.59041348712
153.510136113
0.0
6.15859241438
0.0
4.66524448882
52.6349848596
22.9289700722
345.480653556
77.2140201499
2.32638414547
73.1815320141
783.955046479
1.26826219963
435.914364785
1.3663030572
13.0552870292
491.706602806
42.5612983128
110.105122387
254.815014359
16.0430754796
36.5557032122
50.2382951668
330.634742917
862.526644316
194.20434815
422.826238078
293.913678022
0.780056725671
0.0
48.4260008138
918.171159064
504.190068385
1.77699182889
371.302999936
0.0
13.3878729512
29.2900352645
1.60682528222
637.81063855
177.736247711
0.979555062895
218.093236062
288.316247147
385.406191179
99.335910304
424.345388057
70.6240232825
1083.73415969
1.99708373359
244.352377909
70.8041286261
590.305382681
333.381075933
140.265244554
244.911985386
127.166533775
11.1814035
35.0951461178
68.394217197
45.5142431308
60.7991511463
1.0140503489
18.501030425
57.5044927037
0.0
0.0
438.588790633
105.173967523
0.194285996163
267.504373194
39.26214993
39.6484865928
2.29596746815
7.28337833856
112.488009338
4.6430852909
240.974441553
22.0037827473
252.501958639
71.6651945152
7.0590330093
11.9431032731
15.1693495786
52.6682255846
4.67895339571
1.43605587784
5.92444197102
18.4908538271
208.633632706
32.0713957276
128.331578768
46.7434378381
0.0
47.9399406907
181.552009148
102.426954524
55.8995698294
47.9929394661
275.783253402
3.42298100937
205.99567525
269.725366502
85.1706170048
4.91743438827
323.600903959
467.27992084
27.4933702223
166.961377249
7.91966957134
838.280265646
39.9335007441
462.118287952
443.288606246
178.176137162
17.9750544382
0.0
41.1572543071
1.75831223819
315.418801049
175.502141927
5.38624044142
6.05361547977
7.58137771045
95.5156563564
10.6252769159
312.481178329
726.579318522
790.610382065
460.29675535
401.907779143
776.847571474
0.709892573551
24.699244344
44.4288447663
342.664587
79.0326117308
158.52093889
780.89177356
11.3345473506
106.891875442
18.6169153562
107.716483222
49.9584882148
6.30330396967
106.29457072
424.582424247
5.40947809907
481.282482407
40.4181726238
10.9359607222
249.954048069
0.0
261.145566468
70.3559932648
670.897319906
807.87756588
12.6890927546
0.0
1.14162994817
0.376106077746
3.88923680737
158.638591261
165.892191772
101.605715805
44.1525816921
14.8522271493
0.0
10.3030244118
1075.63609437
4.62443783547
351.836340589
576.014266939
9.79180751252
59.7163531681
7.91090821087
75.4421262607
0.876904721959
23.9305159442
9.8348289288
61.4841864447
0.0
398.882518394
90.8948510919
309.712000991
1.75466424215
22.204421244
42.6975994249
429.168119799
17.9285379897
1.35670617968
25.4166809938
524.015272527
57.9441135031
19.006202037
334.672323849
68.1883766426
13.9298484471
174.877306276
641.756268904
2160.99137824
1.79204784636
4114.49918731
887.568423662
8.00157852254
11.0247581902
3.05158596245
0.0
495.712500934
108.155722255
48.9291684702
0.0
126.22269771
350.768225859
23.6152997792
41.5841585369
104.525963627
349.914994549
7.83774005355
154.656935984
6.18946155632
0.163583957628
22.1627070906
0.0
60.2996109193
89.6430498636
1.21375820809
111.948527539
92.9020342986
72.6325343186
166.260260176
15.6170864622
70.968996709
0.336816209216
110.262168745
32.4427007958
24.4047734248
810.466549183
27.5364366281
17.5239022177
46.7381637972
57.5103811708
91.5735917332
3.5386307104
0.0
4.7691545324
60.7913371336
0.709537800152
315.467978298
0.678394865691
1054.56574614
1026.48888808
132.631000466
9.27259535763
3.89882083081
37.6485325368
44.331968491
107.076501575
17.5255526854
0.920269342936
3.88094205106
2.72488722217
208.441340382
28.7265149971
0.636590733506
167.643034488
50.7781947241
262.654826494
70.423150841
65.2349060915
54.7224059834
2.82719564382
13.2184043827
344.354460107
4.52696770032
13.526413249
35.453492959
77.300186382
71.4933170869
51.5236057707
5.10259525268
784.210559164
139.321231102
386.933936701
343.807553775
125.150871998
97.9439016002
228.422142222
75.3579048552
43.9009753693
10.1414598346
263.071548985
59.6314402116
42.0069391687
97.4932198402
212.092165608
0.0
437.432575127
21.3820976382
39.4794486369
371.850827908
15.9370856411
0.0
61.7338530824
2.20774714961
36.0759968749
243.595777361
730.677120954
2.02097823618
460.983324143
260.989169242
324.066554328
1132.95708439
181.034406327
0.773525553063
13.7722982081
584.367635423
133.175303841
0.0
1016.15557039
0.296386181247
657.821075538
85.4829294266
0.0
11.9590346554
1.40377664017
22.5859890325
25.4988148919
158.502868584
646.744987037
866.697929833
4.91425556718
8.12248298318
219.09350038
164.19735955
634.697993001
100.049634687
132.691733559
66.6020652324
2.4488953697
179.623831149
2.92581622165
152.330985022
551.746252232
42.6455351431
7.10822825395
0.0
198.201563326
6.41442259737
9.12471655
2.38321087445
0.0
27.9623446643
1.27067363042
3.16909822383
258.548298693
54.2842608355
9.28500214332
2.10501968401
20.7726444989
351.323452655
85.733517704
14.833245487
0.136668739505
60.8339395059
218.489187598
4.93083608196
27.213555558
22.476741963
16.1809512198
13.807465764
5.42810113171
28.1699925065
174.254337041
267.18393569
5.88427159605
99.5234170432
32.607112558
11.681065841
13.4434579733
21.6650615591
0.0
314.125811401
194.223343952
233.318018984
203.186233701
783.656588214
10.6448421547
570.59378958
1.16008073574
123.951528388
279.41945708
272.109873071
72.6213563858
0.0
333.13732347
106.10479266
2.2907564125
379.299481804
197.388241452
3.55338080007
13.6611075974
52.9821087786
3.80170161281
1.89126228404
139.87496168
3.38756151295
3.55634367212
61.5486497995
753.184648508
77.3812238247
7.28237957432
113.643596277
203.184691207
27.0660443778
320.494864136
1197.90568063
13.7582191029
15.8823657006
13.9120455066
86.3417497032
463.440791919
759.605014845
873.578848599
519.135942858
58.9560686323
12.4348757622
70.0430445647
144.864384219
102.639327536
137.394803833
375.295363972
9.86796425009
3.58560090885
0.620606649389
37.132608463
38.6079105054
0.0
8.39795810045
5.70879373168
366.413537373
378.255446675
53.1459703848
72.2883308533
345.797728425
244.105377213
0.565129601824
717.043973615
34.8362116676
115.926865171
2.18451720442
1714.89402457
348.752753038
1.94815585439
800.860853739
562.053644471
10.0686580194
3.31249608919
2.50973772223
10.251964036
0.96977951326
67.4063275301
134.094134809
10.8867899004
14.5262816598
2.96147608992
16.4252422695
293.157655909
30.6184906842
43.3098161975
305.310511242
40.8150123787
19.383385289
9.12852650778
68.0226409072
116.896007121
48.3738902573
4.49445708872
104.038943301
7.11168472377
467.266534571
13.1834656299
74.7519686001
23.3491734552
26.082334867
36.4008664755
9.44559237905
6.54868119152
5.03193621738
65.2987228848
14.7291477735
189.253101028
16.0531608132
65.1607250305
27.6360893908
371.162031496
361.419119728
835.252673162
44.2033657047
707.698958209
201.725294838
194.199506007
226.601546686
439.172720652
13.2425996714
340.612019792
225.88404191
0.0
84.2956995279
1.93350217052
4.51177928553
5.60445436086
313.01802118
174.275357364
352.932978586
0.0
223.861534035
170.035020862
60.7157189832
27.4756161274
823.352079712
9.23606269544
829.882779289
16.4257127299
4.19137648765
100.115744654
39.636507849
546.119409869
557.438600418
1154.33846091
1501.87326401
128.085871195
0.0
12.5428798394
510.103063773
512.026470326
4.97047558223
88.7836215878
21.0684278224
312.76038628
3.08089461559
519.465672598
539.073594742
64.5486033783
0.163583957628
2.72033429687
47.1620884446
3.25186582948
164.310322742
15.252516947
337.2560164
338.429704495
15.040304611
61.7160077234
0.0
4.53310810802
46.9110489879
138.099419794
6.05390469721
0.0712953136822
695.408333825
90.3535607199
141.820153377
180.111030146
10.8442736505
776.320699556
114.766231709
33.7452204803
3.56002508884
16.6454601445
151.168033964
426.757615796
17.4049233026
113.533748921
9.39052409213
5.78582069242
387.783342628
3.68837979085
36.0226163324
216.283177039
20.8375731726
367.140235408
479.598060729
23.4722901078
10.0103466409
0.0
0.0
569.759275136
49.5594157012
19.9020678546
17.2576242152
59.6686747083
404.214765153
275.145750027
1.73305648549
8.500325651
402.052026663
662.196819792
23.3711591225
5.68077434563
50.0931774216
612.926652385
42.9645946866
12.6847159306
15.3385906294
11.9062068396
1.54469623341
1767.44013484
25.5943646232
23.4946601131
510.655737744
711.220025065
70.4215183694
82.8997304736
7.63857592316
32.9910159381
216.721894195
1.3279978134
152.153100868
0.241177784554
717.202273248
17.4508831682
86.8544872433
22.1329164083
265.786411288
789.316510624
456.697684621
1.43086410335
0.767401855695
6.52920593147
6.53161350604
0.848300473957
35.4893957699
369.292806296
1000.92517279
3.90768116791
660.445525898
58.0603891992
134.877782973
82.5313908482
387.704113758
586.185891511
0.0
56.6809363888
66.1467264288
17.7292710265
0.0
66.3537701279
47.5096982489
10.8374596875
318.804813642
24.0829643875
387.966432695
107.896340482
74.0225236421
2.32634686856
67.5296858401
62.2498144333
5.11800218732
425.759427417
670.762822226
3.25122312403
2.42097110405
171.96533907
527.298321138
365.649604841
656.839867437
358.914828292
366.603035214
156.067340202
458.330763134
297.422893391
529.950684194
169.635863511
10.2744844343
196.605164011
48.3189286595
63.3405935275
44.9900448672
93.8005480626
551.465663752
56.4593225577
167.992464434
178.510164029
264.312437074
612.445205601
299.697451056
166.426832714
2.45263462991
1.72001856307
145.73535677
416.316786342
3.20221683478
83.4043673543
94.899105178
5.57852248204
3.77469641593
163.151303756
43.7601341862
508.326916459
33.7499045176
62.7634016302
60.3979358528
32.9732194247
326.221068759
5.98049616807
96.3470343961
16.5479334512
352.925366384
13.8729831558
783.643466739
57.647668193
191.011788607
16.5861024415
49.2072131239
79.7608985338
25.0537208131
48.2137010698
86.1974777585
4.69654038719
11.3477253828
258.399319573
3.96292169987
53.9604427011
142.844327623
2.05848523985
244.419960956
491.017270381
67.5722946395
795.081782738
42.815236371
49.0980136145
35.2234506889
187.391193672
13.720642687
477.605176433
639.031791728
1.90730678249
0.0
41.9771600551
29.5687740401
0.762462021739
50.9426463341
50.7622350627
323.897346698
33.5437233293
415.107016763
402.276622649
597.343273253
2.30180708972
396.787950386
2.30928689555
1.72417686722
519.52068304
6.33095444281
0.524900097952
0.359130941852
547.707054252
70.819921184
7.16836105967
2.01822231528
6.70900534719
87.5851713378
0.0
22.3137955692
1.31009589627
304.191842588
3.26436259392
6.45348237738
0.0
7.37003045587
4.8258771431
10.0105985814
0.64061792575
108.619621895
200.15237998
67.2860863414
48.5413857202
14.8317325585
140.693659141
53.5475417372
718.254858929
8.48520536298
14.8581786016
44.6549369689
50.9089557153
627.704072479
10.6231675567
2.42078086324
1.5157115038
3.46755648736
134.364171353
62.8442771109
75.0225051689
82.1059892636
84.289683805
24.276156499
67.309708337
92.4658301211
118.195940559
66.7657198876
55.9813026794
96.5331657457
68.5949071102
155.743046466
140.034391189
27.4893983027
419.95389752
2.41519446762
0.0
56.8681449129
0.0
512.432044448
78.1152448457
115.919091006
25.3587835176
502.633236588
466.608343793
13.4737358263
39.2460951483
714.773332596
0.0
77.8011495589
268.791158164
8.33980739829
101.098670064
29.9702361325
0.0
2.13291695604
52.673410932
0.477928614086
2.03326419323
0.0
40.7186669781
56.818085872
516.897761035
60.4251030112
1.52015516916
835.945692147
4.13754090977
47.3755026397
23.894862503
1.30608412896
17.3800107546
622.701236678
11.8461113108
357.078636865
56.4179143322
376.871466649
486.175959309
114.705394498
29.2267596292
75.3132895295
2.66178768814
945.166458286
177.847287929
570.567474649
52.452789438
0.571180030768
26.2823602226
2.24967211041
0.0
237.925944433
177.833537889
10.8439445854
26.2353064725
28.8763926187
6.50890929391
10.9537340982
640.501213014
69.2895251465
359.636986256
84.7761848244
236.477368653
175.43076049
31.7408060487
3.57406434631
15.2032471486
60.8980789373
1.95004669378
131.108910754
3.29746192371
16.396933666
2517.45146512
0.310323891269
23.6277618376
27.4203807371
4.24538688143
0.539013909258
24.6568720601
1.08478136721
32.1026839135
342.554328312
407.317160837
367.159607835
275.497000115
88.4971035059
7.70132839622
103.567887779
4.74637705187
642.436931234
226.876398379
12.5917575876
4.35973317585
283.67797572
44.9896142546
111.347704648
198.444761776
161.675355152
3.35120238119
44.5615904319
306.170201741
125.402858803
5.95988974647
946.073250096
1201.18248086
681.618084854
0.930879124223
2.34875415077
10.0777381618
1.88923262029
125.411291098
285.246584451
3.8705713562
40.9837071299
1067.54529676
292.919371584
91.6489926489
241.528164418
3.26981916304
71.5898450157
30.7923077978
2.56954788982
0.0
10.0368261047
113.522532426
84.0718259444
52.7096068164
364.297888627
253.04382359
161.145385393
17.8326232018
167.557345143
10.7861396587
0.0
248.735352598
257.985194899
3.64919404062
18.2311455596
56.0202197788
10.2118784981
1074.92330448
138.787140316
99.5072221516
20.1229644265
383.467017776
1.98407794645
22.4795814356
112.466121362
9.49841376775
187.064689029
24.8724046124
383.547475498
0.717526628685
0.0
123.919780025
205.558614989
145.759746156
0.0
153.64388697
148.381940618
22.9531897837
1.84007208172
61.7828413761
12.638577393
70.6217712426
1038.62665269
2.71654876185
140.819413457
24.5385217108
5.26296439774
192.841268903
0.228857121403
253.750893401
233.504879162
3.44838201348
50.7573325058
10.6009633694
6.28913231486
53.8945486839
745.96642379
252.217948394
19.867336053
419.339185765
186.892359135
62.1844063011
443.474485655
76.1496408242
54.2806346916
1971.64828689
346.08001622
44.808804506
1.70004970527
311.702954598
733.513815786
17.0534264159
10.5661480161
28.4078372207
2.8442543314
385.805734154
18.9513034244
509.681341035
100.897237183
39.191657998
1.3913582858
734.643891175
609.554200877
7.6268234116
4.3700665938
2499.36557871
258.031622654
51.3195609351
1.5443517433
5.86902148154
0.0
416.363540592
106.602398344
2.35608227812
103.781368816
9.40843372175
144.354750946
145.370929935
12.1289955363
5.98180471632
178.757411524
0.0
752.372333112
7.02086530444
414.285977283
0.896066341739
14.0800859837
317.219380168
119.114954055
610.38572931
4.10963206905
570.203330603
47.1261483567
7.86127849733
174.309918207
53.0116410931
180.726398747
341.032104917
0.0
11.4773899185
13.0944059381
68.2660398818
0.0
12.3424405814
74.1720027861
5.62372138433
120.31978637
54.6036455879
6.73803249536
111.330852912
0.0
0.601063262582
227.453861498
3.90585074282
34.0058850938
5.16257766534
143.40093752
0.0
1253.86684992
773.541125815
6.68377016105
6.68975631947
285.528477625
96.3169223611
984.641157329
13.8462054766
66.433798523
6.21214648728
1.18529535529
3.10540611539
21.7630150088
341.602588254
10.0642439185
6.46150719743
45.8765310417
74.6872430215
28.212585881
105.816720516
0.0
10.6679962606
24.2308072036
10.779407962
9.81204502119
526.295638963
0.0
665.221335002
406.908698395
288.300928905
51.2010049203
299.01771165
7.24784701138
7.11635076521
0.643700341006
440.421047416
189.453290917
109.41569741
0.0
368.336787106
0.78404921182
23.9316471058
38.1421033157
16.7654866695
94.8341353712
70.5342990331
259.775218223
0.0
488.164644168
102.766666764
177.409205766
5.41541541186
210.154688948
3.46132995714
14.4323027006
308.905509789
79.135791661
55.4145521744
7.31497759385
0.558094548155
96.3010719597
4.77175363318
0.57885521905
171.765182602
1.43945193336
2.29825421408
19.0803329671
517.970746187
119.463572907
44.808804506
510.846562128
622.129191566
15.8370729632
169.550355409
3.89540163791
6.15521692544
3.07996911977
1.855577993
1.91903487123
184.664312778
0.514524261439
165.559454172
1.08720822292
289.992861241
0.0
383.34985129
431.386062829
4988.50259555
47.3842344358
305.555121073
51.3046964439
54.5350560644
4.74075980637
2.00249916957
121.311613251
318.589252811
634.005204104
208.449577295
879.507328045
17.7781024999
29.8404122059
161.673514443
51.4611052382
13.7170525345
266.177767481
9.8802193573
28.0858263737
21.7560853588
196.144855809
73.08373667
50.0242704014
40.6831382217
8.58857296317
57.0278302193
0.0
48.4727627757
15.8673610996
104.068429341
99.213021169
9.31347785023
3.33032602333
13.0510117527
48.2329578101
105.338813754
186.582972309
15.4571903484
126.23103617
0.0
79.5970652064
75.3562428191
461.974958213
14.5881150641
629.243262013
5.14846256863
0.0
54.0809486844
142.599644521
6.59040562822
1.21617992216
591.025322026
182.125328102
94.3242527285
21.0528435011
0.710338611123
12.5966472905
115.361428356
71.3325597476
438.81810536
126.676015847
479.170413532
41.9007269542
3.31581244924
31.2330276235
201.018736621
52.719203694
95.4933506213
334.850341685
5.78582069242
113.384456161
6.17293888505
4.58190230451
60.302932421
26.5470970176
125.504349703
2.22412585486
10.5136492655
1.14635126228
0.553911821195
1.98201743283
0.0
0.0
79.0388639692
11.1447654341
0.0
33.2551473045
136.566710018
903.991082256
0.0
187.681299336
67.2510280455
8.48793943189
108.350144505
15.9815261509
1008.85397264
53.5026770418
351.28263829
55.0353919605
230.01867779
223.887501905
285.328316016
129.001538768
221.524240607
220.959623884
1.60638181547
1.627573099
70.4259813157
541.842652538
171.586776572
165.157048588
0.998904352661
40.6910859171
511.270909676
573.901811154
1155.178698
22.1888060728
188.97635721
42.9666114962
64.7147967198
79.826260391
3.52044600286
1.41148524914
71.3011070291
274.999224757
24.8057354924
2.33892975554
240.048058796
70.2110837563
142.42609863
0.0
5.97564888369
50.5312544426
13.1792867592
7.15142834234
0.477928614086
12.1873159127
0.0
464.352704806
243.146276893
70.7873437309
60.5263394003
63.0631427338
4.06574685666
1.49878649893
1086.66362133
53.4077687306
4.53778571817
12.5939929171
34.5370605676
66.6106761998
75.5008798206
12.8164114155
6.36886892172
1857.19842435
0.0
19.4008630206
75.1873899623
336.779002998
6.36640478908
35.3538080609
1.56133844789
0.0
562.686654049
5.22728524834
41.9413806437
427.304190492
18.8148853399
9.32122887777
436.039760471
101.18926068
11.6540889232
306.761205378
2.7093029008
2.54535774273
332.225762786
0.0
113.646282786
28.8232318815
62.697786547
46.9534714027
68.7559999416
15.9537188577
130.344735279
13.0030980626
1333.20559254
551.32354487
19.7638411971
0.0
3.36484059048
2.23829365342
397.594256487
55.6069884646
0.0
70.2155994048
461.911584887
6.77181052211
28.8758771689
99.2051454565
381.416089467
14.2343481417
3.32264312258
10.6699603684
149.765358921
12.2304324494
0.69943961239
223.703587889
153.073000013
4.50856061672
48.1712336656
16.2928758002
193.694194285
165.112750758
9.14290511374
154.345749582
0.0
303.4044256
9.69403659124
740.482118068
6.92372037824
4.72390292828
0.18893868696
69.2686899215
0.0
144.444530468
474.589860909
75.7231980569
1.85143511378
2.78831967757
4.24527633609
50.12782053
26.3812918699
56.9901548268
43.3303352112
4.05821563441
87.2614097612
169.525834912
242.173395684
0.0
0.797238812716
292.636633895
697.100408842
78.3598174003
76.8697022829
317.688204216
5.12909528309
17.2158547891
423.21801203
170.091839878
0.0
1.24127242768
129.936028611
3.1161585773
47.6886788579
0.0
66.2257894804
0.0
58.4515127323
1.41153538016
48.861500586
37.9320183346
39.3768599956
0.0
560.200648868
8.45338758783
156.906448703
220.763797966
493.404426181
556.171082473
119.942871769
659.938413314
907.477329902
16.7733585256
0.0
0.0
202.60223041
65.9943692498
0.0
25.2798053032
473.46859958
3.60500675668
3.01621788247
23.7316513146
332.884732522
7.21409983452
286.9045678
171.436265243
309.409149191
1.56852260922
108.97208541
215.914983951
19.8573985416
738.988284258
10.8439445854
1.19551694249
48.2338974452
27.2324048229
149.426696862
22.5673608582
378.68059632
500.048569696
4.016739282
291.456872235
0.0
56.4281230653
5.76270386338
4.39915158546
32.3305756914
5.06762565007
138.155449569
21.4311836229
2.87615308746
7.19697044932
879.204050775
2.46832949658
2.07885386043
2.66623778056
752.152174366
20.34277097
94.011134354
217.915731105
335.945932072
4.12704810087
174.508321373
78.6748394682
14.4531289273
43.5878659927
1.60168492417
17.6585091583
1129.90430685
46.0779523536
11.9895965841
2.91461000974
3.84962815695
265.788974396
22.0567750956
1.21756945131
7.81013842602
3.52932819195
19.9747205621
59.9773249944
14.4335572615
22.6526465837
149.454047834
157.386995699
6.4048321469
359.474411346
12.9248319658
554.289381074
26.5222538818
3.42139224153
0.0
17.2954564278
20.7370681824
53.5395361984
19.0781850455
529.255315478
14.9142327986
406.164895398
558.217293323
64.6858916857
12.1539209384
347.946230988
56.5890822138
665.925732444
125.847923317
6.22574741965
33.3505299324
192.453289485
128.702220565
171.562484877
33.2388572926
20.7041218165
351.728927801
201.797939834
0.0
10.1358065976
3.17338506906
55.4110764236
15.8872644014
13.4400567762
81.069020039
30.9169219541
1205.52532502
9.12390931198
240.572580983
300.353632736
0.819292606945
0.819292606945
5.23654791904
612.013382104
13.8530849956
213.857721137
498.778759861
1.22428957932
238.206897971
21.8280490861
340.838529753
6.79269587786
4.01569038673
98.1149100909
6.338522942
13.5900590826
144.000644675
39.4206912208
171.658457509
0.61210494192
1.5288188384
17.5478597056
110.258221248
4.52979046257
117.129184508
5.06961932232
15.2970114442
229.186114602
2.01852310142
19.60438855
61.8740567018
116.728849721
0.0
333.107061042
226.000277758
8.1619746612
9.80990609752
2.36684373789
16.1536182432
9.58703899075
602.34633143
20.434769111
1282.1902395
7.28723585655
14.5725024637
3.12705500521
53.873707032
158.639408782
1941.04011934
17.7824034846
245.956404851
15.1548629982
664.727841348
839.617983736
2.9709971282
5.27266410814
17.7944632094
14.4576047281
0.0
0.0
8.77093420274
186.297995434
13.9637832939
0.564319792976
0.869354218533
554.997503636
29.545491393
5.1058974732
138.664519832
64.6465131239
1.67253548568
97.0507261475
72.5454965781
266.122123328
13.5968833289
4.96861816354
4.48225211252
51.8994110623
280.918986546
616.039872515
139.396674436
77.0156529743
31.9339300334
248.238156961
4.34283645
282.614587446
178.497443603
0.0947759139714
139.74700417
429.658689145
204.44889922
185.974826432
6.67481470356
36.4973159944
187.799810361
86.6461054318
24.2395531392
15.0610357174
15.602006022
4.08366162792
79.2038618789
352.485767435
34.3312817129
63.1167700751
444.346795033
171.921690373
52.6857932949
407.784308709
154.512115168
0.0
6.09801100027
463.525296115
0.791028992823
5.75988624278
37.3043290714
594.695062074
2.65595834987
95.8124423001
0.0
40.8455575971
403.42456525
19.9235046516
11.459392881
424.345765967
37.9429211896
680.887012566
11.6828525621
19.8172898663
6.58437190963
28.779477781
13.0445744151
11.1814035
150.934170167
88.1578720096
1.59836213708
688.769438643
3.37648512752
534.802705308
272.194215305
5.83005168029
627.391736919
573.130514503
191.992677926
5.69911458786
56.6325946571
14.336524166
47.4308922794
127.407696135
0.0
36.7983437943
93.954639261
2.52426672125
9.56139375855
75.513677371
55.9744681499
1.78071180794
17.3779566682
1.90945984569
1113.96270427
57.9287528432
11.6729484714
121.782948992
28.4290542124
44.6560784139
1.28322823834
0.9094410418
12.0047721448
159.511912259
72.764137254
186.736371956
17.6504200677
7.68094306528
307.296284645
12.8429075897
25.8005728052
9.64771295443
5.55844693514
0.0
52.7067570607
12.7735378214
275.859464127
37.4208554226
1220.66292495
386.400977075
9.27264805949
3.90185568585
562.959891266
789.964463104
58.4032108479
22.3342156062
185.032676826
3.69702032271
9.74863570318
554.398264372
21.9413220624
63.4305195862
368.244463756
739.109043466
648.533602836
5.10808909873
0.374334781572
10.2621959065
71.8851437394
4.37393696589
19.0958465907
49.4743677765
333.339824527
253.770993371
122.053390441
10.9438261513
12.5266772354
7.72320994539
20.7897263239
61.8110034426
324.752736213
46.0505705313
6.4850096497
6.32010943133
93.4951691469
5.05202204757
10.0035660986
358.964649532
26.1894365857
50.4052687528
52.8870693553
0.594095050278
15.2167336794
1755.26424238
451.029868502
287.641614679
39.9808064348
46.5164111417
197.336152748
21.7339531545
2.83454305231
572.037758447
0.0
43.8296646307
172.208672488
318.524168602
261.812668999
72.6033567774
0.0
25.0390696999
50.5632945938
0.966702239645
29.691056461
24.3247141799
23.8453086287
309.995701452
7.41147338758
709.830238838
0.591715754764
6.17852142445
51.1677860473
37.4244288648
1047.44013399
279.184999423
117.125748605
68.5448982003
34.6307811592
141.763131265
794.33700283
36.6723118297
18.4539920997
1.73342025677
1.0810189696
160.907169196
0.255323731134
171.243832809
17.0817003133
73.1441882576
0.0
0.0
679.603898728
1.78629691815
249.733939456
306.290751429
0.060643113836
11.3307116846
518.793640515
1.103755317
24.6891705789
17.1993642531
2.44717291914
45.7592938583
242.351081884
19.9268081575
11.3945888922
5.64310280937
30.337634837
18.3966846271
156.672122158
230.407542856
1.24043819602
19.8283392581
7.54873470151
581.545004272
295.838312144
1.91612855726
12.789804696
0.0
0.0
16.3629114112
280.017773419
16.8193093932
21.3563894208
120.812916253
33.2023143471
46.8520961893
6.79414196509
0.364912719926
73.2636029272
217.189921289
0.0
5.30574544218
327.42983186
9.39286996695
5.85442949738
692.911815268
5.71150851943
67.8114466165
53.7931567602
95.3472880992
72.8346523232
29.4309677118
10.6237819831
14.2295484175
882.585344627
79.6233505734
493.506004489
1273.78771305
12.4792404328
182.395999639
134.333576003
13.0860340571
4.97047558223
784.107628604
3.76652248823
0.767401855695
56.056017186
4.52249189967
17.3978535429
345.122643492
18.7992624562
173.874454426
63.0370373245
184.434063556
66.6911274952
365.540751108
64.2302276732
274.471463334
983.640193749
22.5278627531
10.2021196588
63.3792741113
96.6706365817
387.237401639
362.741582562
35.074088517
72.2904325
157.721726972
41.4622193206
2.28162870994
0.0
482.728331832
0.0
0.971153617475
100.633076252
0.26300791729
19.3393843897
0.592709377362
982.552489357
94.8525925857
204.958159726
0.809035028234
379.818801933
0.0
79.2145269328
130.230397983
334.253770934
1.28398277452
1.05337363811
122.925608555
0.0
7.44658952701
214.855619013
38.0610208837
0.118529021364
25.0516037414
10.6875627848
4.76182254883
1.88082860405
7.30398990178
108.660377132
0.0
114.238816062
275.273938911
53.408489846
22.1400658636
22.5721631532
191.531689742
47.8789518013
7.50840236474
7.19226327472
172.361051519
86.414722478
832.631001861
79.7720070546
1.11587417065
5.31423301013
59.9794484934
1.98849333278
443.646368226
106.697139552
64.8741259674
0.0
1.5999971797
0.525887293496
150.677149693
22.2826089307
61.8079750147
192.188212056
244.270078193
458.251507271
16.80773941
214.510238111
49.0244662611
13.1826159734
718.923018069
481.795789386
11.005322778
64.6553721757
235.318667164
15.2344093642
44.8977909295
1.90264459728
36.8875680187
30.4015673173
1.05426314243
29.8308063305
458.191598127
22.5173583755
686.258068448
8.55731691258
515.27555067
221.08076229
128.366000785
4.29991658119
44.8798016042
75.5501689002
140.15967633
247.319473815
2.02185231557
1.18615272433
14.5285259872
54.3652468618
108.925513689
34.0178201336
7.33950066238
264.124476585
1.51598915255
65.3112852052
508.654338886
10.8142220299
74.4859643901
13.8668697417
51.0765244466
190.574799044
134.688771017
98.6158976906
6.15715532504
560.0403787
220.263284682
7.69268272274
0.0
130.495566676
56.6243191819
94.5485376434
6.28214996304
21.7434433429
4.01335350978
1.67868103503
1.04894025603
1.03530975921
967.489159181
548.476619454
21.5941325875
0.586007245109
24.2954762243
452.630636929
15.7322399947
446.889995858
0.0
863.199414224
172.149228663
51.0439611333
253.868984097
20.14848883
53.1626254534
5.45190308469
176.989872607
636.229435363
114.616521191
1.43059673789
74.6968617509
1.47893846975
4.85369986129
0.935057994949
1.99337275242
29.3863845214
62.518886919
19.3158973624
29.0024580039
20.8199489042
9.70636368141
40.8682206761
537.693465804
8.04480431914
533.988815283
25.7513801313
40.4439631073
234.809175284
0.716994468585
7.79855687411
318.567549934
206.868862563
18.7312385132
2.79630079364
52.191537392
110.044060229
6.48476670702
192.868115994
65.064276797
180.87417215
54.7057342046
0.540831480224
474.521731562
218.028070873
59.5972508535
2.29069471278
8.45007379861
15.7566795116
0.67913526235
139.753276975
533.024199264
571.032198237
241.697654839
3.99638223011
641.368499007
3.71931834501
108.515141129
10.5560793928
851.867849025
13.6611075974
15.6300858223
96.6595396293
43.584049608
145.003511949
2.80840550777
76.6088564267
750.536714979
0.0
172.460273669
271.556789054
28.5786297624
24.7427902078
15.1568695245
238.7124205
1.96381472956
4.95277933084
56.8860995318
12.6646146755
11.2916621879
115.702424722
252.713511559
0.0
21.9131381438
10.9359607222
0.463998616529
12.1670861165
351.249933581
114.189372733
160.512459366
516.830787273
287.490596898
182.15666899
6.9044687797
240.542722174
16.3052041758
1.63407599258
0.890040335599
138.386733546
82.2722931506
12.2179588223
517.097711837
10.1784051138
243.549528278
5.77443452295
22.8740483221
1.43086410335
1.94230723495
96.5047311718
0.593268531092
847.36927091
777.073599406
76.9505584828
110.25082628
1043.61571403
20.0140027182
553.652637376
208.365648963
104.543662449
71.809798096
53.9229485514
0.0
0.570979506676
5.62293085665
0.0
337.039979967
1.36311909449
0.0
2.5149989089
250.599851342
366.082676472
282.985505605
12.3492584007
158.53574811
4.22001929798
307.763350252
795.602955146
22.5397707994
4.61419568168
17.50505938
253.929606644
1.97306197533
64.0966246385
199.624267641
3.96910838235
23.4403592166
15.8598363044
139.891853264
76.3879739944
0.0
102.497018414
326.673334145
927.470314867
203.495961162
0.0
40.9501990395
5.41537556411
65.2059187911
14.9357608598
327.974531142
353.70114269
115.673437421
1.34871992197
10.9595441554
91.4681803296
5.28028530916
0.0
40.2701100023
21.0760207444
512.537359446
97.1510601781
82.0736611805
33.7399824311
248.740863155
97.286041173
2.22386491645
817.145256111
5.25551544177
180.835015965
54.2266808558
22.9169463389
507.216327897
152.870956562
3.77497535009
0.539013909258
7.39316142437
530.766957371
3.31315421955
16.6897296947
0.246118903922
491.46428872
21.7911076634
710.080528899
32.7380098028
4.7625063874
5.14846256863
362.305482503
55.9470709027
453.127255415
201.970583367
66.8788540395
287.269885425
306.866571793
137.078890975
27.5078683715
88.8409804768
14.4797060825
18.0778783096
279.494352829
159.228120533
37.2490705437
0.0
6.19407618132
124.50760227
99.9047444599
12.2613620057
0.447038905565
5.63780948742
57.6713120404
73.0564551099
0.447038905565
18.2435459182
0.904043601572
15.8823657006
742.768722604
658.998594159
8.77697949003
194.421411626
138.06513146
109.345912455
22.6195922433
251.531636683
270.977631764
26.466146983
7.76162701994
92.1279470209
769.368026584
85.6816051009
79.1404821254
20.3766698254
143.345432193
4.33905477124
0.0
1.60481361421
40.1289654622
6.40066355946
411.896710838
3641.497859
1557.92120496
857.817994075
87.8366478342
232.336947137
80.8332024177
55.1042668455
0.0985151741805
117.635014251
237.155893345
7.95830388032
843.461120568
227.631570836
316.904229559
7.34525801765
968.940979337
25.0661198861
15.8934176633
47.1134420703
13.3677395608
0.0
234.546547849
390.910765262
46.1932845582
5.94607415047
458.490240204
107.481920162
10.4690827853
129.930237835
73.9571874929
1.41759994863
4.68819035818
67.6294414358
38.6787417856
239.124334269
1.28322823834
12.3134944142
237.80781646
2754.4696961
150.994228419
517.849549938
383.784642801
368.986942781
1.29317731845
244.893515317
106.140876714
10.291953168
49.7165533234
118.558837755
1.49446623301
118.915571405
26.2296583771
18.311478597
0.0
24.4162868499
0.0
11.5855315346
360.211965961
134.744931903
53.557993413
361.604107062
27.4188151067
29.2725086873
52.2843633376
150.981757363
97.0554718845
11.8246128141
2.098559209
154.101026634
21.2649941375
45.4459826722
0.0
37.3466807886
1.90930174015
76.1504480622
10.8667207805
145.530685939
86.2470689095
108.185433242
217.383866651
499.279347698
355.259563255
17.5820901969
27.07248043
24.2048020564
0.0
694.680363233
36.5819153105
651.559607836
259.925561163
43.4377917033
56.3300436452
112.403240347
2.79867880374
305.406900346
28.2912453135
321.884926728
272.34687327
23.3413838652
323.819079316
4.18970416811
79.91374674
4.2351987149
505.105883779
5.93726394441
646.793105107
700.468777884
10.7103762569
305.569166758
261.117185881
356.64258051
225.45961081
281.075755257
10.4127406563
6.59091208012
17.5490242878
90.5048972828
689.380462554
750.807396798
175.006722726
53.904281815
4.22358759855
134.371460918
313.429540327
120.48265821
0.0
1.21787794992
48.2284215951
48.8987633617
1.69295809352
498.022960124
240.885042512
200.280135681
25.3328850595
1.14771122698
0.0
7.46659309093
140.927382828
486.138466445
49.6359272122
27.3616181794
48.5353699975
112.595086634
186.61238508
75.6395897925
76.9593108452
79.5372794619
4.9679883122
52.6838368997
693.608086341
0.0
12.1906914017
31.4535899886
168.075271887
451.335085456
234.194147318
277.762435218
1404.559886
112.947354767
440.467802951
0.0
152.586554266
119.248977419
214.197725165
37.8084479318
433.441819141
39.3648401187
29.9413079611
409.930065634
12.9507329948
649.908596556
719.945478861
319.716293345
700.016186004
704.877428655
478.79457739
79.2888481037
1643.81858813
24.8308100022
54.8145879382
139.631291484
536.239880779
63.6684260002
293.334488596
181.330055968
330.324492293
3.4509631185
16.9925442156
9.3733805674
241.42275173
474.364849736
12.746965808
4.73128375747
161.252080922
82.7811256128
5.16930036415
436.157595371
12.4176628253
4.91990366254
74.7000341449
1.64507011171
0.785767806149
31.2001378157
863.64437462
1333.99644157
19.3220789032
267.015550723
139.402226126
23.9928223797
22.6802829174
1821.4587321
195.036606696
3.29987721073
192.30211617
286.264361206
1213.41661015
209.925426922
313.337076867
4.97047558223
1288.57970071
510.38837357
229.968040315
315.46230578
1.76337032994
0.918055865422
13.9649992926
360.634143735
203.26483786
16.8822726737
3.02142636729
30.152641076
119.180366044
359.47360925
0.457317050847
15.6907019425
1.76824846418
11.8461113108
0.946320764955
9.07411506583
29.1179508848
253.520155723
7.71018230626
481.674841221
258.775237981
6.01782321421
46.6492853484
0.67913526235
1703.68786405
22.9497538805
248.474945067
10.3874154914
0.0
0.96354269974
302.334456022
122.448655568
160.652246513
474.274819558
0.0
50.4834410147
4.47471446321
65.0030591045
3.32760480852
129.445729203
1149.60452792
952.594444062
4.74637705187
50.6501960809
40.8058589678
5.56383923373
24.4401080841
677.289609014
71.5783881486
0.0
66.8942339807
25.9985055119
161.856997847
0.440641415685
527.041278813
752.374441185
212.786401878
303.124457972
2.6860690994
145.18174702
1619.7594257
49.4355715059
8.84523737786
631.498199166
495.012418616
261.793668056
0.0
63.8917674235
247.46994144
744.156447033
7.66358230613
76.0344847208
2.51149359347
5.3532915047
287.773006806
134.337482367
118.033836109
268.650039332
112.857067508
44.9215029036
142.089552357
153.856263839
124.798368635
65.4938932436
175.29850071
6.99075198408
0.135730389573
23.7815753872
102.682345096
24.0263536075
9.70187245586
72.1479549888
60.1027425326
11.6381935324
62.4952919171
537.84790535
20.2575353754
934.85059262
60.3531200027
0.0
0.472783114388
22.0584384174
354.705495901
0.167872088277
153.945270829
926.401167952
858.220550052
158.697116019
802.856684198
344.757557242
294.3415296
72.0505684054
4.844272658
118.036248825
16.6717288009
16.1212978724
275.987018018
32.2574666631
314.015146523
234.640076914
366.056423241
69.9112141117
83.104992593
343.26190843
1.05213321662
693.024882579
213.682322968
70.5693534729
53.4191446167
1422.69973268
65.3830162733
12.8375898449
239.514744398
22.6666627038
96.176938547
298.956792173
37.4862545568
386.724450721
651.360889743
21.9251798729
46.1439183538
154.2202742
164.343202267
112.742926879
81.6432529206
96.8611653217
13.3795499159
105.61009329
393.044920067
391.010916761
29.103166089
28.3559850317
468.262497903
12.3916088325
161.435254542
47.0996547533
771.196323016
889.148899307
49.160185082
4.11140336521
124.915706081
6.22599036231
260.025933756
5.09569773797
117.264785071
143.141048009
1.28620782072
5.50847787315
6.97016227283
442.516040894
27.6255104593
3.86873064784
43.5008256814
4.63445889858
134.868254222
50.9982686331
54.8884669277
16.9571388587
388.850007414
10.2494086392
2.88405836428
221.316721306
701.373590161
323.332334069
110.351876284
0.0
33.2807346932
755.193344644
61.9162708801
150.815187396
242.044168188
5.09470282997
2.28606980449
65.8457539016
78.5965425218
17.2238461885
206.775287223
72.2570632339
17.083773681
319.347548816
9.46119855239
606.112524852
0.706474666059
0.0
53.8464717467
401.273793936
65.5173866981
7.52057520566
389.777973797
49.9816307521
90.1171363847
0.0
847.052102206
268.019685412
0.0
3.56393145247
0.626394854518
63.3981722219
41.7983542619
0.0
1450.59815002
0.0
47.3371729732
163.169147829
55.4120931835
143.097484151
578.472070206
0.0
846.854596256
51.0439611333
20.6519405624
946.584824339
770.432195102
42.3067149783
233.851503056
46.2233824536
21.2597650861
560.278341672
7.27974962367
50.3060157528
230.454058019
0.131528381452
0.284898464339
0.589354455005
15.4926162719
106.86371209
57.7573381626
8.07434177542
70.4814545072
288.367019589
35.3512745161
154.637506998
28.8820458557
5.07594097298
47.7112481017
594.815550062
0.0
208.074169195
94.3881672128
0.0
23.9234796051
15.0313555805
13.730075032
86.8471411204
3.57339336185
1071.87315561
102.673087567
70.2186136932
221.689207667
469.393374103
137.09300093
435.476880339
133.645604827
11.1282774689
11.1957975309
352.72605443
3.58588241383
140.576541501
36.6701639081
0.66999213486
438.473553548
5.19857816746
52.69971558
119.099290039
6.52256164271
820.46402629
4.6076542258
1.37805942498
1476.59126066
248.494024421
66.6255316931
415.697186168
6.27639389318
10.3211062864
842.470508399
69.8638467213
576.138852817
12.5662164737
49.5836778312
383.296645565
2.5531846095
244.412757513
244.777246048
12.6081105846
14.0856081088
48.8818293589
7.82824729432
549.66182226
61.1642772445
23.0290225977
67.6037782078
131.362613582
6.31735351043
5.88108506251
53.6648958932
238.189107885
8.58857296317
0.0
61.8756441842
1.61930019467
814.103602518
20.6474840429
353.889064617
173.482210015
51.2574640219
13.4193063886
58.0084675982
774.764758548
421.99254887
54.2348676377
100.677169701
25.7482732933
108.736002994
7.39912958704
3.23167973723
58.3504074551
229.730465537
5.6120421412
253.914400234
49.6399094149
44.2462637215
112.099664863
53.7583786837
49.2816422693
55.1585780254
77.3942501785
347.713301685
58.5060578567
60.8805639289
53.5628676911
41.820642001
721.092732482
553.404279285
1.64591591206
3.93479176847
1.96106395031
0.0
16.1868422577
509.469132553
130.58718305
191.094643621
5.5207522615
546.928052849
41.1572543071
192.817942552
346.30064157
617.300365689
149.711970666
126.367249874
167.626840882
1096.97850623
28.3734447675
0.0
716.574396315
1179.16196978
68.0986279705
558.114583853
31.2086292399
86.3723566212
449.026366713
4.43901988888
120.517126503
3.76457123454
325.041778842
539.282578126
11.76079345
0.928852031287
102.091802922
11.0180663413
64.6801896032
4.15591328729
174.585079684
29.067265849
1.7983103681
13.4127880701
3.06924879316
136.406027232
8.22127580611
183.362605473
0.0
9.92561621286
169.996567796
30.937554084
11.6986258389
114.317228696
19.8069410235
290.277888246
19.8069410235
295.618402768
377.752975712
305.505317829
1008.42005649
94.6894970844
93.0818671348
2.13078574482
244.689393357
0.485305587045
117.255704929
732.545939965
45.4132239763
243.901588174
575.426672212
0.0
10.4874397379
102.42672315
77.6103457407
146.903832524
226.361791851
514.530541957
50.3158787105
11.3618636169
11.4697121594
518.241535981
506.780103153
0.374454324784
56.6831562934
143.101252976
812.27697969
4.20737599672
813.166670394
0.0
29.712076785
2.72999930117
226.49661217
282.812999611
55.8075999675
4.74520732797
487.566533494
231.662710575
208.691674148
69.5425094297
49.4254707473
68.8001255256
11.2264083053
203.098779486
13.2302661541
9.10244166509
40.9156484808
18.9864195638
4.54426033269
1210.24741424
1.02630802691
24.9572005965
34.7025610728
6.01706610719
48.8838988705
52.7164374899
9.18866831137
37.6284055735
0.566245338456
29.3189595799
757.801071807
48.7901140082
437.193460429
38.7604090797
256.162414164
14.161422927
22.8169606547
218.209335657
114.935845529
0.228857121403
14.8579433714
458.071557462
41.5695691235
6.45500687465
4.07462518952
2.31327552546
34.0216249497
2.20213247494
50.4249689597
0.0
68.1892301554
425.385461548
4.51601471433
4.4170779254
675.970998557
44.2462637215
57.1812799977
49.0872572964
1.20822965596
981.472212069
662.525099587
35.8652717592
23.9416861646
34.5527271552
3.53096194917
12.9020621978
55.5763082778
525.07940891
5.88163778919
39.6730186592
290.084049573
81.8019523171
506.221268208
3.28182747135
351.653164399
168.650108912
559.877604551
12.3492584007
666.277724214
0.0
9.47751041628
45.9611007934
18.4494635973
267.535752644
0.0
1.29965193298
348.821876008
10.9631792973
23.1996557485
1.39213467396
15.5677601057
387.143787737
99.4920016017
74.547667968
28.8681595621
7.98253387514
73.1661057984
3.67540228277
460.621675081
1018.32140543
3.86873064784
473.801972174
5.30660538205
0.0
5.89028988973
156.938265193
8.96832189533
0.0
2.71384682823
12.8168111782
10.5286230167
8.62957499897
30.3274903745
154.144801301
55.6529123386
497.216668163
137.518083732
0.0
876.910489598
26.3632909763
2.85806478575
87.3708085092
43.2778583126
306.059161524
147.459169866
352.136048273
6.98963753285
169.371683299
5.50972215086
285.158553088
33.0656147576
821.981407544
64.4699709394
0.0
310.060691824
14.9788246947
577.364130877
42.2669379391
4.66545401078
33.7897612525
544.885335744
0.0
30.9421224341
3.36030437554
0.0
724.457807017
111.802639833
2.10762007019
0.0
18.3694390584
237.621604129
22.6850787853
29.7676399551
25.0566438374
387.5740019
7.46646069361
24.1358333364
9.11180459783
79.5682630053
58.8779169372
657.869164044
733.65345511
2.02942724181
52.7161919763
53.6282771084
272.030300996
424.810075653
61.6744323945
274.197262059
155.530025606
17.8864125048
1.0481908615
11.1814035
774.279488954
0.440452460286
70.7127346279
234.560810769
44.1525816921
84.1790780564
0.0
906.862083416
707.774707471
72.0154676909
34.6197112008
288.563866125
43.0249460121
43.0030593212
10.6630692808
86.8199816741
29.4447923058
264.293580097
55.522666797
330.900662289
151.655577451
11.8281785438
77.3826429181
351.305080278
5.83777828503
53.0642632432
204.46469435
5.12580591671
58.9040827607
0.0
14.9837722411
22.2414667851
313.942136472
193.651892699
22.1472834456
2.53641899557
0.752023200094
722.858227596
875.606886312
225.898869124
369.961939776
0.0487222134647
334.846984192
12.4653412851
606.63180899
34.9641756045
0.0
56.7335032662
0.0
49.9849471122
395.486334345
0.0
236.815413715
70.453347713
228.398222011
3.01026771557
921.438057775
243.41364621
5.69126586911
172.153365115
28.7577376269
576.742972785
0.0
42.1753999751
52.8270985113
45.581103777
6.14460714416
8.54249741069
0.821516367744
1.57360255297
3.1563675146
608.94657045
17.4652823407
57.5566148289
126.212080216
16.7349106012
627.280066851
138.61996492
962.483045581
21.1916228852
4.75546233585
0.0
884.265690268
162.727109172
101.98480275
208.332260416
339.691801865
6.48636447272
268.240198932
43.4370448795
419.569396423
92.159695384
24.7856599455
10.5352570221
221.38906423
85.8122478342
12.0466636849
130.193870462
2.36471124127
7.48798875478
22.5482532257
1.43899946872
11.6422695703
341.27304233
0.0
10.4505253087
13.7240773049
126.398108732
238.78733296
2.47127951452
278.223378413
5.86207769203
575.515239591
10.1395702807
4.12631541666
46.6875610277
239.096489698
812.538149469
24.1289036864
610.618238285
13.8985088448
85.1868851648
0.0
927.239902399
32.8858860397
147.210913323
440.311724507
296.487205545
9.14336143458
51.8337124276
3.61975299014
52.0892006912
34.8538295089
1.66899160793
1.36440193453
4.12752241748
62.6740193001
24.6416900723
44.609504122
7.00030130141
68.2431814203
23.8064275209
33.655073331
22.3870138575
89.5015569772
11.1308907092
14.0695366167
310.295121201
901.090227428
7.16823894564
584.572324249
0.0712953136822
308.563900283
18.292566347
327.602307005
25.972676466
41.2166569995
61.0140178559
4.02418566715
86.7574155859
