11.4088395766
29.5958609099
299.842930287
28.8938023642
325.407680714
7.25245782747
2.97048677643
44.5775138009
0.0
80.8177403924
1.82666050349
14.7848500179
181.099519236
27.9930905539
98.8878364966
21.3263286296
1.41633015742
293.300669837
41.1352145284
118.046078472
290.266909548
302.282307711
15.4419775395
376.917233437
14.73296316
205.075191722
66.908989327
74.7640218569
28.8850985368
338.452280862
3.96792732226
176.121457634
192.583702034
834.0192035
3.83977566171
57.1907486514
24.8550469692
0.487681771856
90.8068369474
62.9680396532
516.432643518
4.45214081467
99.1964965016
290.142192436
5.37663545674
9.97399225233
640.473013564
0.685678484717
84.123846752
61.3227018591
47.0859833505
1125.78561324
0.401804811638
395.811442851
1.83603413404
0.0
327.246216972
16.0900952446
177.548482959
827.368786701
26.5518090232
221.90690245
19.3297754393
63.2048572431
665.218492297
1.03484592156
70.8932677978
16.9653713993
27.2393162152
4.88152802512
3.72575853493
719.328848624
4.36683246435
858.136520085
79.9547652456
0.0
171.8791411
0.865886863341
87.6374053735
5.6667433591
367.873365306
2.00280669445
193.555917743
0.717588101223
18.8833022243
434.306979891
817.780605901
46.1360120938
2.33272813184
14.5623813951
21.8774248613
6.40575070608
171.616680649
27.451852235
124.227642679
11.176013098
23.2500407234
157.890938849
888.227670334
32.9785187865
0.0
5.65228356118
572.799248742
122.551857753
7.80753432847
189.06930134
0.148384294541
521.919112242
15.6716622074
41.2603665308
27.8002980673
0.0
56.1694144431
1482.47510732
16.2635236729
16.9808744518
89.5142962971
544.720412538
175.210478319
51.0534685543
36.0283471234
130.840272219
395.3738373
0.0
54.3249294649
169.590309171
7.13153787291
0.0
1.46571489084
47.6823394846
6.93899475541
333.359104668
12.4921016672
172.909033369
507.450458719
467.460299239
16.0107283858
7.313407508
54.8414055455
0.0
369.634913952
138.362367991
505.166955098
14.3593454975
18.5578862974
379.302792897
1.9898949129
509.388886004
91.3238406789
16.0684940918
8.62987916605
2.35818667631
810.617684859
146.182011783
202.744878978
1437.76036578
10.5282881194
1.65915549642
39.4266490002
851.678012741
125.250170727
178.932664972
161.202607225
96.1907908471
47.5108517989
11.0980533079
15.4874723548
37.9835797215
7.60979059883
1084.59990327
60.6900281772
8.48281761234
39.0117733891
8.63389075706
33.4677389373
6.99512691265
246.57962321
28.8762730366
354.8495664
6.75076560411
306.535837424
8.47854099128
34.5365761658
136.380685396
48.6605665574
59.7074269041
216.637402978
169.747243093
177.782677955
9.5475324191
0.0
149.918113719
12.1869665618
473.652940497
4.96780373507
137.083526985
2324.36683412
592.621396985
294.732152484
1314.12297872
0.780111096414
15.1845478408
5.37823166037
5.94559832702
90.2459370137
42.986808335
1.9618173898
4.24005293658
22.6015712513
1.87022180419
16.4479857836
0.0
315.041374135
0.280861968107
26.9321355597
15.2664071866
6.11384662286
126.645390037
6.11384662286
4.53104387087
26.5642630256
373.360019549
3.92397931864
11.0582156792
76.8153663933
500.975468915
44.3960164125
10.2289427155
27.3946189983
465.76715605
22.3977499011
50.6123164198
1.71598516454
8.30866878409
4.04853861751
2.20776044579
384.4442154
170.164453378
157.211411469
116.021059851
295.424809692
482.210536335
213.587742091
5.45540961193
367.8275645
162.9885555
119.766558305
171.757100791
7.4468862723
36.9778485541
402.695507722
418.406258246
47.2933320097
7.25348060248
6.3181125008
0.737886992725
8.15310940365
121.434032131
341.63079092
533.961885597
24.3783121425
45.254830588
588.602377894
17.3529971039
11.953436549
2.93741223245
29.040129062
27.2981059009
1.65829655817
21.5578913967
187.524923125
213.347911591
38.481933771
144.75481419
801.847206053
30.9507040986
10.0068174271
1085.32298833
388.225986828
9.62296840053
475.668267451
9.76320181672
44.9299182182
21.6603230967
42.1810604012
6.50757765581
183.923814239
91.5821666611
6.84634266368
58.5190888364
645.859933391
38.5677589299
7.13091866638
11.7166526901
617.445993207
339.776967248
7.79432137642
14.6257946504
5.73830749262
205.64284149
133.982979127
431.826322834
2.23243353759
77.0243365545
31.5479095335
132.740408686
79.7704790183
30.2005968119
9.82030374297
29.4196135257
2.93875665755
3.86177797355
92.9243859872
8.10538231263
81.6035881844
1826.48807735
218.292367385
461.198958581
5.31255480775
550.50418232
0.14150676507
24.2531613448
32.6164492056
1.24403774414
83.109958683
390.479433634
22.1242750428
33.0087237781
129.920897475
20.0284163023
76.0203353104
1346.20934737
0.0
30.3371210123
2.09704776171
118.9969942
402.880263775
464.903785767
11.2339125238
1016.86299986
0.342497112674
64.3271871707
69.0752436596
0.0507134976598
361.738305437
321.395725879
1.84168288789
18.5651216176
6.20961522687
425.404549858
73.1185395011
2.78301777946
11.6298842652
205.087033747
45.0220450686
345.216525653
69.1922303275
191.946050606
638.315304041
28.9938692735
12.0230237993
3.46632665471
615.425734286
118.638151962
141.449899261
31.5193453189
5.91512589614
221.921157452
2.47466135434
61.2982600663
21.6877934602
19.6363886897
309.584296038
32.022035019
3.75610447421
402.433388196
1.58032713053
35.2173202731
52.738966832
41.6701716355
5.15016608508
209.602528787
25.5308904302
231.304171271
29.9854731351
4.79310075312
0.897769976841
58.5843850095
32.7764080846
0.853082298487
0.0
21.4530744262
62.2591517654
0.804039694745
16.4718336683
179.524989036
2.91358000868
45.4864897296
764.278028503
190.58716089
14.8186124354
44.5332284864
29.4717365013
180.038566652
599.352275699
162.144103544
143.709624869
863.769582945
709.667412318
506.111600455
704.010808767
651.643875441
9.08904370589
392.885260664
1.10336823305
223.198907017
2.15997191601
22.3331861745
6.90115087543
30.556945358
0.0
0.0
38.3123398454
0.553747736773
364.713838626
79.1715785959
0.465925215147
5.41767656272
22.3328994602
7.40865930346
67.4345595521
27.6614090762
156.217188629
121.21335728
15.5353319609
1.19316643314
135.096594385
11.7612283331
17.2434601895
4.21426430927
10.870940636
41.1983748004
15.5721843875
47.6294780389
5.3520840378
8.31815806412
3.37066285802
698.976577663
0.0
181.062939068
0.0
366.745122799
0.0
397.088193734
252.298183555
89.8513506565
20.8190623427
228.367666165
256.318574779
527.726990118
534.829091587
3.01993776737
373.014663726
52.5635157425
169.877848691
28.3047755155
1.17074730134
1.79075134278
497.538975005
100.252409902
34.1586806776
4.12074846055
0.0
73.8428437043
0.0
197.334812392
2.60492964114
43.1529074782
16.751345188
46.5625875765
67.9206896935
579.436098413
414.203984136
3.5908172867
0.0
2.85497704867
39.8139229378
262.636937854
10.0988792247
747.083010985
4.26565122415
5.68638449425
7.60979059883
0.0
562.33587491
0.0
51.1943284053
280.300754957
169.22445207
335.659597919
527.922888275
33.6085469868
10.4644219038
55.3506414876
6.37583965698
1.29848093724
4.06928926475
114.774745258
311.38058169
295.499131342
13.1751202142
0.513370410571
279.328501902
52.086780916
33.0329137923
0.238572811592
4.4097745585
484.529522659
39.8975796691
33.4659704641
408.906948042
84.0601190748
813.736871556
1.03524226193
127.302766928
132.280275582
72.7505404753
5.28640838987
86.188080181
3.74234459654
100.042220603
12.4668153923
38.5567866863
368.749767838
104.148050281
2.36846984176
180.862148697
0.640893227121
322.748286195
13.2521692647
692.840801009
237.700279703
109.000225025
177.847146513
0.595846553536
18.6522827687
386.229667346
115.707139
0.389496575764
0.0295508491721
167.468560609
353.305789321
24.9016561153
153.656722596
58.3057685687
126.572285116
218.06117566
215.498907423
18.2348134772
69.5770443042
1.34022437281
7.93352358486
423.021320252
52.9973325687
60.3171574176
37.3044438646
5.69909991262
332.989911803
0.780066523179
56.8919670388
136.569685544
0.0
2.59232384881
263.382442051
91.1876730645
2.95435367525
549.558519006
23.0386780639
43.6602026776
163.039432835
8.50982055908
15.9916450184
0.258464520582
8.68114561274
27.7630758032
685.251044272
2332.0714886
11.4869246537
149.365738113
332.03892259
65.3840040824
8.04453503009
472.54979272
392.769712387
8.95786708885
2.57229119203
94.2240451035
83.3900123095
66.4308642972
72.6382954358
4.56784329152
38.0426717823
0.0
19.6561346322
29.0661935614
16.999231396
246.825008499
198.240877809
100.243554284
2.84033052506
82.8310205919
2.23453570766
132.268761231
56.0665080983
241.142012774
759.069578699
29.306815537
357.461485606
266.552279602
551.371401562
297.240226898
575.51988086
441.719112293
348.12624827
619.75216533
15.511833434
752.599026944
26.3935089913
179.413183705
83.3870439729
691.248388509
1.11223107844
0.0
1280.9111058
16.7957401286
1.58171853823
31.2699135039
122.162597295
69.8242558903
1.6370857224
230.625399228
7.97571275279
2.14175712433
87.9236281764
9.82742943695
78.0625351058
159.338588328
73.7668318849
225.162736227
25.8203152778
35.1583269962
32.0892442271
144.267504665
471.434408989
9.44966646375
1.51452980969
5.09726247556
37.1213358164
7.04745709354
0.0
61.4369165537
346.374511758
26.941312827
31.4256620194
32.6541714127
1.95305212364
701.933558751
622.555614515
14.1495188076
8.03598178798
19.3767086449
0.0
216.128974173
1.04098136692
0.987679007672
4.19118380706
276.120872272
51.8944943956
180.271291937
514.067672073
20.5734734632
0.0
248.73406925
260.255752593
232.246751804
111.148142893
0.0
130.665199399
41.5691433899
185.276967259
197.228253451
626.908064282
22.4364599473
15.2496488554
10.9489233152
27.2174223247
16.9897794611
9.34204137959
704.884822416
63.0034018883
3.53813895271
40.8332850818
46.3338413558
1208.4362303
180.578275024
122.966590007
338.808636636
791.745665686
35.6687278656
315.592507711
218.132508495
190.975916587
3.79800210909
38.9104945696
0.0
0.0
561.274704279
578.561024645
17.0464139707
20.1999172394
26.5653159177
6.83308513843
9.14362061868
52.737053797
4.48787168244
2.22209495677
34.0244477823
1.53394687398
714.40926831
0.289168250417
41.3041061244
4.11353121077
417.947285251
69.8447836715
91.6736032285
6.32192772865
469.824522576
141.338593874
401.195895489
536.478245814
185.983253034
211.385662925
43.6927134304
48.9216416238
0.64018366943
296.866894745
40.3990201139
20.6405140157
179.229133596
13.0399199593
0.525835255102
1.65424280328
3.86507277879
191.299872439
171.766910517
120.088019261
102.010462561
41.7597758819
593.344975969
686.591285511
19.858036924
9.44347439833
339.09720616
37.9509268162
103.000584664
527.705575691
817.933510163
596.135880803
2301.94308236
444.599044329
199.617027003
0.0
5.68313426223
55.2894243676
436.790240266
373.209717401
687.129959062
576.902257055
81.3243356714
254.601029551
36.0354222207
34.609194396
1323.07220222
0.0
31.9623213422
612.623692167
535.80159642
0.0
1334.65435939
324.388867905
75.624939407
6.14342277037
760.683424901
11.214614723
41.4187292062
16.6318648283
18.7341662082
198.754325319
0.260591988973
17.9446971421
17.4807909739
12.9997498384
3.20785611072
0.307002362571
1.09967708744
591.082901232
86.5771912585
7.36645929338
23.1787620995
6.40055852669
2.38096600802
21.4093324233
127.403734939
613.736666534
114.880835578
38.7305403788
30.1876633461
87.9649704529
12.6209351778
2.09718148141
23.4809469389
0.0
10.3189348694
0.0
55.0477434767
243.41290217
6.4460858684
76.1414576516
4.60313204103
11.4537645773
686.824021638
831.261857494
81.984365272
27.7445646598
35.0796564436
58.4817196011
0.353050126891
303.679108769
5.64666974313
28.602712646
17.2428036378
184.619763842
487.123830618
424.682255064
479.402357566
4.80486929146
252.565257938
96.4490023846
99.881649745
705.076701754
55.6206866161
172.247859321
77.7971653481
280.672758346
1016.9352097
21.2733491251
440.25490205
340.996863165
25.0012339237
229.945283965
0.722239378376
204.379437277
381.310862847
0.198823124707
56.2293027987
9.08335037881
22.6795033337
252.326289991
57.4274734808
42.6994121719
132.690356559
33.2875052603
145.827567839
343.697218075
8.65588704547
85.3282251604
7.07248315716
36.3943355348
159.772653319
44.8751822874
171.693323722
2.59729677606
23.3318976599
202.730410747
26.7710490983
708.773181697
38.3288271231
27.829422459
0.798098203179
42.1109973015
4.95106467882
13.9949882256
0.0
18.9385633964
0.0
40.3063053787
489.651206447
105.10191748
21.8247597788
4.64343949568
15.276974657
1.41015254819
61.3630358168
30.2423390428
0.0
2.72857458637
45.0369469848
0.0
5.1253448174
469.755497913
4.59682794018
309.076724966
455.885101513
69.79770229
33.305958579
220.078491544
4.31987034641
388.977134961
1069.2733186
31.320871552
0.0
0.402258976747
13.8972246682
194.476348993
187.771992558
143.092233783
356.499515716
190.135211191
3.94778865345
1.25315959615
58.5033231632
559.330429469
74.936292586
46.228340126
11.5265671239
6.93220878176
7.58308159446
218.577730045
1.40743117157
521.329904689
53.2708447718
48.0639875571
40.1808991884
26.3497284383
922.428088424
13.9678672198
24.4619110492
52.4458893885
5.49973106696
1.56450604197
736.516435663
83.8260746626
20.8150579797
471.30992679
53.3985314253
318.492259175
164.788157641
39.9189953008
391.999488115
818.077414246
4.47499724604
39.7503398225
426.516021987
431.048956004
4.55543868113
6.91389761555
481.06050595
230.347516439
58.818730592
17.8807225051
125.656419611
707.215672448
479.505755421
20.7483583521
27.4855809213
218.669818346
217.84774938
63.1134254942
155.570940591
47.5904114067
6.84240937702
380.234112062
4228.87221318
209.276562321
18.8689773508
220.469522885
8.29790615521
27.7666344338
28.829283211
78.1583759909
453.595691335
716.807910616
1.65903261886
10.2164200463
86.4545124683
50.8985657257
11.6454764642
2.96074089915
0.0
73.2218795314
8.33854730677
341.846310937
284.946749583
178.261573982
20.2307631218
102.530794829
183.133024842
152.767886541
0.391086755988
7.83353738922
7.9751369148
1.89758976959
0.471065593191
229.539439855
100.361467353
397.462634196
846.802432231
104.316274484
3.77281100402
168.405686343
1.33535384353
18.846588336
65.3340977217
151.309004606
17.3204200936
6.47374175281
889.081671804
2.92562200983
4.03619062712
18.0313463034
485.63174042
2.15894793632
39.5235030228
11.8743997731
17.986859807
68.1740680468
7.33184396116
37.3652345271
47.7160043227
1.54114966759
84.4733237921
11.639802412
775.222098154
6.82582813412
8.14583191973
24.7547921294
146.986015338
0.0
69.786428876
137.143182837
1.31532721016
19.7864535156
38.7344074081
338.95420559
7.90015268909
0.696537488158
421.966194714
154.752230279
112.994945679
1448.57955327
0.0
154.397750194
62.2448389386
66.6868315121
38.3951629367
106.670327896
14.3757074883
41.3958619327
510.540905318
894.061466943
619.470150481
279.567285533
313.428667562
0.0
10.3593254471
11.1495040709
26.6231430625
0.215654941448
547.255460986
200.456899963
21.7983579684
5.87312706796
264.377434681
51.2093652459
15.9380812432
16.478047418
62.6412262952
16.5650531652
630.882402921
65.7480794589
1.3736795963
242.286579927
2.65796335631
1.85307315608
10.6965882165
16.0245641585
139.742360122
42.9627544498
4.03130082293
12.4166174985
5.17392964198
4.21652549735
113.846046276
14.3261902399
7.1606851536
18.1437636125
600.918847769
396.105756298
4.45256847676
125.696140385
794.668755454
122.109688866
122.163452619
15.5921086229
18.1603520835
2.38831818219
10.2292294298
81.2178502164
1.86662100973
0.0
11.3463177861
8.96107515698
5.55912068432
0.0
1095.35537393
30.2579734056
141.192271995
4.12045572285
7.74236705632
1.92426745222
35.1440226022
189.979743367
456.298249609
674.722766994
0.673759361124
1.12804734826
0.215654941448
86.2065431372
221.367433809
60.2591182488
191.755175973
5.52801097664
7.85033186081
15.3360920162
13.2019665523
33.4406745517
484.563009203
804.18048111
114.751126263
5.41153027521
27.4855809213
0.0
80.4258645697
96.5193931578
11.5474828125
4.20908417674
21.0931925478
232.852509277
17.1470422619
34.8008629144
0.0
50.4444969907
231.018670073
0.0
824.475942884
12.260293145
837.28858272
15.6488527586
65.5398827036
25.9020794537
9.70445911363
10.1940286222
45.5963205864
19.7911361145
34.3924998141
3.4673169033
75.7870004562
18.2939958892
17.8474889431
74.2389310953
119.545626857
0.669470693244
40.6418069032
0.0
590.493527435
20.9368260304
28.1323542011
67.9827320206
63.1030736619
88.3550741883
157.229313044
170.700640466
554.886444351
18.964400211
571.981943089
360.468832038
69.1758984537
18.8285687028
5.42006424239
46.6677382438
9.9822455286
3.52863521651
116.269619477
3.39763448306
5.21619350018
16.2533248352
71.2769770813
354.459938514
214.341359822
374.170158548
561.85110847
0.0
36.6567477982
64.5289689943
62.5491078777
1.11721725719
167.697667029
242.716489969
576.75607492
136.283698858
418.582750181
6.01498198613
900.235100729
868.158727325
174.481269855
2.64899570359
11.7867254273
99.5002149012
12.8166104684
258.093774882
5.78668149785
23.1654178371
28.8475148682
0.315450797355
395.038477928
10.6247530296
16.7789119259
0.554487411515
66.255291535
66.0576755019
3.74526595036
57.006656378
73.3937322357
14.0291807144
69.5468525643
0.0
408.257220882
57.7551638471
22.8470324345
75.4230997586
213.173417019
4.30998352132
316.010189027
207.26396879
33.6048233147
225.203582173
63.3877339923
243.44112787
81.0264298625
0.678072122644
12.5795061642
50.4401709777
444.014220615
0.0
3.40572271793
1.99319574155
30.9168236224
11.3293426122
0.0
2.03885077953
1509.31422697
386.242944147
94.0963970002
18.5571899913
358.732199829
455.864293041
3.52589215562
81.849214409
703.530210527
0.0
414.718100245
73.2154441201
112.582685433
397.311544185
7.15931904425
18.0047999312
34.6815632571
28.8762730366
12.1667821151
80.2145778051
19.8543614393
6.11712817659
0.0
0.0
159.407817788
17.0509544171
4.16045236951
0.0
11.1173956819
2.6529615167
600.702862746
75.3437678357
87.0009887446
379.755494318
632.733766633
12.5323392503
13.9403631255
40.7276838634
105.97353622
89.716990065
10.9306217864
615.17791072
0.0
0.0
21.2447572028
9.44198059266
1.35042200584
0.0
573.698746233
20.743813087
0.0
387.944512881
10.0355442738
38.8176521382
0.0
4.50687072208
6.56217022946
51.4268982866
264.335970733
11.9292188269
184.594687182
99.651772328
6.03815043013
20.3262377834
15.1147196539
8.64109234599
5.89341873138
10.8182562786
402.89708475
274.716894924
301.63762094
134.109796
86.1518288906
0.0
16.4357124835
222.237370815
502.210418539
27.0003844083
6.75097521879
19.4530903017
10.722645488
206.996729366
30.2884434272
23.758092463
199.552065732
12.9235091294
215.120925197
17.5523719729
10.5363233482
6.05843125142
4.73907317532
345.383754788
18.0831994303
263.904036825
59.2933439737
47.9187727809
17.7905351928
278.707834081
101.946230122
1.26710619953
27.3715372914
325.076744934
0.0
48.3539858335
0.520632233596
199.644025131
482.317366327
21.4131657213
12.4833098981
394.600867558
3.66751457016
7.43454189596
83.5332815243
654.984232116
0.0295508491721
3.46405221511
91.8522105848
5.57208908594
47.6790254044
474.039082034
83.6588117968
263.181910686
141.854707345
0.0
748.656282293
2.25101093853
102.133529259
8.36750304304
18.7708150437
220.494526059
9.87123769743
1224.45679251
16.7307884945
514.329654265
165.875742131
131.509468244
101.459209721
7.4223794266
256.329000097
93.8213102773
572.74514045
136.049756844
20.9278595824
306.684218105
30.3373354457
16.4519973747
72.9520187192
396.697358757
393.123298597
58.0762067785
3.68969517492
49.1037064173
2.02134554556
8.31916035953
0.464050729972
165.285950309
342.453116483
0.62459990323
25.8944947759
1.42616879522
3.33103122997
5.34959275546
149.297759115
7.65431564513
323.594297011
9.20916857033
1042.61618303
47.7012879276
61.4385657635
47.6753173933
1.63437277857
11.0882098513
3.02305789371
25.5086375443
319.258727248
12.5017861057
1423.88180886
231.95379001
720.017533995
4.23393917548
210.63091159
20.7496991632
537.651289239
94.7595370894
13.1055233263
42.8289576495
860.293727256
161.170024191
994.788199899
19.0643346054
642.94202255
57.4033340631
1.35573224404
335.317427276
1.2268312713
244.130995033
2.29296639814
222.251353557
34.5853549442
42.9793055756
0.0
4.27756914307
148.46047863
0.0
2.65589250797
61.6759808756
794.165676642
284.55741564
167.903680902
197.173533181
215.183012098
441.060042824
182.333688226
623.726758157
2295.1373423
87.3807695601
1.55023658382
276.663517659
2.34623141226
366.887563191
78.349102448
1329.21473714
174.393124479
17.1589830697
35.6968897164
86.3305952649
35.6618852719
203.346703163
3.79781538338
151.794437237
14.6254573394
6.60128866299
24.9651464701
65.5021388122
0.156638775524
15.6338014618
13.3435082531
23.189257289
63.4563406316
641.384850612
164.751634093
405.935914339
93.5891475785
8.48081663555
28.998962669
18.3445154331
0.428910156375
2.57346816634
382.015794559
165.244004487
1.12534524656
2.41875447262
6.87766680474
5.18364660688
70.8861204196
116.943141516
222.034587899
38.4988619623
4.87584915423
50.441427461
18.3835929074
576.55668198
577.486842243
789.997389021
824.569849049
357.230604689
747.847770819
683.512755626
959.896635273
841.476504248
2897.9654773
14.6427481399
19.9482013474
220.913203647
7.63550814993
153.426085024
7.13719987827
121.735430313
14.6664297785
24.1804961319
7.50395446743
68.8168562386
1567.41214331
2343.16314746
29.056952446
206.53732389
2.58428259654
620.937143539
29.9296831076
1.52796803727
0.46474101275
30.6395491973
215.496916082
129.688152915
57.2836416797
545.147872257
41.2173401089
279.043027206
471.996277487
32.7058763636
37.0888937305
0.0
18.2744402865
134.884958263
19.0242054437
26.5028278582
59.0761578814
29.3033340062
318.183278725
757.695037754
210.451874162
52.8903315097
921.387191384
157.047960217
9.9886146823
78.2220422292
7.55690385489
45.0749799998
377.027155848
13.4049723328
217.892172029
87.1581130069
10.9272691564
59.9470128533
71.0374778693
4.6552236949
12.0244754411
481.505717861
47.3150692914
17.0706991549
256.412823074
1.91704899775
231.951598693
698.083627619
262.846050167
393.992150182
178.612121984
432.63102149
267.418868795
864.161457564
71.351116825
0.0
16.6465848376
117.576016379
560.155704093
5.96467928504
3.77967287264
28.1273053789
8.88145531503
520.171857146
425.217620558
170.589576014
21.4809676331
376.567202242
8.57808988738
32.1858187634
6.96915517368
42.7675285055
18.2356688014
11.4584869306
149.328918214
36.5420403887
4.59172249792
485.160572429
51.5838514841
174.072327303
25.9351877288
508.688412819
20.018151207
7.86537352009
840.896082443
0.0
4.35378093968
8.99311487913
175.403814117
314.770355623
3.73545381557
344.135471745
103.581723255
416.730658841
12.1943729466
215.179237829
1.80831681085
287.541517732
18.8241945025
196.675523671
678.112278307
647.039617023
109.626241634
22.8066972722
7.36425833941
453.502916366
5.64666974313
508.170599541
4.84606700609
113.811327341
377.572303362
12.4233878113
30.9830245117
492.484158296
140.621685213
26.8716267928
53.0565089572
1163.73838563
286.324379332
1.32370938743
283.793990594
64.3574379401
702.307236646
689.778424705
554.054711427
55.7786372903
432.817629139
0.912800794009
32.0960711598
151.018364234
38.4561234594
318.799739796
5.01871359588
71.605450491
163.336147213
254.716405559
87.1257480206
507.616086831
2.68062462919
91.3322939323
200.893547792
185.728514594
97.4061776397
3.09830112602
541.272450056
6.72976679237
823.461166963
12.57912428
66.7512338112
238.789856736
181.831804458
0.564534459294
16.518334393
1537.48296618
376.987963929
79.9180646087
0.0
191.907891099
250.786095636
0.0
0.812289357
31.420939666
26.6462958456
31.7457303628
0.812289357
0.0
15.7081062469
132.717246265
616.197983626
7.2384124402
569.134562766
425.292293976
337.25827838
366.859586862
593.09245294
15.6227400718
10.7224346686
31.7044796421
11.7973567459
0.979142631104
3.72575853493
9.26991104555
48.6978719445
1.17798744009
6.62841328264
160.654686535
53.9915337245
56.9014912545
3.50985783836
85.596027171
89.3565010268
11.6604410239
89.0573664423
71.8476758985
3.16812449406
74.0114835219
306.349167132
17.6370081108
214.813191592
0.798090975087
21.8453803204
0.680436913386
176.971875177
12.1145675837
20.8287805123
437.57035859
1.45678940199
11.9365697964
47.4943536791
39.5626889184
0.0
11.7309173295
333.17845899
46.6310677241
692.079078178
6.86011217879
70.5523223156
507.534469626
933.277685709
111.404801595
3.57468779956
9.84453110245
7.59513082373
90.9870646011
8.6349123274
0.0512327155967
62.9160070288
15.5412602009
32.090676594
33.8623433647
186.581766754
53.2633371938
34.9505253766
141.813638531
15.5971393749
16.5155865134
222.806903498
32.3399277067
52.2031676522
163.213175685
29.0271968007
21.1724076166
4.34140283225
10.9703136485
18.1911798956
3.74018821578
51.9880861393
84.1749192449
10.157852022
61.336900241
19.9889063471
68.4705956995
451.490714357
4.03177908168
65.9147158901
1066.75434904
420.203941329
48.1109496751
0.0
9.35709147167
18.7780274747
36.3806383006
11.737166015
67.1046152257
21.8759527399
109.363386048
12.2817027533
969.077982917
31.0330188142
402.57923543
39.2117566225
58.6121071515
321.618290877
179.787798844
0.0
7.34152719497
29.2916883454
29.8893949278
11.9639847444
14.8556431549
42.2813212644
3.62495195083
1.51021584349
2.79324914359
0.0
16.0890700602
20.938653533
46.7303419527
73.0232491557
0.328351736767
3.43579037567
123.953020964
21.1749507003
7.54055632031
131.161460916
36.9343968796
47.7973637255
0.978622208484
463.187619901
175.935642665
114.815349065
394.787861911
8.91990635473
480.194220337
8.91911005993
1.11038309627
95.6070826694
574.374823402
180.54984212
127.646734957
130.8290747
403.18282327
0.377120877698
65.7574314051
0.550496300087
1382.16090565
1.7635014362
818.841139258
641.275422119
31.1305233649
31.5150891774
928.674330801
23.8003201808
167.697210456
349.026024043
0.645789054722
18.4363905049
15.1572557704
7.91319819036
346.265907268
46.8258226377
0.0
0.0
1107.06880771
41.2108239841
66.1538512882
11.3679659214
7.17856504368
147.123843004
63.213842966
458.374765976
202.150292522
20.2640749881
15.635126612
68.3670002763
34.9145800753
237.655369158
35.3407519896
23.0674133433
209.619599131
286.068192865
179.552344954
1.00399281116
101.977701235
2.76329111191
9.56490152402
6.54544442476
6.98137064904
154.017887461
123.862966166
84.1799981841
2.9681749917
55.0791507406
1.77917193951
1.71357941461
22.4446867207
237.506246394
6.18741655189
212.771520652
24.5121571302
171.35794628
67.2167157035
1.56105221871
81.2935114733
51.2344419062
64.2029940951
0.86692770858
432.941343956
436.629448952
33.1447408073
1.55652863785
247.79369449
12.7681147903
111.519425882
15.2542013487
0.0
0.0
928.689345958
4.83684998421
61.5074024969
225.186109467
38.632585277
4.17051146411
15.3307131111
51.1832621967
15.2745942054
159.955115658
70.1469697155
4.92952857895
59.1694147235
0.168869911751
13.1450320768
334.345705486
141.077897077
47.1890029354
47.1129573849
5.3412214203
338.796821115
58.3758160075
479.070343596
119.301714894
1.27531851664
3.62762393548
56.0676067681
152.925297517
4.6277015302
6.75097521879
34.8389308652
3.19377699232
215.352467484
0.432209780339
122.092873915
56.67154758
25.0103630038
15.1850068246
423.313230359
0.0
627.381857275
406.369969694
1143.35896114
9.60591733166
1.41552542985
101.567810598
9.26927135941
45.0401201171
154.364005847
340.044747574
0.0
386.208627575
0.756990839692
25.5008384333
66.9092748366
73.3450751302
7.98946540236
185.671809009
1057.33650425
44.399624435
87.2515240485
19.6029888816
12.295254221
277.371899581
0.905053484145
583.519922165
40.184060274
40.2057975558
218.668334177
13.085629208
38.6803629647
1.92231345804
358.686399023
8.69241902677
0.863342574982
31.9403045741
198.02604687
223.240448066
10.0625327644
0.634113276892
0.382116693904
132.335147642
129.061996563
82.3963159153
25.1212178404
1.46484631513
30.7611208848
4.74698793598
91.7550047953
25.9226409659
62.0930441893
24.3499683846
7.25784877938
0.0
8.50187206733
300.504750044
4.75712413021
187.980207384
113.217917859
51.7111658908
11.6416250959
11.3242829478
16.5902743873
1.53038101529
435.300110084
22.7603820684
169.292850299
27.2393162152
33.1375693354
442.17140894
13.9991793142
128.902629181
42.4668157878
0.0
584.279827131
208.416572376
530.43906538
0.0532999498886
95.1734284753
7.54055632031
313.248112235
730.100599359
18.5322374132
63.538701125
98.0350132048
27.434972231
14.0407480709
51.8764398267
513.989009953
15.1030896541
619.790824778
4.93616999075
1.30469348225
6.22288118493
43.2692387991
1.78091390966
0.569861563047
1.15985095275
45.0661147451
7.08600209843
17.9060256456
0.673085943894
8.10447759645
2.93544016803
439.411725851
121.871413611
33.6167677367
248.447001965
927.388383376
329.952533855
288.274261937
19.8782779908
35.4024305027
10.8624548561
429.05493626
79.4876871496
342.802164656
305.387476729
799.547389834
0.30751073837
6.49934726846
629.203901437
596.90918424
22.3600180564
21.2140269699
72.433407942
9.83191446796
47.8321621694
8.45653386072
0.0
8.76874406353
126.450851966
167.375908518
153.281383443
388.54784292
30.844296948
36.0046811458
681.312894279
1.57907667063
0.357838737794
0.0
0.0
66.7502471767
9.0267989922
656.724133831
514.556472995
1512.67710276
42.4333111721
454.743912289
49.3098636461
30.8289468901
61.1642644934
300.857360462
170.87041148
188.323539341
20.2944763427
19.4512109978
14.5397478299
5.67620493146
0.0
21.4911917691
0.965862216864
4348.68115581
46.100834175
51.9993101614
1.19454940806
380.074380868
42.4290116621
2.37355119038
90.5462027948
284.44204686
19.9659487224
632.236797968
464.403087405
227.888596664
9.9603359773
0.53315128882
33.3524340055
4.50228449776
4.24374167284
18.3523579128
1222.791304
29.796444075
236.963168525
0.0
29.1331232833
187.395775192
129.348138651
4.83214449635
4.67075204571
176.289437285
2.87568794141
138.586028045
22.718910891
118.204710997
0.0
112.70668335
161.787126154
18.3147911097
249.991706649
3.29062378672
1031.04624615
337.156510459
819.954214818
17.2407135145
0.0
2.22332734644
35.6639886466
119.028384598
182.149950129
4.91522057094
28.7479732002
32.748499217
0.0
75.9802121723
373.114867969
92.2473631425
502.238718927
4.30834997257
273.113234307
1304.02254064
0.0
74.7325772476
41.9648404639
169.828545876
38.3718583637
0.66960682231
621.493619881
381.875387669
56.4527725122
401.811540991
7.62799695773
305.628334822
3.56569002978
153.614850259
40.0024026629
15.8938429112
2180.90407871
11.5661710442
12.2052970029
0.568396669748
10.9429468878
4.7026893699
191.59078025
5.89388735268
6.08824713063
62.0720562197
2.17591226807
12.7366569295
1.20091012896
2.76616909718
9.79819782849
220.439049249
8.616090376
144.145381233
19.0121273021
4.96306692548
66.3244776263
0.0
2.32406044494
7.83353738922
342.292173379
0.920593881792
164.240004448
75.2154077652
55.8599340497
6.95458454501
6.45164306641
764.990778601
427.271022692
393.335914126
0.0
257.476664486
1547.87676119
7.68342678538
357.690192073
172.066661898
433.973614268
46.6311267535
614.50566203
1.90587436763
19.8568792246
495.636546029
20.6320932886
2.306479316
9.31023897978
38.0519478336
203.357523617
1.63816150342
18.5750228987
7.88912382551
11.9763327348
489.153925769
88.3957779833
57.3887754813
5.27931763166
18.2984748969
24.6269139317
11.519657068
75.5613321981
1309.29700581
121.286926004
70.7440510681
74.4777749603
25.7503762603
207.681309181
3.31369826553
2.95506805167
0.0
90.8017086162
7.72380411158
16.0890700602
49.9676742223
9.53914903715
15.4152408275
346.242348507
237.459568581
144.881014266
449.354625261
121.250321742
727.178285406
127.975464964
61.2489415904
278.23562163
470.053596471
17.4613064474
39.0272318683
407.52575364
0.410541165417
275.306355458
43.3750327667
9.6544864954
0.0
155.475047904
13.1438177574
3.03417108505
8.37876200091
16.4848707367
637.570304606
204.15675904
3.70335867804
3.54398768377
248.379974664
239.573748125
221.319407957
18.0158938476
42.6242701329
313.229661325
498.358067202
198.457660333
16.1002338482
0.408961827329
414.640652444
1.89270237477
0.788759508407
904.894322764
415.192953358
287.949565205
610.203523398
70.7879388376
10.8987748134
16.8616205725
9.99562954551
15.0497535638
9.32635521543
345.518775545
113.829937268
2.12726480002
45.8955660017
14.0002069079
239.191266412
29.1757232477
23.6339993761
40.7169405094
11.4664703582
40.5087810992
1.22786488845
365.252550727
34.3578615929
32.477918005
57.0410560723
677.758045183
421.988823461
61.3539296256
63.9981355137
456.697717339
594.353177939
3.18507196028
9.78070825539
86.2566807968
10.9348225125
299.11502047
29.804880463
22.7781944963
0.3363086613
691.646641919
31.0198552542
16.7882397785
20.7764129863
205.861782804
18.0344218566
18.7472984466
0.402258976747
36.058248535
422.736350319
8.50558610192
162.304845466
31.2669716705
27.6038782832
88.8573398403
47.0476371182
21.0164482817
0.353050126891
1.6785207594
215.915210582
34.2677610176
222.848917987
1722.473136
342.982794673
26.7692589408
315.964161742
16.8196699316
661.173472554
25.3038922031
1.3500967417
512.699980951
330.233187413
401.050743357
12.172279079
56.2241443505
651.311767506
495.286850941
617.331641179
662.293843669
333.500022344
561.885964739
191.352431509
467.552075527
274.525543237
3.43905506386
3.8420031187
3.99847323875
0.156407476582
265.673973672
15.2371020925
140.62120575
110.063667688
684.868891438
7.93646903231
62.4683002193
7.97457794236
182.714067768
333.00867593
225.200587334
3.0566950242
3.00152299849
5.85568688682
433.294801267
402.331046847
0.0
12.8730618665
211.43894601
6.07074069195
118.128129363
11.3195834834
31.6669574122
11.9277455009
14.6757251047
9.34062105953
32.3570847875
110.841445315
4.39420886253
15.776368347
22.6594959753
4.1302305125
1253.19862905
790.201142909
15.3784233366
3.78323391259
9.6935651744
134.848834669
158.044149098
113.75740698
104.263016698
209.227417319
0.0
299.802592715
629.326052577
0.540915464233
3.45843719237
322.933551829
5.19640177978
31.2217611601
144.023193953
158.435562324
274.367613042
38.4007550705
610.742952285
35.9252287546
2.23314670933
31.105802086
6.54544442474
9.79985065219
0.29276302147
100.101294593
1.12224800917
483.24211034
13.4414187817
6.137260822
36.4109974914
77.0126198175
138.596387106
3.2398946282
529.268033774
9.67470226381
147.801185089
783.441071136
124.295308462
90.583340731
48.8962915008
5.28495674807
6.43132128596
382.999318618
1.11133238568
43.9386890127
9.39863974876
113.474301894
729.683105974
75.868473099
7.01811465436
91.2352784826
178.814794068
2.849604167
87.9689675877
2.27120743207
14.3067984739
6.65976513137
5.43676474882
4.17893700996
225.223036584
3.39081357363
6.34928846597
0.747271465413
2.3828332651
77.749427415
30.8273000898
0.0
233.29682611
111.567478237
11.1607955552
3.64819990384
47.4264288898
7.18758690711
19.2343019824
77.6491834174
247.750415085
174.496786159
102.386493202
28.7937595485
13.1195988307
202.153492157
184.910282541
43.789922834
0.0
67.7867591735
0.0
47.4149591124
4.84217106455
624.923026646
203.182255639
34.8207136642
113.494773055
0.0
43.5634727373
213.206455423
39.2131082757
8.82578816502
216.409492806
154.249282777
148.546863966
5.39015680737
107.875431523
61.0961975517
504.791877361
81.8573821528
16.1159248311
229.511958649
2.94455961068
30.7805921598
109.0739612
131.617570383
211.820354351
218.112763757
32.1827660992
8.2662434985
26.5698744343
681.645022694
318.204412461
11.842519069
54.1831901961
311.911974142
1154.22512401
31.6862612364
4.36870333548
17.5687881745
104.030484161
26.1157382371
0.566072838192
123.915226476
15.2511438658
13.5740205375
28.8762730366
218.596125539
73.4406220728
1.30187211704
187.898678121
8.76232431319
2.7618334467
138.137858637
117.291100656
514.812422139
514.65007799
29.8097509922
9.44198059266
9.1807730112
755.168872631
0.306825274319
8.71787154783
71.1987968344
1.10054686783
125.057175854
344.552088121
398.934871234
480.366366982
58.9064302361
7.06984128958
0.705159397148
240.536370952
677.898507488
10.0473634088
656.237436285
13.8905495253
101.836747419
71.0414039279
3.56194949221
40.5092617673
24.8381802166
111.085512681
7.24876788655
1.66385134681
104.00442689
49.9850168242
3.25781547745
7.87845275245
172.142318337
150.444470601
49.4262046044
63.9613674147
2.82167963851
4.51115938995
681.196376232
19.0967538024
0.670116402793
6.88818729255
314.824418137
8.08048876403
447.32784901
0.0
229.14406925
4.5850076005
1.01056194204
520.809490503
5.07394946974
98.5755142583
128.480302612
60.6552321426
5.19438273277
79.5157875616
0.574688723772
0.790142483329
448.566581334
108.732551915
4.85698142492
13.9354034497
1144.1934034
0.463358037828
41.7664799371
1.78445206067
15.3639225795
12.2690728674
26.358370827
25.8379060442
705.108381276
11.7201257883
27.5334935333
720.667965894
297.796068372
5.93161437849
2.24269501878
2.08456243758
111.676426062
0.0
7.14376539511
1.36385300532
4.96217425613
37.3016947803
21.6497086438
404.234526307
36.5015088632
3.7384149239
32.6807948846
658.669721745
9.4234164432
638.382875858
11.9000823884
6.86832570061
346.785217965
28.1805872587
73.7746370196
236.872549937
9.88875618292
33.1417857224
22.8167635948
249.041360736
757.681628439
191.620110642
334.123697051
307.504466796
0.0
0.0
82.9494589017
745.059218731
431.03487809
2.47955838662
437.17546263
0.0
25.13775451
59.9675972544
3.61734438408
759.183842785
175.35752903
11.7192981718
292.745674049
269.081687729
445.844695143
92.6197809418
296.441045686
59.7652660957
930.249299506
0.0
296.606640067
41.5440004721
546.757534599
341.712582804
115.172460175
226.562538147
238.071518118
8.4441678001
9.27584651369
80.2470945813
46.4254526024
152.980721322
9.02984322359
18.4968450611
82.5879675681
0.38089032764
0.0
464.939315452
93.8823454902
0.340251585448
232.260911636
52.628109586
39.2638675513
9.31049437236
15.0228963835
78.346431668
5.57980989278
221.625638119
21.5422028231
254.827235098
50.4745309174
0.912800794009
11.7323123513
7.97047118145
42.942698904
13.9526930455
2.79007480655
9.16024041137
73.4778395181
234.20341677
51.3150050141
142.717968001
31.2655706253
4.3248673673
17.4489958022
105.856265247
76.3248801218
41.1642256802
28.2309273048
311.411749223
6.40752761203
224.193798456
235.080740884
45.4367219072
10.5133536768
346.695366759
545.629270408
108.983330565
209.164814815
1.52079174667
690.838200315
57.8572582363
498.890290885
486.121636398
137.101258699
13.1121647381
4.3248673673
27.2794550144
0.402258976747
209.262885566
191.313621474
11.5636267559
2.33272813184
4.59010581469
58.7776135912
25.5630421877
284.45401658
707.377986481
642.4465501
321.92985537
439.375734772
671.224019938
1.44916858373
38.6930181489
56.0111951248
884.168750972
58.0378063352
173.463364172
871.776583698
14.0454619915
87.5265601744
9.34152336633
82.1530809844
89.8304518333
4.8299543845
188.063444886
516.298944297
12.5685941547
350.592843074
50.0304827272
7.17627735258
216.467235623
3.32883509471
329.853056035
73.6475768009
598.132041266
745.860363575
7.53362939886
3.39405055414
0.332539211359
0.438680127297
13.6003789794
142.595528943
233.20619909
111.778028941
30.61716982
27.0341167087
0.0
1.49472363313
1039.89435346
4.22224894148
335.244686168
594.627125033
18.9370057426
22.8822693826
41.6425711666
70.7325716534
1.02001749096
26.2901087267
17.4968698644
69.1779452084
0.830729424195
391.856253836
78.9228840463
386.030705683
10.5461764422
22.4901441908
36.0358583156
488.168504336
16.973808992
0.0
14.6573199734
328.886917946
85.028479802
20.311166007
420.338398295
98.4130412081
30.7587283864
248.786068143
635.537430254
2073.38951931
1.82820851984
4395.40178321
725.645248067
9.23664134306
7.23693550007
0.889181798949
0.0
434.056141007
73.2313784489
58.0234055668
0.0
66.3256064133
332.418297428
25.2559386318
70.8132998028
72.4101623983
313.071139632
9.74329203753
236.550198721
15.9899440075
0.0
23.7646519564
10.4800406058
60.4592580908
135.099109761
8.50287918148
66.916879994
64.4823959887
65.8740831713
216.152683519
35.2658448636
59.9134733021
1.77082228866
97.9241137949
21.4928277271
33.5600452852
801.993364095
30.6527007105
20.7148332571
30.699418278
36.1766314293
94.5757748988
0.0
0.0
5.52741827312
74.2798300488
5.58686451049
318.49966556
11.2870402041
1339.74085562
884.162328811
119.44799461
0.673085943894
1.44452814872
41.2536263351
40.6776040283
151.677768605
8.57942587971
1.41359793867
5.84939242345
13.9304317271
125.267713306
29.9531599502
2.22435494018
191.695306892
17.3517442346
252.932160704
78.9584281883
41.6271223246
58.2083459363
0.547905029127
40.6555788276
409.78514796
0.0
16.9831609382
16.1693054946
78.0678164318
39.3949742968
55.3605752953
8.08407269296
872.035908362
157.52647436
311.414744062
255.223263459
162.09966162
67.3159983649
239.899464017
43.3282670118
38.418951792
7.60979059883
260.070052069
24.955521061
19.1058527654
70.7967727706
186.372242439
1.02294727756
479.838757231
8.80480742352
111.680460542
399.290259649
9.99594035346
0.0
36.6942459346
33.9109004815
15.3771054145
291.413474063
724.869216024
2.30720694392
533.281664322
334.817328846
464.284643074
1269.6811097
224.284376085
0.0
7.85718168258
551.463788623
96.2093911372
2.97904001855
1205.35628371
1.55978609794
971.359902381
104.224486149
0.0
7.6200400332
1.93765026443
20.0094606312
22.6388043575
177.745547248
701.41037259
851.707619005
4.85088814342
9.52525905383
309.619118575
123.811979206
607.725096208
121.903441287
139.809127212
137.647960251
2.53435334685
232.955727634
12.6934377585
90.8108027606
472.445276921
48.110469007
20.4494731368
2.10577206867
157.750669292
22.8445411521
6.16906201712
1.37482283951
7.84813090681
43.1019024475
12.7870282975
6.50602843478
253.404721306
22.9760370099
0.0
6.1970588265
66.2936028317
241.107709455
62.3146478504
13.5226938567
1.48683296611
89.5685491505
207.414944355
0.431935112847
13.5191159512
49.9680874282
21.1583333169
14.4291279064
6.1709762568
48.2214539493
69.0952775211
250.05587283
0.226270599128
129.14252353
74.6655041686
8.46794942722
13.628181835
3.41425548045
0.0
341.664868964
253.029105077
203.6790689
130.483162314
896.126991792
7.83353738922
599.248361035
6.8923181471
87.9961440087
313.642205877
283.507622024
94.0329897683
0.0
273.815166362
98.5544997858
1.99554607611
349.822233305
193.699754363
0.314442478531
7.2014576155
31.8021480296
9.24782320129
7.02101914263
164.519901466
0.0899078261479
3.0428700937
48.9213609329
538.255593866
72.0898458903
12.1171829483
70.210590176
206.390444243
95.6260985746
340.982896082
1345.66129176
15.0324880615
7.12309425684
35.6025884151
79.3189328873
505.007526279
906.244803799
834.749104655
555.478429898
28.0007426939
13.4962534964
62.3314483454
131.901206733
129.761022924
137.351563908
516.587457201
0.0
6.00949104563
0.0
42.9650915328
81.0842329137
0.0
10.3118477253
17.2940327393
335.174202634
399.865038724
47.2613693872
82.879865628
389.021938289
165.673280867
0.0
699.340053108
21.2895002965
138.56413536
1.16216996558
1807.84153249
323.404106637
0.0
791.47983574
580.471061189
7.03242748106
4.24335376524
7.5420079621
5.54341404055
6.96696385712
97.0508181373
121.115874414
11.1543011146
16.7297717429
14.2707339092
17.8768193355
280.272106414
14.7301911868
34.480298242
276.383820619
51.5237992917
13.7293064551
17.9891800245
64.3146765482
73.2463671022
84.8610892399
15.6537714752
86.3536564922
6.61844212983
437.460916846
23.5878492138
64.0630522119
44.9707774172
21.7676530339
35.3229973865
4.50162192265
6.31894975477
19.5195441742
97.0832264924
18.0323835346
215.101204552
13.3358524991
37.4952450119
17.1828068607
283.856561776
305.174866019
949.538342238
33.2940262038
551.086014808
277.147403478
247.756930005
179.925712043
416.063431264
13.0507078865
293.686058447
229.16414648
0.0
36.4039055285
2.24795586501
0.215722403638
15.7927291332
258.943515392
152.199886211
194.912076444
0.504885835327
216.992427578
224.818222475
69.6267832143
16.4875391073
771.277491066
4.6718374642
798.300839123
16.6083554593
5.55138662594
122.303495695
93.2903021178
469.755859317
647.416600567
1561.16626355
1733.62477597
126.658058473
2.98765469944
39.1399467339
524.002135095
438.977035631
0.0
87.347210734
6.81639667881
226.957287136
8.9695561182
489.889325093
605.68258681
69.2220690957
0.0
8.67902416774
29.9873283454
21.9787410259
111.846734364
9.93951786785
308.989457803
321.486510714
21.3131156775
53.3435304644
1.11728110533
28.7519908146
49.9728760391
151.020819376
22.8667133241
0.0416482656985
601.926189597
116.96435717
121.262543241
216.869981292
5.59628030491
794.601007753
95.5843587531
21.161716064
6.56686969392
14.0902641146
93.1715289064
571.128236766
9.61465609481
65.3775277119
6.56939229799
6.6928035349
388.592286048
20.6104403346
11.8117466722
307.559091896
35.3631000452
360.938867628
526.051678632
18.7483621808
7.50395446743
1.40776245912
0.0
440.333149759
45.9378154037
15.0478164351
13.2311126283
54.2521546258
412.695175361
215.207806861
0.77603686193
14.3585130623
432.114847785
642.241304815
18.176355079
17.8758218588
79.3477476758
760.251588572
24.8158333658
2.09718148141
18.3680994924
26.5770085611
14.8429482162
2190.75201665
32.5837673879
12.4595439318
417.777985266
741.362666507
53.7111403778
46.4557190327
14.1541170787
74.0724416351
201.991173306
0.430799097734
99.5001896028
0.0
750.457531235
17.3651041579
116.911698111
0.0
319.965692464
919.231239492
532.996142644
1.7913054965
4.01928171071
7.83127861046
0.51038882265
3.03583595557
32.3262425193
416.743173076
1087.4472595
4.88844410441
547.123145945
96.8201637005
113.701808497
146.921258862
414.25156787
567.486098821
0.0
33.5508475383
39.490715193
18.4375566372
0.0
54.7765816078
37.361033801
0.0
308.053648788
8.82704344365
301.90794194
71.0522918437
52.0624909129
17.7896714358
139.784681805
72.0588542418
4.57701574021
432.844018903
540.825896127
11.8527106786
3.73632721001
158.786856025
522.277885813
310.17058585
596.693606398
279.1525846
397.043751812
164.619110641
357.213435561
212.120686389
507.950810131
222.794779579
17.7907664917
169.659225413
68.2914221426
76.1371436855
87.6223432344
96.6313852142
620.69369297
93.3319299039
117.389031664
104.930505689
266.823465564
470.714930742
256.946765839
131.393228479
2.3838030341
2.98740533027
257.332130355
398.550625868
0.0
70.3614235889
79.2081804487
0.653501428812
15.1582881828
159.45628094
46.9376906118
612.029332191
68.5582592029
59.53642591
34.6314930596
55.8169353354
310.582532879
27.0201279414
100.05708156
4.44354781804
334.2513054
18.9556253074
685.800160006
49.1264881584
160.845862338
27.486422994
36.4504363703
38.3654880053
20.8426331505
134.878542126
135.197941871
1.65365130442
13.4988495861
249.392007522
11.5481321361
44.4522244648
167.02240302
0.0
225.754409762
382.275956476
84.9719970824
697.553195297
79.4176529622
33.8723446345
50.3349841698
156.897312325
8.05956464257
476.498022288
498.302473537
7.99497200371
4.80489097573
54.056950366
26.3066887651
1.33117359703
42.5985441489
28.1303833414
395.110070974
51.9996294021
388.519235337
388.49736795
525.057397967
0.832208773678
331.140211757
2.01913374943
2.24745471731
357.640309806
9.16812625965
1.65546796486
0.0
576.05764608
21.3021831885
7.46480109814
29.2221553057
6.86268417485
56.0348900148
2.88301361258
35.9196571004
29.3491733605
341.492100702
3.10562679719
12.6852555585
3.23103419217
1.45647377531
24.9353089066
26.1808223861
0.338596352395
118.436368934
210.874050146
63.4783116216
29.251584482
20.2948052209
124.68528932
110.095558029
859.213728649
42.5509254794
4.99046862198
27.7429407485
26.7920467053
485.101091256
17.0796535561
3.51345260941
0.0
0.0532999498886
143.732792108
60.5314233607
65.0837973308
62.0777688217
82.7033435761
39.5731202598
35.0482720685
79.0703335076
99.4166509303
47.6814407918
24.748838591
103.112562264
70.1372093821
129.881707965
133.3096402
6.31626331395
451.9888094
1.87363707762
0.979142631104
85.5635079855
0.0
423.547860246
74.8757356318
92.5075985457
54.5948071426
557.119700686
544.383765361
10.1873209529
32.7460513032
645.733593572
1.77988029252
74.0175683706
319.639904291
8.43290643286
89.3221519294
23.2100525095
2.57346816634
14.7851548024
38.5048359803
6.86011217879
3.52548979184
1.31810882087
35.9517739222
54.9342503864
508.783922416
44.0679634369
0.0
1044.54744245
3.58636598674
21.0883979135
15.2149564235
11.0475241266
7.61540682629
719.165470858
7.46198937039
269.715438397
44.0013457276
261.255011004
631.590247554
77.5310414595
22.4850014034
58.310684876
2.09335300205
756.543501517
243.937731517
459.546673386
44.2939918949
0.0
34.2611436994
14.3731535625
0.0
178.812919583
111.006096431
8.03598178798
8.01340484284
17.8106051947
4.4968971599
5.96335895355
662.786124917
45.7225230716
297.839504386
66.414190294
233.415841462
263.591789277
64.7504726669
6.48390324537
14.9350569963
83.4499572854
0.252941053665
244.920565293
9.95429208776
27.0220602513
2780.97985629
1.04073079307
29.6466743962
44.6587828525
0.0
7.65205204767
52.6820287425
0.630198060428
11.8505940523
300.059751361
308.582157232
438.486155428
188.67891089
90.6637219319
52.5860493191
136.07534188
8.66511852357
585.72168209
172.986341426
8.50558610192
0.856067500456
238.211699733
65.9700794602
158.173089827
141.428637829
123.253987375
6.24929865626
73.5734213963
399.752672011
85.1598130278
5.42267960701
884.499801195
1058.72704337
728.355494622
0.0
4.19428104444
10.873687311
1.93041012568
116.48246269
213.118067905
2.25939191113
82.2970537335
1183.60480955
308.769609363
87.3626463241
236.009423
2.5510177128
74.913145826
11.2787013954
5.21901125135
7.76483076138
29.4851976178
70.3960268744
116.08347563
32.6121605377
328.906024201
287.024327274
198.976393987
2.97382013149
169.859111068
17.6003918017
0.0
249.101388835
355.053827459
12.6371959752
5.52146232537
25.6378951031
3.29785669737
1089.3516497
129.781138704
112.972891566
13.130287974
330.627303944
0.0
13.4103921971
76.4853003941
6.38843942592
123.117130682
38.8013937501
495.818348201
1.11670767671
0.310206816661
140.212017442
120.310584259
154.416511912
0.72600280491
138.682142392
157.633121242
20.7981647242
1.60490384777
40.0212089534
16.4021187216
60.0727455124
866.387926721
2.14657946634
124.271731631
14.9096273643
4.87632018487
257.833702111
1.60288359608
226.028748377
208.697268098
2.79269137583
75.6115204544
3.67449088355
6.62079487375
32.824372498
678.08745463
231.398107554
36.2446610259
397.356912509
137.439652665
38.759955099
378.168095704
61.8905178722
32.5320142497
2058.04892179
390.543776904
29.8055008742
1.89668384874
404.225016547
585.30837377
39.5786509548
7.85509035466
12.8522533945
22.5978825151
533.285622907
24.0438502587
524.068403447
119.164488365
33.004219472
1.68136501357
644.706190176
558.737941568
2.09899091375
3.9781370021
2669.56122736
236.27643233
128.979377063
6.06706882128
25.0109195669
0.0
523.37330194
121.476282738
19.4272631245
74.4726068746
8.80420628719
187.041103563
157.850637418
23.8246523475
0.496002510347
161.89212985
0.619917304342
1093.86973842
13.4386805395
519.073879865
8.08453408614
42.5779838415
317.97133059
120.706940294
625.694295376
8.31236956718
504.287974546
20.4333918368
6.86533808928
193.882570878
75.6246069148
214.829586109
367.94488366
1.334499724
29.4086906741
14.2359149857
118.62717249
0.0
4.68343252833
67.6063821394
4.79253093854
167.621528719
41.9719023098
5.10012720933
115.105100381
3.73009659477
2.65300729461
125.79025978
3.40850312396
39.332828367
53.0289831786
73.6570480107
2.54470397451
1421.09999095
680.529169137
5.92488020618
8.14233231856
268.707818288
90.6042684665
819.706335839
7.18563532228
44.3333271712
8.52501280364
0.877278336223
14.0989221641
14.3123171221
306.014194463
31.9677978264
12.2381619322
73.128127565
54.4560121167
13.5678043784
88.1611035227
1.29080229425
10.6506838094
61.3479628357
4.46200354611
8.01807659959
629.248848122
4.30670437696
769.776782572
381.637220835
312.816871018
28.4091479582
334.428944192
18.7549843176
13.1229092968
10.0381969835
405.055606228
216.829310023
96.4102947477
0.0
404.697225384
5.93103492646
23.9581359306
46.6685116497
15.2610499658
64.5328914388
44.4704597359
300.510080763
0.0
559.035148661
90.8309197451
185.905417327
7.68925985556
203.076112314
21.8112034924
19.491406417
306.017070039
47.4485974478
50.4735972889
14.3123797656
3.73334080336
111.023508904
1.3763419435
0.0
228.008093889
7.02225394166
5.80847178566
20.1854056402
676.766263028
67.8227466385
33.4051039067
465.532086454
729.570144149
16.7102197542
307.959701663
3.92865589412
0.891762227766
20.3255499099
12.4762191399
9.52896224623
202.876872369
1.59315940307
133.334501222
0.316733783672
331.475750626
0.0
389.923430733
553.289792575
4693.77485209
33.0715057799
440.965908973
35.1062425704
34.2036635031
20.1021440446
0.581933681251
119.376817179
388.028985183
551.608726323
282.787251108
823.051763018
6.2090309561
21.002810077
120.208398314
101.552946027
12.4633218145
223.018519141
10.0424073471
34.4680104858
16.7664266018
119.465803424
37.64668438
30.2149325276
50.0413585961
20.9329891183
32.2479237339
0.0
110.93834632
12.3358339338
134.57610069
134.805313122
8.2000112875
10.3587712934
7.43283968032
35.5483789303
116.821833653
160.294258936
25.8234438369
82.2815663418
1.34659593584
75.7383023915
69.0618343443
567.992014659
7.60514895916
670.104049983
0.0
12.4939026668
50.7209570508
141.729942045
2.77286712903
3.58116176057
519.12631365
108.259396199
71.453067857
30.9681177768
1.19552760984
32.9610605352
146.732451463
54.2009616649
381.054692041
109.89733845
359.591628391
48.7031653171
4.71783583652
18.7995418903
162.746597532
88.7926568501
75.1153155575
255.690137963
6.6928035349
60.380592357
2.70173788571
19.0563800902
48.8527651358
21.998692969
121.956888208
1.28415244967
7.99001473735
7.00110695403
0.645443310992
0.173785014263
0.0
0.0
98.9269067428
7.35639778942
1.07085507087
35.1721230143
128.327997078
1059.81742755
0.648804373737
153.916167727
43.8264331312
2.05880995071
88.6960931562
10.0143840347
868.423380297
38.5368504041
354.029747781
35.3432854358
152.819798697
189.4356367
305.758156172
120.287409791
162.543414664
141.183452518
11.5955207115
0.237254889497
134.633710992
523.638324749
154.275160551
93.4119147646
3.21925240233
12.9593869684
536.969990978
622.907529832
1056.70604719
2.63343362167
179.351935264
45.8274833991
33.2658282126
94.9717984417
10.3425622973
1.6370857224
74.0647256471
292.837093752
56.036434417
13.6676508309
203.503750326
51.4109338408
127.35090843
6.78291977104
18.4161301632
28.1303833414
21.1513268865
5.72997952602
8.55049303236
16.8475703664
1.8469654184
451.920670177
243.932080354
29.066161035
30.7749783417
109.682062984
6.03164635207
7.8188354502
1125.68000721
45.8740190597
11.791234552
1.29395012828
47.0069465746
33.8535238879
103.016306969
19.0014911648
4.97647021728
1825.45490714
0.0
29.4161452463
41.1753930821
346.762083252
10.571190459
32.6173695826
9.04710270247
0.325503868547
448.530399915
4.41473543894
35.0367227822
416.88845893
32.2146118676
4.09663313652
393.127533054
71.5749864929
2.0302252565
346.992690706
6.38551807207
1.46707979553
468.483806694
8.77980304414
92.0396229615
25.4827453145
45.7130362009
74.2470554705
87.0155232329
39.6891263166
79.1333853581
5.3915662853
1564.20990825
574.169243216
14.5523379614
1.15096883245
6.50818361085
0.724416238731
349.172854297
60.9715972937
1.35982093471
140.672075856
424.653716148
3.95070759791
12.0732578336
78.4010519493
383.618417944
4.21110081436
11.9306608313
12.7699977082
185.37270936
0.0
0.407187330759
175.633620458
141.511909062
17.9173966389
31.0459799877
38.5182404767
234.423626612
208.299547158
14.2667813476
117.4598501
0.870099636253
292.571368613
24.5816817371
590.594075012
7.95373212524
15.7871153151
0.110609081434
84.8645021041
0.0
85.2470103196
449.02441711
36.5949692965
1.07112371495
9.63010493664
11.7627450277
39.3834165777
70.3612838459
63.3622393074
39.9393676779
7.36688093209
81.2760447892
149.334941624
310.586097532
1.47615225559
0.927752102167
264.258637378
730.769114739
188.709898925
60.6303916
397.956358652
0.0
22.2543915397
323.978090622
145.600894877
0.0
9.95712068106
55.3548964244
12.8003400335
28.6289602572
0.0
64.0058864376
1.53389507265
34.9505253766
7.09721527838
75.0669415523
67.8678631835
32.3807724495
5.31475335235
539.9443231
22.7041812443
114.091531553
183.685289615
518.023240562
513.246595766
67.1113650588
623.324219694
1003.77851028
19.327787714
0.60224221021
0.298381658263
281.923680847
50.2103790932
0.804798644397
37.6509899134
386.407451905
5.20864616751
12.04419729
7.55182612029
396.261444579
3.81208243216
233.906725279
172.799848222
215.453123482
5.54327911617
135.452086402
309.062598865
21.2117453023
944.873740094
8.28730495374
3.51383569828
32.8063721397
29.550732318
153.80809932
20.2934053805
379.917466221
575.74851384
5.80465535312
259.536881505
1.56133652366
42.7321759079
0.497984212217
4.28203008047
23.5063741616
1.96523507259
166.702773181
8.26819869738
5.66427496571
2.24162767054
681.748620526
42.7819870986
0.0
0.552626177838
687.219850022
26.6355597197
58.1277454832
242.829187969
448.76462503
4.6557513456
91.7334494205
102.831142528
17.2886803373
56.1342618227
3.32345618962
45.7232025122
956.464231258
28.1303833414
8.4599840699
10.6899889686
8.15042296279
188.582165289
22.2945219061
9.56059237654
43.1851134465
4.12332286597
12.0652129673
69.8614492421
9.19296198354
27.5773029985
144.214607079
231.309951335
4.44841352859
334.819061179
8.77751776242
707.044076341
10.5615807108
0.0
4.1891731928
10.9207373707
27.015792291
27.7181291182
31.4800040192
522.411067021
19.380625066
421.5083746
612.137327113
37.4485780411
28.6214044918
254.191543687
42.4093367958
622.798720545
85.9798641509
4.6398399059
105.885358317
288.126729352
131.500557212
60.8455490079
11.3474260935
24.3142230608
416.880610427
201.478565459
0.740698720483
10.9178895025
0.205657285627
82.2881330635
10.0426205758
7.51362685912
57.0315511315
27.0038008864
1411.39492226
6.62606656214
238.915111137
247.200344038
7.06925942816
5.24315789712
9.93218255922
514.624842311
13.8925384552
218.8952541
400.202199095
7.81776328326
197.723452439
18.1145295947
360.206648664
0.945913887821
4.89776834299
55.4372954677
20.491380409
17.0927291744
140.067584505
48.9892110318
162.055270294
0.0
4.90397004586
11.5233783307
85.1214113801
5.29043805109
90.1474590799
4.55543868113
38.1934750783
189.266813771
0.430596711156
35.3477054141
94.9037772777
122.542875644
0.0
373.095755689
182.495439671
9.76397522258
20.5624686931
5.53379947361
12.8819379633
20.2209353261
643.854089692
41.9041835212
1358.72251531
17.0706991549
37.9002940322
4.60057088712
32.6526691742
200.744222641
1588.84406353
8.25995505853
164.600736832
61.3215044052
938.870506167
725.943458661
2.4325010988
12.2194110571
36.6501340941
57.7616847907
0.0
0.0
20.3573655612
127.075665098
22.7649996145
0.986300851476
6.04204878105
583.622452649
26.6036525126
2.64408662449
100.063061601
136.407101662
0.366108879643
72.6160329126
72.9798444637
260.169475678
8.43060910432
4.28332631829
0.0
31.7258784083
173.862451221
416.867636002
91.0726813499
46.646338273
29.8064658245
259.434917222
10.4142601505
202.695372572
204.238029296
0.166071435492
213.570947619
462.826279151
204.693205134
215.48747499
2.15290525146
23.0677205372
204.249619542
178.132010434
52.8605529757
16.5052551607
5.8848956063
1.7606993459
57.5654240246
301.093313091
32.4965737103
54.9087243797
292.898100052
150.633044291
59.7521471088
408.792238223
182.377061596
16.0723165478
0.0
440.203697042
1.55494929976
4.32989691458
50.8948516911
472.84284607
0.0
55.2734984719
0.0
71.2494380512
397.288975672
20.6068214699
15.8068757138
344.336810245
44.7791787704
633.809933148
6.68793902905
17.2237299079
26.5236278975
71.1490193744
3.7397388694
8.4441678001
103.174769633
145.703194062
17.8670734582
502.03965848
1.17955232199
529.68192275
412.97023799
0.224759927915
647.818671613
547.377612126
151.87880473
7.76568367622
44.5498699632
33.8609483429
32.2485068
148.426331919
6.65556922402
58.1876350434
59.7157163208
5.82035597346
22.7620625998
54.0465358902
30.8528839212
8.52757395756
15.3823457811
5.52173217412
1083.19032053
44.4862699825
49.3576859068
83.4394620957
55.9028568688
49.5153185451
0.744681399138
0.528838527299
18.6206417963
121.919267194
41.9639622508
179.783231895
7.18293081122
2.32475916049
468.846787014
21.8410699683
19.7366748511
5.41004249296
0.362178002316
5.13580507109
42.4563880604
4.25140585964
164.379501803
32.034615513
1244.88623419
400.146451232
5.68239820155
2.73234403632
685.955921774
753.732373688
31.7263434155
19.3073370326
215.755319165
4.0458039894
16.9627343505
630.378968728
35.1436828819
45.5530411814
470.515629358
647.111525694
745.142218911
18.6953802668
0.710247973865
31.701847412
39.0505243946
1.59595185592
11.1850337568
39.3339957038
422.630686457
296.700259519
126.021639435
43.1121205601
10.9382956107
3.55229998948
34.3138111913
160.587091828
307.385858626
84.8050715273
2.38868079147
3.37493345568
120.311270927
4.78008295953
11.0855234105
391.98310685
12.709929855
21.5011797874
32.0657565424
6.86188185665
17.2045899204
1973.10532267
348.571742078
232.356660965
46.3495395669
46.8548133098
246.551561348
35.9718379007
2.02362962261
482.357018435
1.78171622787
58.1623861137
194.516315522
382.874390687
209.864951893
61.5862886875
0.106025266469
40.4780580946
31.5006064905
0.845159105049
32.4816019225
39.6414775298
12.8119519632
268.479410583
4.23617867931
672.806015554
2.17532920199
7.20042881707
56.287745536
95.2107242251
1049.0098327
298.70659834
84.6270604887
124.22555617
24.3790144722
157.692922861
621.903911677
92.0236211709
26.8325722074
2.4475897407
0.970483376974
189.915039897
0.969172682969
122.570492978
22.9682475361
38.0507009878
1.13369128338
0.0
563.830092578
1.03380266696
227.401548555
261.976704662
0.919283187789
0.0
641.650869693
3.39926441778
28.7578877329
14.1056346521
0.710300979873
49.4984795003
307.723517736
19.5428439285
16.3734954776
10.003718985
39.7118514376
27.5838082812
161.323964479
206.379188899
6.8819241509
16.5932740456
0.850542828856
610.544162891
360.20281898
1.11393088473
5.11707588022
0.786792262718
3.04014389836
9.93281863132
246.112616191
0.0
22.8279394297
139.366477658
27.8507682192
45.6798315513
0.0
0.319715371593
37.9495619115
150.167753944
1.03038377948
6.20204861933
291.492656605
7.34637001657
15.8152350022
602.035351856
10.981172652
133.349080284
36.637717437
104.934651
145.044831741
11.8312408362
1.07106348086
11.2783448096
791.650330768
114.070630321
436.529320604
1325.89993177
31.1074609331
244.359175054
203.845394524
4.64241431131
0.0
631.242104097
12.2756745247
4.01928171071
30.379246332
33.025179734
21.659049748
323.52745764
7.85330862999
176.480903417
87.8200050458
272.409442224
52.4800300761
464.144971038
40.1977575082
278.875081286
889.643708958
49.3876029795
8.83314274857
82.048892858
40.6277470597
489.818339207
380.867002587
35.7213821059
52.2829681963
169.727791093
42.1434550483
8.99311487913
0.0
448.600788279
0.0
0.564534459294
163.321791018
23.7179512545
44.9922568971
0.0
1301.50821634
102.444374557
190.976904426
0.470709007319
321.802602402
4.74816972902
63.1005426251
61.5566173702
271.402955721
11.3905874398
8.93330603248
98.5763069391
8.20130391128
39.9752419028
157.89451073
14.84011119
3.59954641239
12.8013591944
2.34248966999
4.49652611783
4.35182333145
1.69382744874
101.155146782
0.0
140.249957697
272.202454969
46.3658810781
10.4677444167
19.2350500899
147.927471902
42.836971194
11.007614217
9.81016273
204.287646533
64.3123238044
940.8708529
97.0702617046
14.9017246504
13.3982706869
44.7463873267
3.4673169033
471.391024776
187.259306407
31.5310620559
6.41509903832
2.78075177264
10.9950807056
204.132346159
21.830460334
70.1731799817
103.500860181
233.726008525
420.414039072
40.3668020988
180.561007113
54.821807779
9.49219173791
850.671086529
597.070433333
9.39760854098
20.842782531
264.745449369
7.84109917805
31.9623213422
0.0
60.9098151778
26.0415334406
2.09352286221
31.105355149
371.719584811
83.2329591232
672.343750162
10.2396210167
550.781194123
231.338969715
151.689685319
0.0
28.6235909896
85.4761311961
149.956957485
247.732267755
10.8991771772
0.0
11.9209077259
38.336922586
80.3374674147
43.5344278546
8.89404906053
219.111265627
1.91685383927
41.0325129796
425.669357029
22.4727799046
44.1508419436
7.29162565296
26.5366758081
276.246694077
158.639490891
67.0653052477
2.84950538308
626.88445372
243.807710189
9.7707949273
0.552275615382
166.639163563
36.203047696
39.9998138013
15.4699237523
61.7455705354
0.264330117183
1.54819585253
4.29489487942
7.36645929338
1053.2592147
483.563083398
24.1570626579
7.06984128958
57.4093634965
356.150645836
8.57759837712
557.202899638
2.78075177264
1038.13594662
118.413990761
33.1903127222
353.579865315
34.8617294718
83.2280488396
7.03920502194
139.276252999
547.576513555
125.456080996
8.33848707269
52.2700009995
3.67460653302
8.89858709757
4.83796431504
3.79173173934
42.2424859311
56.5324682491
20.9310170539
33.7851256585
10.3693315357
8.77362543494
19.0370136226
611.340140854
14.1065345496
435.939811882
17.993072352
80.8261249791
212.692620005
0.0
8.86764725007
446.749267959
245.44711372
30.2196681325
4.41439210457
32.1658644109
74.4792049178
28.8210781219
259.600589908
81.5493112374
196.806320813
31.1793696056
1.57793824614
369.956095422
208.388727356
37.9799042366
5.99143768136
14.8553708969
22.108276866
10.8877543825
181.122338323
368.37855713
480.970761959
171.332873234
0.772854092117
595.700297912
6.05796865353
59.269049152
10.0088629771
773.21103216
7.2014576155
27.5721325034
103.91080262
32.2210051149
76.5094687241
5.02715841663
68.1942524934
823.438718919
5.90456444914
248.277700777
338.399925383
28.471426403
22.9142886252
23.2894904446
274.500874964
4.07558734218
9.86638764774
41.3380540629
0.0
15.497604935
225.090631191
224.813119444
42.9560817164
8.48964093111
7.17627735258
0.54093835319
39.1827117398
310.362017045
159.759112693
199.627295712
458.48760372
328.996910229
97.9046774556
2.42223961762
234.694810165
11.958236002
6.50504782363
15.0514401186
114.131320994
69.6686495274
10.0551251749
570.700996299
17.7605253597
183.012309683
2.27463595701
7.39893149638
1.7913054965
1.12906891859
193.609087587
0.519204685441
1072.60741816
632.647758363
98.682288837
55.7951872114
1206.45533437
32.7680789134
616.12249223
181.779973015
124.582535969
55.4615035522
25.5357983046
9.65627785749
3.75636709488
19.4391653826
0.254142121609
366.538877627
16.1515810086
0.0
0.0
238.023828373
316.636648959
344.239126197
6.16015821256
104.082322832
0.4215109996
335.958262678
842.457904453
8.14374902459
0.496321751073
25.0848039179
197.769233968
0.0
20.5584474647
162.22086588
3.07047056273
24.2052005456
3.75618398322
177.792761144
48.3369275365
0.0
78.1042074653
326.655461405
1062.93550473
275.029737584
0.9855635861
37.896635413
0.0
62.9577155285
22.2770034206
352.918156388
453.749371412
169.912183333
0.0
3.9178354405
133.010043018
0.489956211449
2.11045225819
50.0987098915
46.1269480665
446.152390197
105.572214486
90.0211120329
20.791225756
244.917480103
79.4795700023
1.93762737547
790.293693806
0.0
189.190075528
42.9602210036
2.20586548102
558.976632438
222.648948005
9.49239653387
7.65205204767
28.5245239663
504.460972903
4.64350454849
8.5592064972
0.191685383927
345.012554922
7.16849390226
695.188685246
7.18003114166
0.553747736773
0.0
426.932819066
66.6686203346
370.216260953
179.469254424
130.943448412
362.659100501
404.530358858
140.023635296
21.9424596184
88.4945269707
47.0188958153
39.3348377766
368.047494858
185.030855547
71.783516945
0.0
4.31039431788
83.0184823609
113.783671457
25.1470859768
6.83308513843
51.8651893017
89.4346933207
79.6596988718
6.83308513843
30.0742859053
0.0
7.12309425684
778.994701954
595.526306897
10.9082219295
162.397937267
212.107897485
171.873910371
24.4152850375
252.729792199
259.835657095
16.5532870362
11.4183698158
95.3357738295
680.222496856
109.956466652
34.9894329908
17.8153673026
132.559901546
4.22728571688
1.04770951583
17.2967107474
37.2452036278
5.87920830264
399.353377757
3379.140728
1855.4865726
803.880015352
118.367679171
145.980860008
109.739302244
17.9189145382
0.0668634643948
226.143238944
313.296204344
6.96775653787
903.760132743
271.142474563
423.742988613
0.713027175213
846.301479683
33.7206414411
22.2752409708
26.0820794223
26.7853980654
0.880421351528
251.408854785
349.559070523
28.9090150883
9.21637497798
452.886822722
125.148161871
15.230270341
125.796273552
75.7933033523
0.0
4.35889361003
38.145093845
32.9851433327
312.338227976
2.97872800591
18.9780902172
325.801059979
3238.13210737
107.360578149
558.130822805
479.781643258
343.565402977
8.13847372217
305.086335144
59.0169742647
4.42843990122
29.0682704331
86.8640766366
7.17596533995
100.063696468
14.5817599096
13.8971282935
0.0
28.3571538836
0.0
18.756426322
492.194470827
208.469943402
48.8943182316
260.570911857
27.1266218293
13.8474713019
32.6376949771
148.281158101
113.885017738
5.12792765559
3.95389277709
185.368384552
27.2196811034
50.0460520371
3.02576601883
8.98324251025
8.12164190542
60.4618023792
8.00101107453
192.275414275
55.9350483809
124.628971641
213.002199182
502.271004406
478.887296987
24.9499120617
123.690271389
20.0100147849
3.36611036479
916.18054258
38.0761727837
384.107562199
281.720583511
29.9497458814
80.8732015417
127.10545086
4.07320689058
324.1782654
34.5557101298
265.816300826
371.938434569
4.62651973716
311.819536484
0.404150327469
66.5840769573
9.71174503027
573.178622375
0.62899217376
614.214454253
628.974892596
17.9298265476
419.318743413
245.240699894
505.286912511
227.976674578
247.954337628
13.3304856408
2.41164323485
9.07145775821
40.8527912924
795.459252114
702.289060404
142.22295333
51.2521603688
4.88013420803
105.955186504
332.29598727
90.9062220068
1.84761233262
5.54508132041
25.075636288
32.5677981235
4.27397075798
522.604546175
233.051497442
176.895036945
40.012891829
1.82867593645
0.446357565609
2.50209557726
117.86099595
453.446256558
48.0136643764
2.56034917948
41.0552128023
72.4268797703
172.45795586
71.674379985
46.8711813239
97.5325222774
7.29527824877
35.9283549044
617.59306199
0.0
5.97745373283
13.8159399556
252.998190527
435.778166448
187.190906973
223.546501139
1674.85032347
106.387179441
615.888805608
1.99767956791
139.490400883
149.542964905
195.701576832
21.3350914863
530.369822669
19.7917962802
22.6650230563
356.263661872
27.0869504466
606.997002074
650.462630541
255.731803095
607.940847524
670.233706291
413.66453477
47.6885339594
1574.05468029
6.97181631619
77.4726553423
214.875957934
736.515741766
81.3572957706
233.504659051
230.698958315
258.194064657
2.85171476985
14.4095024321
14.1314497824
212.992495469
344.246561494
8.14706430942
4.57911550092
150.742694446
67.6238668938
0.0
476.357726228
6.91526854367
0.925540306036
62.7028650538
0.958484744369
6.55585408181
27.3287698763
900.438591997
1289.65185305
17.8161431177
254.849124169
148.826817604
14.6107168505
17.4181161888
1897.07340555
194.275079159
7.57412116985
199.632737261
353.18663784
979.58589625
170.042362473
279.946115854
0.0
1150.99840258
476.259157943
294.548321627
271.021658211
0.0
0.533822296683
8.05604938054
500.801011689
168.99123407
29.10959223
0.794134799438
40.1573669305
159.514403232
416.093288104
0.606246573136
13.6051073562
1.65717379455
7.46198937039
0.581396393082
6.80746396188
8.7274041964
221.149526113
2.47976920597
418.38811694
268.249723506
1.14092298936
33.0698565702
9.11690318153
1723.88620267
15.82168246
249.913815526
4.80192263933
0.0
12.4440673823
360.483234011
126.044563329
238.515816882
439.704628616
0.0
21.8551057181
0.0
37.9486138268
6.86219868801
112.208332914
944.243809474
826.874815285
8.66511852357
28.2317657635
32.2171585653
9.69540110976
36.0119164658
724.01852502
84.0533776744
8.5331504305
33.1420085885
38.0132522435
123.635769167
7.98018212297
616.783042254
822.288888511
148.179716651
248.984557571
0.779136508682
185.078679013
1741.15077973
26.6212456883
5.37880990772
674.323137838
426.237615161
194.225801642
7.60033745928
100.729533841
262.497728416
835.72393332
19.2283869938
50.3901333067
4.26429957094
4.20502078437
260.213822431
119.077101938
99.5395887272
253.022461255
92.8777635896
38.706561184
137.75020402
153.133555711
126.495731189
55.4194059401
280.008717154
19.2157956577
6.49934726846
24.2627566368
81.1901425306
14.2843757281
4.68171947053
48.8749927232
61.8182465903
0.0
53.810374852
657.300046512
19.3328136473
766.533535314
48.6712448585
0.0
7.72608096052
18.5271861818
426.441607575
13.0355806948
190.966473085
954.936678837
611.262742446
117.982374889
779.526944912
180.487423932
202.110101921
115.868048373
0.0
74.4775280005
5.66177645525
40.6963717691
73.1585361478
9.02522808693
243.858603185
246.798246488
305.285141403
58.4018527993
87.5935814521
316.605872948
0.0
510.957565064
273.024404672
128.832649206
33.9088440894
1676.13617452
50.8190663519
7.23336361797
257.360819857
4.39233076331
61.7349428309
387.682080138
22.3747103579
450.235255023
709.789282767
19.0121128459
89.9425523111
172.644084046
307.547681148
84.0215668418
74.76647218
60.7888410127
66.5641201955
70.8550685367
324.302204287
280.87288614
36.4056788204
33.7807815753
478.362217068
29.2450466727
100.521869555
20.7172245508
454.773559513
929.55729885
77.8437142602
6.77242458156
74.6222392196
7.11708048439
437.388806991
5.77849809309
125.725871937
176.325422342
3.74358903304
33.9944584289
19.8537253672
356.398547705
15.3585243995
4.02100320129
25.3546852097
0.0
60.4296976042
32.2863916391
82.4425371539
16.6143848926
355.66675038
6.21726857158
7.52505567715
227.521073488
723.301347715
352.713068917
86.0008557345
0.0
38.8919930637
678.550804235
121.516007127
177.478059659
261.09450038
3.14683535397
3.94154117266
41.2690004866
20.0870469699
24.1759207497
209.842792972
47.9298883816
46.6897273042
334.572190518
27.1612359569
510.931817395
6.74038004068
2.58281167984
67.959543097
366.961887251
39.2360827659
14.8869805476
400.940580008
29.5076071122
69.3671573801
1.06836860725
901.104896785
249.73609602
1.15096883245
9.76382945606
6.52428539032
128.475018877
30.2438461
1.21290876157
1772.45314979
0.0
31.365348411
175.850098197
35.8291842784
115.602737645
446.992488433
0.0
842.955163447
33.1903127222
104.651094158
867.401840088
963.175778441
25.463889632
291.437356884
26.3466191541
10.3752995303
497.646544674
38.6844974334
23.3212121306
175.026286057
4.83890035297
0.255631108546
7.68357977998
34.6956206912
145.747315539
61.8949426691
5.37540788579
40.0981977699
200.076698714
48.2360860166
147.149288297
15.5877115337
45.7529111748
33.7224785811
481.59385601
3.39027989953
268.250624608
103.034391655
1.27747730676
15.6249952365
8.8594987811
32.5724975879
113.406773445
4.47725241071
960.02608799
88.4058732185
52.6281866857
231.055545388
324.997750322
155.133803661
477.050960478
130.653553739
7.20406936607
3.74134350581
267.874026562
9.74323782682
129.963456481
19.3721971108
3.12085397752
483.139453364
10.450340376
69.7222494431
100.032580737
0.444708355967
777.62212946
8.4552496697
0.901629777934
1418.1615198
163.122981145
133.213492121
358.079486261
0.0
14.6817340584
980.970021644
47.3726856169
495.385072278
7.87139933941
28.0507068794
434.699660441
3.46619293501
246.131086375
395.008297031
23.4834767709
30.217059996
45.8465703806
15.9298062826
548.504904138
53.9635778743
28.3983805106
70.3723500546
181.423055859
17.6320279554
11.8122622761
64.4107619835
265.065705643
20.9329891183
2.62826553593
41.9318249494
0.471065593191
746.210388745
54.9621713008
444.725840723
267.726306048
32.800075267
9.977031665
43.2771077818
1465.16803389
369.562510155
35.3037031998
141.833338696
41.368127744
98.6302754875
6.96079709002
25.8576327117
51.6713415135
61.1989135568
1.08948909186
254.313386428
31.0628636058
32.443658054
71.010170138
28.4177867328
32.9633024483
36.9035979799
31.5784193095
496.811302511
55.5132000704
88.6585841779
37.7888766092
49.5077157971
581.484948053
475.679214396
9.27010981806
6.06404386479
2.8497848693
4.01864443396
11.913024287
389.241998752
172.502759187
207.140611764
4.25886886455
713.237441612
27.2794550144
259.072917513
405.219835705
462.931599679
112.184589837
121.783000796
201.745295303
677.992112484
32.6338122871
7.16528703882
692.773135226
1081.16415385
50.3883286931
564.818375131
23.6760403681
63.3595263635
459.95328247
12.6516280655
103.963458065
4.13711045132
363.896178797
609.801146363
14.8023251349
0.0
150.204055831
12.3996037748
103.502394946
11.2756559594
193.542293995
11.8173604903
0.628718710945
20.2273827841
0.0
144.604754183
19.4539540588
184.902135277
0.0
5.53183102324
271.393324288
36.970363865
29.7627997164
125.946307056
27.5438260907
312.416490141
28.0943223908
339.004707063
443.335754561
260.964486281
857.689795092
117.444333796
74.0744968227
2.46175800557
261.27221025
0.539090371021
157.814041588
632.056005319
38.9022641823
273.140762496
433.72097318
0.0
7.46639730176
92.5759040145
83.5192746868
84.0598672963
168.97466126
421.336624293
45.7992155363
18.0344218566
7.52586401877
595.748369543
584.595462244
5.94640666863
37.1893738458
26.5356325535
757.331659889
0.0
607.535996071
0.802207373441
34.2344154202
5.83108848529
213.878290907
243.275369651
35.6005103387
10.8291393757
493.390002051
257.692011029
175.653977174
40.9991842477
134.090553615
42.6598986027
50.2228921249
156.872041711
40.3717208153
6.33630319882
45.7130952303
31.4657429938
7.68996459452
1413.72871052
0.0
35.2268288281
2.515101324
2.04556567693
40.4450666735
71.2556433681
13.1418191898
30.9617823542
1.43244639306
33.8248596846
818.519324126
36.2144126658
367.885457903
88.7400556159
376.662491382
9.24547166206
29.7218441429
265.803704671
66.7645130208
5.99486379693
14.4687486923
453.207941548
26.9430728674
15.9600160928
5.7103974203
0.385545218842
34.3009741
12.5402058237
97.1652508794
1.19088597014
40.5997755486
432.126252509
10.0431638874
4.36981646164
592.070382671
31.4658273215
92.7759547101
69.6607142871
3.02377106546
1068.42439005
531.512212962
32.6997577838
26.3625655297
23.652705678
1.3668442307
19.059509854
30.1582438073
601.849183915
10.0492138003
20.5186712748
325.751955937
46.2020045731
516.577711323
2.25834263312
279.439960284
269.434380065
517.948698455
6.16015821256
822.469682365
0.0
21.5884433366
115.320754118
34.4054248471
281.741710019
0.679818911527
2.2624373472
258.685024369
8.04453503009
18.2746836323
2.42221672866
26.2718421338
450.635640719
54.7073629901
117.479050321
22.9073436335
8.9074812647
76.6486998449
6.85056627874
500.480672291
1186.83648464
4.02100320129
635.498082931
7.7796230515
0.0
8.43522544569
195.371191592
6.36534326281
0.418906477142
2.57941568131
10.3675377642
8.70137222332
22.2515412621
50.9966979158
96.3267500518
50.0115463309
524.567753768
109.557189263
0.703170467188
947.34447539
17.3250653473
5.01010373371
49.5689305076
68.8717222751
287.355169089
113.343743279
223.389755147
49.6052528742
215.333303402
16.7739992327
320.219971919
15.0395414746
713.841577584
51.3914432909
11.8166400905
346.793525452
17.7831926559
592.576422592
47.0213955304
3.83138384698
44.3619022279
622.55212937
0.0
26.8135599162
2.8851591512
0.0
696.514043843
156.416524948
1.21764918519
0.426269493456
54.2621944455
320.13480813
26.6249874306
33.9302549024
32.6225605573
424.639626187
10.4747845782
13.4969136621
11.0033604849
181.631569446
39.6850340118
490.50040726
683.44580422
4.76939743032
46.7095214339
30.4734115043
207.518463883
348.755809053
53.1831415139
220.053734125
162.628362814
18.5625640777
5.94559832702
8.4441678001
597.29622688
0.678746744555
88.7299507433
205.416092632
30.61716982
43.4888258225
0.0
639.357423832
632.305491344
69.624799103
39.0588174254
346.272877558
22.9247549023
69.7432651204
5.24387468291
97.7575773522
35.7972842992
327.648560276
55.2369544437
377.783166078
107.112897941
10.7432780764
70.8434626304
403.782619976
53.9581507822
113.010148766
178.76173385
7.94839658869
28.5002893787
2.88301361258
8.62488334982
9.40612443794
337.199216436
235.526487675
59.1277736858
5.3527466129
6.80831446736
776.527013298
878.978231654
171.364427469
447.639546018
0.791480885017
356.978012993
8.25371841989
710.168113088
70.1404246783
3.46436784179
33.5332591812
3.5583450837
32.7671693785
542.316369642
1.64922771216
310.794550886
24.9959622353
134.838379234
0.872409011624
894.912853051
227.107963941
1.31077351225
167.085882533
76.2964592642
405.213409931
0.0
37.5294953255
38.3690044721
103.076251944
8.9352311143
5.17953141322
5.20618138819
5.35660882335
0.0
510.583785973
5.72784362485
52.5997236644
118.077821843
13.9322640484
659.230049455
106.657570314
1071.89356577
20.2723993406
3.94778865345
0.0
600.347246647
173.564621307
118.940212719
174.756984217
444.891929024
1.44789523487
263.006052415
33.004219472
315.823758466
84.3378657353
31.7298731337
12.7433609848
264.198929724
63.861824542
13.8954899261
104.143274922
12.2205434582
19.4174678553
10.3493422475
0.418819740039
6.37950670896
421.228745021
2.38208877163
13.7814414775
13.6986593453
116.530609011
200.419141616
3.58625395133
178.764923848
0.0
525.698057486
5.8955702934
21.6859804138
55.3458637188
189.612763502
854.610779719
11.4596627003
743.666720797
28.4763499383
73.9285014125
0.46887909538
1127.39220124
23.2183286747
130.959116506
389.128634563
318.722734114
11.1612979076
28.4430862592
3.31473308736
41.5996905111
51.3153832843
10.891934629
0.664448374039
0.55904713284
48.2513336768
15.9742747089
30.0368516172
6.04278845577
77.3744556901
17.2964818578
15.8532029644
38.8489220686
98.4318474985
21.7251639
19.7481879969
229.433908508
956.168897446
13.4897096638
636.160267706
0.0416482656985
339.986312065
7.43197351397
286.287140202
27.2029516848
16.6729986949
57.8393132935
22.1829623306
91.8242884658
