6.41333099879
39.1224389927
401.530439925
64.4779429878
240.456580955
2.09468499961
1.96134999963
127.450091976
1.6140239997
29.4789339945
0.0
4.69390999912
110.471785979
29.2879139945
38.3328809929
11.2756269979
0.662158999876
106.48128798
18.1268759966
113.228567979
193.852840964
149.560538972
5.38048799899
479.363215911
38.0397739929
195.509037963
264.13988295
44.9247209916
12.1879159977
517.125782903
11.0593779979
57.6786379892
104.95835198
269.47793895
2.81732599947
33.0215869938
15.6610929971
3.93283499927
76.2418289857
158.68442997
229.884319957
5.06774799905
67.6487399874
94.1153539825
2.1446799996
6.27247799883
574.158493893
0.81104799985
182.048394966
122.527630977
19.2789639964
639.42050288
3.00401299944
398.863274926
16.5488009969
0.0
358.097979933
10.3850299981
108.98015598
914.230689829
52.7552889902
96.717437982
3.64311999933
75.0724279858
656.340817877
3.2201229994
55.1377059897
6.22640299883
34.6962049935
1.0643699998
0.0
641.29382488
1.70025699968
542.137512898
64.9908899878
21.602233996
82.3047219846
1.5936079997
30.3587239943
0.497471999908
339.799952936
0.0
111.689209979
0.448684999918
12.0028099978
284.388285947
937.011426825
0.0
1.0808079998
2.86194499947
10.777311998
7.27848199863
142.644287973
64.010824988
52.1750159902
0.765242999855
10.9448069979
39.7513109927
929.125787826
10.0248229981
27.2889639949
0.0
623.488683883
97.2260819818
0.0
126.363601976
0.0
491.561787908
4.85782999909
28.8123529946
53.11578199
0.0
83.8319849843
1342.12673275
6.18788899885
5.11660199905
157.94174197
274.024313949
72.6753819865
37.7605789929
32.4843589939
122.829052977
191.959797964
0.0
151.954693972
107.83912898
2.40394399955
0.0
0.682366999873
10.482406998
10.853988998
401.089410925
10.516266998
229.128400957
580.998491891
556.265762896
7.07901799866
20.1118669962
132.016954975
9.57724399821
180.075176966
213.18581996
509.327717905
6.60972399876
8.25373599844
567.764295894
0.169645999968
530.226049901
237.585461956
84.1145509844
0.0
7.5576579986
884.682030834
41.6513849922
101.741845981
990.555327815
7.22511899865
2.70597199949
41.2035349923
812.752763848
163.903553969
103.608636981
106.26912498
43.6130519918
46.3546609913
4.10424999922
2.80394699948
32.410014994
3.26229799938
427.53857292
173.844089967
4.74925699911
33.4732959937
1.98497399963
30.9808249942
32.404937994
148.947674972
28.0878459948
437.740999918
2.51851899953
392.272767926
12.4407199977
34.3867299935
72.3729819866
15.7603529971
20.0097179962
101.678768981
79.0022709852
46.7466609913
1.02780099981
1.24125299977
206.924994961
40.3298489924
617.892305885
0.820283999847
90.732060983
1718.57939668
345.291588935
316.405536941
1397.05381074
0.0
2.88895299946
1.87265399965
0.0
28.6331659947
30.9862269942
1.82164399966
0.0
8.83646899833
1.65034599969
4.2601729992
1.85847399965
335.439099937
0.229901999957
10.918806998
0.0
3.57446699934
74.0270289863
0.0
2.1182079996
6.18041899884
381.720378929
2.08488999961
10.1912959981
52.7598779901
280.298835948
43.9443069918
5.69458099894
17.5741689967
331.226394938
7.72611799855
21.8582779959
1.69428199968
1.21971199977
0.0
0.690267999872
286.518368946
316.303284941
97.8477499817
58.0584729892
95.0230669822
542.896382898
86.8745059837
0.0
404.972371924
66.1147999877
140.731282974
93.3403489824
2.6718169995
6.97205699869
528.074557901
208.465503961
33.8183399937
5.69495699895
0.277229999948
5.18763299902
7.64241199856
29.3047099945
207.855044961
724.228457865
11.2490689979
48.060818991
173.521996968
7.44328099861
17.5731789967
0.0
21.292659996
29.6350409945
5.56980199895
42.0568319921
241.448279955
355.106317933
34.2300679937
291.847789946
527.771581901
32.8950579939
4.95683599908
1163.47536178
132.264591975
4.56899799915
386.401802928
2.86224599946
9.30060899827
4.73781499912
46.8359239913
2.81236699947
68.8437009871
52.79172399
0.310925999942
42.765956992
961.32809482
66.9851769874
7.29695399865
6.4254819988
658.698277877
61.0260699886
1.0699339998
4.74779799911
6.63757399875
146.007809973
42.2048649922
150.267769972
0.0
80.7203169849
6.60306099876
200.903350962
59.286878989
28.0155429947
5.90462699889
29.4858789945
0.599234999886
1.70252199968
25.9840599951
10.9350909979
55.7741689896
1740.90040967
40.8000429924
820.436724847
20.5757699962
660.815690876
5.70298499892
25.0514639953
74.622719986
0.0
115.517746978
139.529230974
4.12212299922
5.56524599896
71.1173789867
3.35020199937
66.5697399876
1744.44979667
1.27322599976
28.0878459948
2.48898299953
179.900063966
337.224583937
578.481976892
20.5007289962
847.413546842
1.17585799978
25.0954699953
117.818111978
1.78662799967
499.036735907
197.049156963
13.1267929975
35.3762339933
0.0
671.697317875
192.428231964
0.750615999859
5.71693999893
102.982749981
23.5257809956
470.007828912
21.694291996
106.60169598
638.366896881
28.0878459948
2.1588989996
1.01496799981
437.904151918
211.53425296
48.8081119909
10.1204399981
2.86119599946
270.78637295
0.0
118.474905978
6.71970299874
4.91731999909
228.453366957
23.7858349956
6.48563099879
161.26828797
8.97493199831
14.7704209972
74.2727609861
35.1816379936
2.37552999955
174.517649967
103.294748981
118.732185978
66.4379669876
54.9475859896
8.5451269984
45.1699329917
26.907350995
5.67199999895
3.16670199941
4.87182799908
1.10707399979
8.34017499843
11.6365359978
82.5691869846
0.0
47.2970509912
701.167023869
170.510087968
0.0
14.9938319972
35.5558389934
88.8572359834
342.290323936
85.7459729841
114.286892979
853.363949841
668.134676875
644.57649888
537.093086899
399.238582925
2.95357999945
429.650698919
0.0
276.663933948
1.12345599979
16.6341979969
8.34844399844
13.4658529975
0.0
0.0
33.4512709939
1.11769499979
289.968701946
179.013951967
0.722766999865
1.32323899975
2.00537899962
3.34166399936
59.7028789889
10.735211998
120.529675977
98.9798409815
5.09722899905
0.0
141.844297973
10.594896998
3.29387299937
0.0
2.42550399955
33.3930019938
8.38059599844
60.7128199887
0.455506999915
0.845100999841
0.0
608.846942886
2.50133299953
107.32881798
0.0
527.537727901
0.0
536.9333019
565.983345894
50.4512569906
13.9871249974
122.035146977
133.304439975
327.336786939
704.659896868
6.8549049987
508.991995905
12.7365759976
100.598800981
2.76409699948
0.691237999872
4.7672439991
386.177563928
97.7103929819
11.1995799979
0.0
0.0
96.7611469819
0.901694999833
96.368500982
0.0
55.1402779897
5.45858899898
28.3444609947
22.2237859958
634.239931881
187.489324965
0.879213999837
4.70152499911
6.42558299881
30.1731389944
424.612600921
5.32377399902
786.927065853
0.0
23.7369199956
5.289634999
0.0
401.498107925
0.0
19.1048029964
474.300753911
103.362945981
502.720696906
645.363506879
26.2145429951
8.48681999842
14.1738149974
7.67439799858
1.21014499977
0.0
111.003955979
133.025610975
136.219200974
6.16978799886
1.57293099971
189.534233964
68.1921839872
37.5288099929
3.35041699938
64.7913149879
469.569794912
34.2542099936
32.314707994
162.492313969
128.577412976
839.458114843
1.0677669998
106.12877598
151.921739972
125.404360976
1.93760299964
92.7953529827
1.67953099969
202.223769962
14.3774649973
20.6317989962
644.835852879
27.3429409949
2.08076099961
116.386893978
0.597347999889
90.5682449831
8.95248399831
656.935407877
315.917165941
99.8560659813
134.257982975
1.11128099979
12.5253069976
282.374103947
188.950622965
0.0
0.0
294.497357945
481.86596291
22.6992359958
82.4391939846
22.9404999957
149.357201972
191.141964964
162.87220497
7.77842499854
22.9982889957
34.4374209936
4.41140199917
744.774274861
48.9342269909
33.0990219938
66.1454899876
4.70515199912
178.887602967
1.67315899969
36.5371999932
159.98155397
4.47430999918
1.34760999975
446.958567916
106.25265398
2.61526799951
425.10672192
21.1326009961
50.4753219906
199.954387963
0.0
4.43153599917
1.69351599968
4.88011799909
32.8032019938
564.491251894
2976.11958144
2.52748399953
85.5590339841
182.734102966
62.4651959883
4.25013499922
385.919350928
501.412484906
12.4536649977
1.89042199965
89.7599329832
92.2917739827
39.6285709926
40.9062929924
2.19224999959
55.7129509896
0.0
4.71818999912
32.302343994
53.81793899
179.509687966
176.745507967
154.296134971
0.313594999942
18.6197999965
0.0
129.388151976
205.745095961
100.299145981
722.084000865
8.99599699832
125.066045977
320.02223994
526.933605901
164.148539969
607.572346886
985.932813816
159.84774397
584.88799389
0.0
378.183310929
29.8088189944
273.462113949
28.3195539947
628.003522883
5.05384299904
0.0
1562.06122371
2.18121799959
0.0
29.1199709946
44.1697199917
11.2891519979
1.52284999971
262.247604951
2.1382659996
0.900536999832
55.1082489897
0.116709999978
4.60177599914
183.064155966
78.7037739854
90.5543299832
78.8878139852
11.7374159978
17.0344369968
53.32991299
499.075414906
27.6506089948
1.41376299974
4.2701399992
115.900687978
1.97532799963
0.0
80.9028209847
59.1907819889
24.3017239955
83.8108639844
4.64700499914
0.0
636.063232881
909.04595683
15.2623039971
3.23763599938
3.36670399937
0.0
243.768566954
0.0
0.0
2.27049399958
184.439161965
10.0325419981
87.7631559836
240.810102955
8.79742099835
0.0
273.283597949
77.9887779854
557.756656896
78.0480449854
0.0
246.446268954
98.1747239816
145.175524973
67.5241799874
692.85949387
10.903567998
5.76242099891
11.5936839978
17.4847409967
6.76093699875
8.16765999847
393.880987926
47.2168579912
0.0
20.3380699962
33.4333699937
1482.18171172
155.264729971
282.799356947
241.016653955
477.905897911
13.4667769975
299.461269944
363.204151932
318.012751941
8.77679899835
12.9925909976
2.60924799951
2.86386099947
450.936103916
815.780516847
18.1492399966
37.538073993
1.68966599969
0.0
19.3864849964
38.1900919929
24.4948419954
3.44803899935
34.6229979936
4.46746899917
948.458221823
4.15780799921
84.8091139841
3.42014999936
372.64851093
12.6093619976
34.8085309935
1.83882399966
563.033467895
69.839346987
374.94359493
523.305689902
124.884853977
103.433032981
69.766709987
12.3318339977
2.40273899955
402.132324925
17.3021669968
22.7845789957
180.510361966
0.623194999882
0.324455999939
7.74241399856
0.0
210.203284961
214.27914696
152.563545972
58.9365399891
37.644497993
356.632406933
189.352943964
48.821771991
8.28582399844
499.739314907
9.7040699982
34.1654599936
807.281048849
881.177652836
761.078772858
2705.8907995
605.670143887
93.8363669825
3.26849599939
26.637945995
37.5903139929
510.854333904
125.751224977
856.04491984
366.629396931
68.5581679872
294.789827945
23.8330669956
3.7775099993
1652.27755469
1.54448399971
32.312190994
515.817313904
610.633676886
0.0
664.141589876
393.842104926
233.797390956
0.0
839.579179843
21.541381996
43.3053509918
3.04253699945
8.57983799839
138.955126974
0.384253999929
4.72136099912
32.4991569939
131.897963975
0.0
0.0
0.512998999905
686.468740871
61.8403439884
0.0
57.7161319893
7.73125599855
7.32485799864
0.0
124.276956977
821.714414847
28.3853989947
32.290514994
30.2029619944
43.2202879919
4.11795899923
0.0
33.2388569937
3.41464499935
3.89870199926
0.179126999966
38.9186099926
262.378120951
8.22728499847
59.8307319888
18.7100879965
9.71342399817
1063.7496068
986.821661816
88.0186599835
9.50851899822
32.266234994
35.1048669934
0.330768999939
293.697692945
2.97583599944
20.5325589962
7.71854899856
388.658642927
349.365966935
434.434228919
610.568132886
0.0
131.294626976
65.6452109878
68.4819099872
797.862806851
8.17822199848
189.619032965
44.3300809917
349.422687934
1217.27769677
5.94491299889
509.395293905
162.55949097
64.4779429878
80.5202049849
0.0
164.389340969
485.957530909
0.0
80.9048939849
4.48088799916
7.30022699864
357.584027933
116.179207978
8.54964999841
83.6181329845
23.0694399957
191.518188964
401.402495925
0.0
144.054583973
2.47627699954
3.79434099928
104.208293981
35.7606919933
277.950417948
4.96574599907
7.77861899853
102.851425981
14.6644149973
637.646974881
21.0354919961
9.93203499816
0.0
29.2366069945
0.0
1.55804999971
7.30989799863
90.2573169832
0.0
78.7373399852
291.112897946
257.047192952
47.1307349911
1.15699799978
58.2262369892
0.0
59.6740819888
8.92014299833
0.0
0.0
37.0266019931
0.0
2.71066799949
315.999751941
2.29022499957
486.202435909
795.274513851
44.9907169916
6.15650099884
196.807334963
0.0
398.499246926
780.116329854
24.3381619954
0.0
0.0903379999832
0.91020899983
87.7457269836
180.584056966
6.49905599878
98.8600729814
84.7351859841
1.74931299967
0.0
55.9612729894
575.801536892
13.1786229975
51.1044029903
21.9172439959
9.48219399824
2.78999099948
333.134400938
0.0
423.435370921
34.2858029936
41.9525719921
68.683102987
20.7793599961
989.457876815
5.69123599894
0.0
24.8933009954
2.39176399955
4.39111199918
876.652662836
20.7157829961
20.2954459962
337.098222937
37.2440949931
208.937547961
167.905141968
81.5105699848
609.730887886
498.234280907
0.0
8.58238699838
316.388621941
253.903645952
2.19024299959
2.17184599959
126.357885976
304.013830943
39.6904709925
13.3885349975
201.610407962
849.771690841
778.534428854
4.7896509991
26.3658979951
301.609750944
430.21824092
164.545468969
281.795177947
28.5532599946
35.2222079936
415.505236922
3542.62068434
126.374999977
27.4540189949
199.100185963
2.99892999944
30.3638889943
2.34211799956
198.843799963
447.619142916
467.762846913
1.03188099981
1.57621099971
14.0203659973
42.4805629921
1.01780399981
5.01113299905
4.95879799907
25.5015469952
6.65562399876
88.1989769836
394.823685926
284.259174947
11.0112649979
32.2108589938
327.539198939
58.0887639891
0.0
2.47550099954
2.96871399944
0.0
3.07922199943
113.217844979
77.3477639855
162.72312697
629.659073882
112.287553979
3.92741499926
259.250446951
0.0
14.5124099973
114.334452979
267.86742495
18.3548419966
3.20366799941
640.36030388
20.0374539963
1.22420399977
16.3423939969
645.566761879
0.0
4.34173999919
0.0
6.9179059987
61.1042439886
0.0
8.80282299836
112.426597979
29.1762729945
139.885903974
16.4300549969
999.233782813
1.94006799964
0.0
9.19868799827
271.973723949
0.949253999821
80.220734985
95.3269939822
0.0
31.1178999942
12.8261079976
382.412773928
2.42550399955
0.130569999976
133.789655975
47.1546379912
47.0277129912
1624.7058897
0.0
92.4264529827
38.5271399929
5.39308399899
136.122522975
185.481618965
8.07011899848
4.24312499921
437.199831918
333.640916937
389.448920927
117.949259978
111.661024979
0.0
7.48934299859
3.64329499931
4.85347899909
0.989360999815
310.627663942
324.664429939
12.3039229977
7.17418899867
348.587851935
65.9437359875
6.8681369987
5.95656399888
40.6645559924
5.40095499899
394.749105926
28.7000809946
0.460039999915
90.6051419831
1.49264099972
4.7547869991
27.1751489949
6.91398999871
20.1835509962
12.5619639977
12.1597309977
7.37689099862
5.41551199899
0.0
289.124804946
5.293781999
4.07481199924
99.5195179814
286.543967946
95.5047079821
2.39254099955
144.415672973
1089.5134298
130.457842976
251.885095953
4.88493899909
24.5277759954
1.09652899979
10.806239998
71.7059769867
1.74316799967
10.9667509979
3.02183299943
0.525242999902
0.381626999929
1.13315399979
864.570802838
20.7401509961
258.288135951
2.53125099953
0.0
0.0
29.6287679945
173.000365968
325.687688939
582.185833891
1.0528169998
0.0
12.2166889977
18.3290909966
216.80795696
92.3179829828
107.57822198
0.0
2.37407499955
5.28711899902
16.4104859969
6.63817399877
717.903441866
689.591309871
10.747635998
0.188821999965
26.3658979951
4.2169099992
50.5389479905
70.3064639868
6.03437099887
2.1330859996
4.93885499908
159.80455797
5.36828899901
9.50367299822
0.0
34.0398039936
120.414659977
0.0
831.273323844
14.1577079974
547.667144898
4.7772839991
64.6805939879
9.57941699821
4.10424999922
14.3084709973
165.474107969
13.7049549974
28.7206479946
1.6169979997
98.8135489814
44.7022439918
21.135582996
74.7742629859
74.933242986
1.24757199977
27.3941119949
0.0
535.3969629
12.3186769977
5.37700099899
11.4210509979
13.7314119974
62.4761739884
76.4502259857
287.174350947
853.43671684
28.1908369947
533.2479679
743.588774861
425.025442921
22.1374509959
5.59896899894
30.7332369943
5.18246599902
2.56511199952
90.5028779831
0.0
33.9463349935
4.21270799923
44.9988969916
133.426687975
135.331216975
291.846132946
319.20551294
0.229001999957
37.127103993
35.2444429934
19.6576559963
0.0
165.028886969
574.117688893
479.19679191
181.019205966
480.90363791
0.500312999906
879.311626836
725.456764864
79.9916169849
4.34556799919
3.93094799926
105.09999998
19.3828869964
170.339874968
63.0033669882
1.75255999967
30.4565059942
0.0
596.951646888
7.67542799858
48.5759799909
0.0
91.4979149827
23.6953079956
0.206304999962
56.1756919895
82.6697599845
3.26898699939
65.5098909877
0.0
472.472011912
115.035512979
4.91675999909
28.4424029947
97.1546439817
0.224173999958
448.014624916
220.203653959
59.1351149889
265.29853095
8.89683099834
94.9534589822
275.936745948
6.97013099871
7.58672599858
26.4058789951
159.41759297
0.0
2.98926199944
0.0
36.0924519932
4.8038739991
0.0
1.89236599965
2136.9904036
313.968000941
26.0719059951
4.35193999919
398.299409926
351.679151934
0.0
45.8784019914
691.69829787
0.0
171.940407968
5.95523699888
215.48736796
240.995264955
3.63796799933
1.67213699969
22.8749969957
28.0878459948
12.4891529977
68.2440409872
0.0
4.99860199906
3.54210299933
0.0
124.093535977
15.991695997
0.0
1.19395699978
13.0367739975
1.86552099965
933.266984826
69.7747149869
75.2100369859
332.939968938
297.205735944
5.01673899907
1.15085699978
31.2798629942
40.1186949925
43.0880779919
15.0668619972
644.185176879
0.0
0.0
7.22990799865
0.0
4.17335099922
1.17291999978
642.04050188
17.6895219967
0.749232999861
219.827795959
11.8654199978
30.6776759941
0.0
6.21870599883
2.19224999959
36.0949899932
80.5319339851
2.51694399953
170.865176968
76.0893919857
5.74944699892
9.09520999831
6.00970899888
58.4811379892
4.03147199925
5.8832489989
566.672121894
233.448542956
137.775217974
124.593501977
42.2172899921
0.0
32.6459369939
220.562327959
288.612909946
5.12429499904
0.0
7.32458099863
2.93127599945
141.880043973
30.9731559943
12.5345219977
55.8656709895
0.0
142.597774973
64.229467988
9.31195699826
2.01366599962
0.340821999935
602.512564887
28.9676359946
562.529593895
28.4802449947
14.9863709972
4.36743999918
317.93214894
86.496211984
0.394628999926
26.1802459951
230.834494957
0.615903999884
5.93267899889
26.2983759951
243.697249954
338.898511937
5.78021299892
15.4403059971
649.913865878
2.37121999956
0.577587999893
25.9763009951
249.136783953
0.0
0.647856999879
11.4881879978
6.13150599887
68.7148629871
341.845381936
284.274058947
323.203583939
133.026090975
0.0
782.272958854
0.702404999869
97.5695769817
3.05026199943
6.61811299877
108.68055598
0.0
1354.39345475
8.85753299836
355.568376933
170.972448968
225.636531958
14.0594309974
0.0
576.717566892
89.7187949832
682.265660873
126.597154976
109.25595598
409.656336923
24.9366829953
99.7245049814
92.1959809827
250.999759953
468.356656912
9.50939199823
0.0
31.1262809942
6.76708599874
0.0
1.5959029997
156.544648971
487.867139909
0.389982999928
32.9517749939
8.70110899837
2.31733499957
9.90975999813
18.7173409965
15.0013709972
230.574926957
9.33847999825
979.370329817
21.356927996
8.5195369984
63.4398079883
5.59149899896
6.10083699886
1.28598299976
2.26103599958
127.775243976
17.5135989967
1486.53747272
101.421429981
797.450153851
1.83186499966
352.652604934
22.9219109957
383.543911928
71.6869059866
0.866603999839
71.6744919867
589.09240589
188.816950964
314.629994941
4.88493899909
553.015132896
52.5131439901
0.364530999931
76.4875239858
2.6416749995
480.96285091
0.711414999867
159.92859897
61.6456259885
40.8388939924
0.0
1.79113099967
182.417885966
0.0
2.49773899953
3.00200999944
726.980985864
166.248791969
83.8457609843
88.7427559835
166.519839969
493.592071907
140.852828974
409.388598923
2133.3765776
91.5181289829
0.724491999864
286.384594947
0.977462999816
459.555498914
58.519152989
1294.63216376
241.822201955
6.88002599872
25.8558639952
232.588147956
35.0780529935
176.615793967
10.2064399981
39.8370349926
20.6504279961
0.352972999934
10.640675998
41.3839689922
0.0587959999891
9.1541529983
2.6902529995
26.565123995
33.9207439937
765.762846857
167.026602969
271.641662949
92.2661339828
2.39585899955
6.73844499874
4.8008309991
0.0
0.195800999963
153.772818971
94.0734199824
4.15171099923
0.0
0.0
12.8520209976
31.7024239941
34.2317989936
63.9014599881
16.197655997
4.27667099921
125.872881976
1.50100499972
400.854047925
601.689321887
682.906221872
580.851457892
504.478171906
836.658710844
386.966400928
780.768208854
957.029053821
3661.77749332
1.29640399976
37.0290579931
360.403837933
18.4653789966
168.256540969
0.475854999911
64.9054319877
51.2569269904
16.186562997
2.1486979996
194.992163964
880.248858835
2570.91363852
15.1498579972
268.49645195
0.0
186.831291965
44.1719589917
0.476762999911
0.0
29.0188829946
315.846416941
19.4983739963
14.5920349973
356.871828933
47.4649199911
466.903294913
373.70086493
28.6135069946
52.8669459901
0.0
40.0134149925
120.451037978
13.2995649975
22.5538269958
54.3104419898
28.0878459948
319.64232494
569.972573893
283.025810947
5.15894799903
874.449437837
75.6795669858
10.9978639979
11.1099609979
0.0
166.986461969
105.84985498
14.7242479972
74.6750489862
300.177162944
13.2976409975
4.22678599921
8.75243599837
0.0765969999857
2.57586399952
512.723062904
40.8823189925
0.542978999898
495.247746908
1.0899629998
198.170855963
638.057919881
129.716217976
155.642117971
198.336429963
161.62694797
203.973684962
845.621631842
225.179873958
3.97742099927
40.4963959924
129.800047976
439.289863918
5.82140299891
2.82890499947
29.7867009944
3.17414599941
497.729095907
390.988399927
21.491090996
70.7044929867
450.589576916
6.28553299881
35.7525689933
1.5842109997
5.60874099895
3.05701299943
1.53328999971
183.953124966
144.329555973
6.22107999883
343.329006936
13.6973959974
110.625360979
11.1627109979
720.003999865
178.250718967
1.21971199977
664.569134876
4.27210499921
1.35959499975
3.74859099929
175.648151967
363.950682932
0.0
277.000644948
66.6436349875
582.857223891
21.7910019959
190.076286964
0.0
160.65831797
20.8121619961
35.1339159934
651.768845878
521.569622902
66.1114609875
32.4846959939
15.5168889971
148.766258972
2.97583599944
567.915616894
0.270081999949
115.527201978
474.940995911
2.83825099947
14.2232069973
721.985252864
79.7971069851
8.5584089984
36.9884549931
661.361512876
296.817116945
0.0
327.184049939
35.5746219933
501.501078906
393.107958927
346.252200935
23.2013299957
533.0032299
0.0
45.2305379915
98.6825469816
12.6685239976
145.854549973
8.44228499842
49.2818159908
369.590054931
255.354317952
16.081366997
247.201360954
1.15874499978
75.1216779862
108.04056798
316.039538941
126.505224976
0.0
476.824768911
9.93615999815
681.687165872
3.45460599936
33.8952179937
112.495503979
82.7655099846
1.57987399971
4.08448999924
1560.24366771
674.809262874
81.0994399848
0.0
160.35818997
165.103104969
0.0
0.0
30.5446969942
27.5960389948
38.0759679929
0.0
0.0
3.69532799932
63.6910389881
262.380259951
2.22112599958
711.133080867
394.096284926
146.438339973
447.892395916
297.709945944
73.6047099861
5.45481699897
14.7897719973
4.92629699909
0.0
1.14986199978
5.01959199905
36.877747993
0.0
2.90805799946
28.6763529946
62.5793659883
169.703339968
7.4064039986
101.267026981
130.152138976
3.15880499941
59.4005959889
35.3292899934
4.96574599907
7.95989799851
239.207249955
2.34884199956
310.578246942
20.4364579962
51.2202499903
3.16963299941
126.338640976
4.26759599921
3.48942199935
519.706249903
4.03684299926
28.4188959947
5.07292499904
4.51405599915
1.54256999971
1.94711499964
111.854514979
11.4445039978
612.025798885
0.0
29.7022549945
502.381259906
908.58864183
52.0057199903
10.9594619979
19.5368539964
0.743316999861
20.6987909961
0.90817399983
0.0
72.5247699864
9.49661999822
69.2482519869
28.2413989947
102.859903981
50.4994779906
34.7391799934
87.8128639837
16.8790349968
13.3630039975
131.679239976
16.120206997
71.2171699867
152.945135971
12.6990459976
27.6147569948
4.06602599925
8.70553999836
7.33079199863
15.1006739972
47.4499909911
110.016831979
0.380742999928
46.7029659913
24.2371829955
24.8176689954
520.084962903
8.0054529985
44.2118269917
322.39405894
193.599729964
48.075962991
4.93670199907
14.2536239973
7.5134779986
7.11836799866
1.26562799976
129.740158976
12.1798349977
66.2650489876
0.0
972.146248818
32.132660994
240.606087955
0.977697999819
74.6381799859
195.661381964
319.96873994
0.0
4.99444299907
32.3977489939
6.9175069987
5.50785499898
8.67947999837
47.5819359911
16.4409169969
21.175870996
5.38059499899
6.50171199879
8.50026999844
29.7433759945
46.9518259912
95.8625689821
2.76904399948
1.17079399978
42.935786992
3.89935899927
2.34413199956
65.2678959878
16.6026559969
90.4828979831
7.26853199864
578.118603892
240.733777955
73.9053879862
462.005282913
2.1501109996
453.349473916
28.3864309947
0.623865999883
58.7512099891
290.418579946
74.3069859861
107.08251898
34.1510169936
222.462653958
0.0
48.6116949911
3.34870999937
1433.76567173
2.60342899952
738.328939862
406.543685924
47.4411219911
42.5359369921
411.575646923
9.41684599825
163.294972969
370.058178931
5.14828099905
20.6413189961
2.50698099953
0.793393999852
267.30609195
69.356123987
1.18720399978
0.0
1009.37727781
188.333650965
70.8241399868
0.343760999935
8.18732299847
110.616408979
32.4740529939
511.030982904
129.983682976
13.9590859974
13.9270919974
19.1580249964
9.80246099815
194.471798964
19.5934869963
18.6881259965
128.856293976
442.732019917
292.100173946
0.0
111.188658979
0.0
4.56796099914
0.955585999822
0.0
37.9371529929
173.784393967
68.1364119874
1.11084799979
57.7177629892
1.63758299969
0.58282399989
5.28500599902
221.692437958
37.323784993
111.020617979
48.073381991
248.841559953
67.9551869872
0.975526999818
36.0574179933
40.7152889924
70.7405679868
0.0738309999863
562.778156895
356.688607933
17.2139509968
9.09275399829
197.684609963
55.1060809898
83.4266029843
15.838810997
5.18561699904
1.84316999965
927.619108826
5.84713199891
17.8050049967
386.717940928
48.5183169909
1.98911499963
14.2166629973
41.8565849921
0.0
122.037512977
295.383220945
5.20692799904
33.5123779937
0.632904999881
79.6506639852
191.282869964
105.37232798
56.5356679895
25.0582279953
2.72013899949
592.577013889
60.3113549888
909.10360883
79.0875399854
1.5886989997
0.714241999866
46.0209459914
146.157618973
7.73942799857
0.0
7.72106999857
7.03131799868
143.689968973
0.550645999897
107.42050998
45.1086059917
9.56913499821
2.07190499961
561.151864895
3.74835199931
825.835386845
495.273165908
1294.58105476
8.92771899833
0.330891999939
117.452480978
22.1380329958
45.5944689915
148.674238972
549.410009897
0.624118999884
413.356348923
5.66095799894
18.6055839965
99.0328099815
102.229099981
8.28595599845
198.669246963
893.944429833
19.4210279964
35.5069319934
19.1442039964
5.402686999
179.821816966
9.02401299833
580.198535892
29.6154789945
60.9871279885
36.6676749931
7.72151899856
32.2341859941
2.52836399953
397.017222926
2.96009899945
0.802699999851
0.649295999877
284.255676947
115.803254978
0.0
2.6692299995
3.97394299924
87.7759909836
85.0150479841
43.3740359919
3.47699299934
0.152511999971
34.0902419935
15.7238169971
80.6435079849
42.909310992
13.5024219975
11.5269809979
0.0
0.0
4.71763599913
75.4974949859
5.14828099905
449.595978916
54.5187949899
7.12770499868
6.00716099887
4.7714389991
7.02724399868
0.572689999892
253.523941953
1.44847899973
147.546905973
31.2905839941
27.8308359948
512.957218904
7.22889699864
99.1205299815
5.349765999
0.0
455.148412915
83.5457749843
479.98750691
0.100008999981
63.4916119883
2.34413199956
149.337495972
668.602536875
11.4391029979
17.7439039967
57.9906799892
19.8423769963
6.30070099882
62.6841879884
168.159979969
5.99069299889
332.216723938
5.27526899901
2.03139399962
10.4241699981
30.6797839941
1.15470799978
36.738086993
4.29939799919
4.82563099909
1.30883899976
4.43883799917
0.0
0.752804999859
7.55651399859
301.547614943
115.038627978
32.148780994
249.754176953
885.352316834
150.745627972
166.272624969
31.2178269942
3.02993299943
6.00782299888
467.320523913
224.870881958
84.0031449843
245.366588954
550.245570897
0.0
0.0
485.911465909
446.367395917
49.6203509907
15.2778039971
27.2453809949
0.706977999869
16.5494199969
27.3249549949
3.95496499927
11.5831339978
28.3084349947
275.778909948
291.716317946
299.534175944
139.223404974
7.31410599864
490.021334908
7.11603799868
0.0
0.0
0.0
82.6357969845
0.169822999968
496.283359907
760.296695858
2440.81387354
57.3176619893
661.914710876
110.107143979
29.3417839945
74.7848429857
311.566509942
147.521874973
70.438134987
44.1088809917
15.2781689971
6.61437299876
31.769097994
0.0
9.79970299818
0.634958999881
1734.46057668
11.6585789978
17.1190479968
0.0
278.863988948
13.2555039975
7.00934999869
33.5600639937
261.105578951
7.54755899859
397.577021925
287.842237946
472.114609911
0.121054999977
4.89283299909
35.0669989934
0.350733999934
0.0
7.66383199857
1297.99205376
13.5474189975
160.57321997
0.0
10.3441429981
346.988491935
99.3969339814
4.18325199922
12.3441119977
169.376926968
3.66235799933
216.25460196
7.13106499867
284.828356947
0.0
1.45022499973
177.620749967
9.77883399816
323.64073994
3.07958899941
1337.76679075
177.430601967
499.151766907
4.21012899921
0.0
0.490369999909
13.6338729974
79.3908889851
85.0105719841
2.06447899961
11.4502939979
12.3560099977
5.45280499899
168.397756968
163.979336969
58.3527729893
239.451015955
1.76328999967
73.3195949864
1607.3545277
0.0
76.0636439859
0.0
40.2190419925
31.1060099942
4.50253299916
482.38191491
95.5710299822
46.4475759914
140.400573974
9.09018299831
480.07329291
12.5813789976
39.8037499926
13.0310859976
8.5980839984
2710.59451249
0.0
4.50467099916
5.67600699893
2.34847599956
3.86533299928
214.91679696
14.0733209974
0.0
64.592778988
0.0
3.54436599932
0.0
0.0
0.0
123.822926977
0.0
87.3313519837
6.91982999872
2.24241499958
48.6435839909
0.0
0.502134999905
2.47550099954
269.93849195
3.54476899933
105.83795198
10.856936998
58.650512989
1.5800739997
0.920009999827
718.923328865
198.977955963
288.903216946
5.04340999906
94.1999589823
1338.62960475
57.1401059893
187.263920965
97.0171269818
256.322886952
53.71721399
290.378774946
5.56387499897
3.46760699936
329.905606938
5.24396899901
0.402919999926
13.2430569975
91.1293279831
185.186568965
0.0
10.0775669981
5.19144499902
0.0
501.154159906
123.618852977
58.706960989
0.547064999898
21.6792869959
17.7920899967
9.28699099825
77.2051889855
1058.8692428
83.3873279844
43.8476469918
19.6532739963
53.9543699899
96.191455982
3.10546399943
1.34480499975
7.9744349985
133.650465975
2.51694399953
8.50026999844
40.8218889924
0.0
20.0315129963
501.069738907
101.193849981
70.1189979869
429.35807492
52.4199379902
713.687114867
54.7418159897
66.1722679876
142.200836973
173.356232968
5.82772299891
3.89674199927
121.711571977
0.0
153.286190971
23.5472789956
5.14697299902
0.0
213.71511496
32.7667739939
5.09889299905
59.0607329889
9.63186999821
862.945812838
105.79931398
10.589340998
2.19303499959
323.726387939
495.559951907
88.1911629835
8.62483499837
35.3214729933
117.973233978
390.787987927
329.305876938
6.38166799882
7.54617699858
90.3418689832
4.42949399917
0.0
669.817846875
585.99575089
380.884390929
249.513271953
154.812976971
0.0
23.2882369956
1.39966699974
13.9047889974
7.5114749986
188.368168965
90.3028699831
0.0
13.8293459974
13.3718749975
352.603901934
42.629020992
124.812427977
28.5785719947
3.95361099925
40.4773079924
0.0
255.263727952
59.7180709889
49.9158179907
39.5837819927
991.523936815
227.042113958
16.119753997
47.5716009911
356.583901933
440.122815918
2.17493199959
2.45088099954
55.6549649896
3.40393599935
120.614374977
28.4458469947
15.5421419971
2.51618099953
658.785016877
0.0
1.38896599974
0.116709999978
178.899123966
4.30393299919
13.5469269975
32.5365209939
22.2850609958
346.305698935
3.17414599941
72.8563709864
6.57997199877
25.8119299952
26.1588169951
39.0362559927
21.7244309959
0.330768999939
3.82945799927
407.398551924
30.8967439942
325.210054939
2225.56881158
492.112048908
9.90017299816
285.082632947
4.44108099917
379.415464929
8.71592299836
2.1486739996
275.710924949
231.734129957
171.713524968
4.95683599908
69.567996987
520.250682903
507.894191905
564.673575894
504.005824906
149.600437972
478.088471911
135.995821975
272.918168949
267.67206495
0.0
4.2037839992
1.01324099981
1.5858859997
288.393279946
5.23852699902
94.8433239823
128.828549976
1024.28617281
10.0347009981
85.6455359839
0.0
134.619895975
68.4336529871
234.852647956
5.03272799906
0.0
6.41170799879
144.090137973
448.060669916
0.0
63.642172988
124.322078977
0.464566999913
110.911020979
11.0905329979
12.1872509977
4.59344999915
5.63530699895
57.8583399891
5.42030999899
38.2957379928
3.2162299994
14.2755889973
11.3130239979
2.31239399957
1447.68412073
941.431881824
23.8545269955
3.58196299933
20.5752919961
156.571893971
137.719106974
133.135624975
81.0920229847
86.445064984
0.0
70.2995769869
614.413064885
0.0
0.933855999827
250.255274953
23.2868609956
45.6247679915
126.262993977
70.1612039869
105.03548998
37.3958539929
243.369927954
37.3537569929
0.888901999835
129.925760976
2.96930699944
0.48367999991
0.188661999965
42.454575992
0.0
468.963427912
12.2775529977
0.42410099992
34.2521949936
39.6343079926
277.599673948
0.864498999838
544.041177898
5.03768099907
90.962573983
497.552118907
51.8636299903
33.5285389937
70.5163269868
0.550740999898
12.0625489977
393.689293926
19.7513739963
43.8458639918
3.01090599944
62.8598649884
248.606931954
56.9719109894
13.3813149975
132.408029975
264.547671951
7.19742699864
39.0257989927
3.86972299927
20.9546269961
2.1531579996
16.2501179969
0.0
117.741573978
0.0
2.98563199944
1.63988299969
1.5931289997
110.032730979
28.3741099947
2.75658899948
121.470783977
114.359605978
2.19271299959
0.0
126.315266977
21.0695429961
0.91239699983
71.5485479866
240.953571955
194.633898964
73.4760239863
70.5109799867
5.27852799902
247.637780954
222.065231958
76.2665499857
0.0
170.826940968
0.0478619999909
20.8534049961
28.2716859947
335.737312937
193.897497964
22.9756179957
96.908159982
0.615903999884
11.5484889978
272.576037949
35.8039849934
19.2848309964
203.061452962
159.28906597
96.7990239819
7.47919299859
78.6916709853
35.6845279933
529.793493901
46.1074499914
28.8722079946
83.9622519844
0.0
56.0318989895
87.0494459839
225.336853958
363.842923932
98.6307639816
12.3981529977
0.0
29.4806629945
441.771947917
418.702791922
14.0067649974
29.6440149945
246.131592954
1289.93145276
21.1462609961
17.9613629966
12.4143799977
248.557291953
34.8641239936
0.528050999902
74.6525369861
6.78047699875
4.8313939991
28.0878459948
216.78412096
109.97046398
0.606640999886
244.998226954
3.54448799932
0.0
58.5226619889
59.5427759888
534.9673119
520.769942903
26.2145429951
0.0
0.0
633.730301882
2.53584699952
2.90975399946
4.77042099911
1.11255699979
61.8845989885
512.553457904
544.596714898
627.423286883
55.5151639896
0.0
4.47285499916
124.169781977
725.584881864
3.78338999929
668.122382875
1.42425199973
114.851045978
175.939486967
0.0
29.0902859946
6.54489299876
74.969599986
0.0
23.1339469957
101.877732981
67.4530339873
0.0
4.53807199914
106.19801898
105.84250198
35.0842659935
54.3619699898
5.8557569989
4.8550709991
581.360427891
0.0
2.45971499954
10.900483998
510.940052905
3.63664099933
194.042378964
0.0
108.38913798
0.321437999941
20.4770029962
657.827790877
2.34870299956
77.6593449855
100.876225981
51.9096369903
9.0555139983
55.4918569895
1.6081069997
0.765911999856
127.484094976
13.7929859974
3.29660299938
63.2579499882
1035.22962681
3.46183399936
35.3380289934
0.477248999911
4.54908099915
7.89310999854
112.955023979
123.158905977
360.737225932
6.04159199888
30.3638889943
589.739478889
158.58045997
3.76570899929
0.208867999961
0.0
95.7699119822
0.0
3.05980499943
3.17651899941
16.050582997
31.387666994
32.435000994
434.432292919
41.9152279922
1.04710299981
34.9571839934
836.511354844
0.26487299995
319.26074094
4.63227699914
2.89203899946
200.364409962
26.0602309951
132.350148975
247.490679954
4.94668299909
4.69142099912
67.5226959874
146.548813973
760.093057858
90.0045399832
100.976611981
339.989458936
4.16255399923
3.23387699938
14.7097719973
553.037895897
168.978365968
0.91131299983
442.585557917
0.0
3.69644999931
41.6588669922
0.135303999975
1063.4085818
284.179792947
4.42030899918
268.26749495
411.140551923
438.883865918
134.388846975
102.414367981
124.849569977
769.189760856
0.0
241.834465955
37.197175993
597.111227888
139.728641974
73.4993019862
117.639995978
130.924108975
2.88895299946
31.926504994
87.0759659836
27.6180959948
145.437990973
5.93450499889
41.8611299921
74.0299509862
0.178397999967
0.0
358.350445933
148.705536972
2.02035299962
282.395216947
30.8989449942
87.1719229836
9.07069399829
0.217666999959
154.549518971
0.536885999899
121.216909977
8.87564799833
187.115987965
33.9711489937
0.0
6.17477699884
2.6637049995
83.2030849844
5.43179699898
0.0
4.57608999914
22.0723369958
137.330888974
2.82107999947
151.531764972
33.2848009938
7.9909599985
26.581448995
279.247609948
159.24032797
2.81532599947
37.735534993
378.397751929
14.1221609974
309.384714942
384.298926928
74.801451986
1.28963799976
407.009447924
420.717598921
19.8019809963
168.551038968
1.40374299974
578.642257892
34.6631069935
502.527479906
588.53357589
363.748073932
11.4884969979
7.9909599985
27.3932679949
40.7105079925
196.429551963
110.383012979
2.86194499947
1.0808079998
0.100574999981
58.3143089891
9.25252699827
135.585353975
719.874726865
377.487612929
170.280395968
339.003931937
199.973914963
1.55113899971
44.7490659916
74.958159986
412.619421923
152.332013972
172.370029968
1004.84565981
2.6778279995
77.2756499856
10.0821259981
128.090228976
70.1160709868
8.97251999833
200.281205963
618.473710884
1.54803999971
243.817421955
54.4106639898
8.5887879984
259.919600951
0.0
336.648903937
55.7138619896
142.782988973
1043.52445781
0.0
0.289504999946
1.24404199977
3.49178699936
6.88262499871
76.9034459856
395.129582926
82.6875169845
28.4458469947
1.28996899976
0.0
0.0
2014.91312562
0.465012999912
386.981759927
881.921426835
9.95708099813
21.9720809959
9.6022379982
143.853447973
1.90419499964
17.8774879966
18.0389089966
42.9334169919
0.0
653.767190878
115.063596978
336.296786937
3.67699899931
27.9888869948
40.1864999924
517.282946904
3.7507069993
0.732347999864
4.65520999913
136.717106974
33.0554869938
13.2868529975
270.06482195
85.7122239839
11.8575999978
224.561874958
727.634844864
2156.0016926
1.22229299977
3886.87976427
343.207485936
6.25639299883
15.974300997
0.554633999896
1.41422999974
152.208955972
220.947013959
22.3540529958
0.0
53.8269319899
379.182785929
10.689340998
10.478869998
174.132796967
139.697244974
5.28818499901
211.068180961
3.33441799938
0.179126999966
27.027874995
5.11821099904
48.7622179909
140.935205974
6.58265599877
78.1745059854
69.483309987
55.6536799896
130.348322976
78.5958229851
70.4829199867
0.190033999964
192.374784964
28.8591709946
27.4267539949
541.263509899
7.34052799862
12.4890069977
30.0143999944
28.1102489947
57.3729409893
0.0
3.04768399944
4.53178099916
50.4990719905
0.0
225.525340958
0.0
1240.61497377
341.293169936
24.3406649954
0.0
0.0
41.3775059923
65.6329289878
49.2058679909
4.89248699908
4.1935049992
1.85539899965
1.46258799973
219.232113959
14.0057319974
6.93154399869
368.609254931
42.1447949921
320.55764294
206.734262961
41.4684239924
35.7196129933
33.7193929935
59.4357989888
370.029729931
0.0
2.1341539996
23.9825519955
49.6909109907
159.74884097
20.3175919962
3.36552199937
665.282288875
137.415772974
214.02001396
180.247084966
119.045735978
81.7158889847
107.83115898
38.8132589927
13.6344969975
3.08317099941
77.9047039855
6.20553799885
20.3553039962
140.391230974
158.25663997
0.0
354.963053934
2.61078599951
24.4432609954
442.831778917
2.43920999954
0.0
169.114182968
2.56571599952
11.5776029978
214.18719396
468.338466912
3.42192499935
513.790060904
237.321589956
489.520510909
1214.76498577
265.67208995
0.420442999922
39.2467319927
504.716511905
68.4995949873
0.760388999857
1331.85482675
1.6201719997
748.76736186
37.516421993
0.0
2.6611149995
0.908715999831
10.3148069981
5.01297799906
219.523632959
633.744078881
679.345878873
1.51734599972
4.79331999911
364.169225932
269.18614595
616.304325884
94.1114409824
181.086013966
109.585688979
0.0
158.30055797
8.35230099844
170.435851968
413.088242923
2.55542999952
5.55632999896
0.164407999969
323.70716394
6.38089299881
1.82709899966
0.0
0.0
6.54711199878
3.99294799924
5.14259999903
119.822725978
32.4404349939
0.0
0.668900999876
1.6177059997
355.735019934
76.4392369855
5.98410399889
0.423597999921
35.7876369933
336.050425937
1.41801899973
14.6637569973
18.6440079965
16.287040997
4.26735799921
4.61671899914
49.0971189908
65.2235099877
101.308132981
9.45397099823
129.209338976
0.0
2.49333599953
3.21221199939
50.7407379906
0.0
378.170273929
149.349289972
67.8904369874
328.216720939
986.536873816
2.47550099954
636.626886881
0.254207999952
176.119935967
467.710735913
333.702258938
73.8887119863
0.0
157.407136971
103.862046981
4.33873799918
156.626540971
74.1369839861
1.12089499979
2.45032599954
34.2124599936
0.751010999858
15.4234049971
165.579305969
1.18041599978
11.6461029978
38.0988199929
111.873205979
47.212799991
2.16811899959
156.333900971
166.015125969
31.3462539941
432.074741919
1701.42240868
11.5901389978
2.59911499951
29.5942369944
200.398381963
384.278987928
844.225186842
603.596296887
572.477854893
62.9138499883
2.6902529995
54.0715189899
469.384534912
132.773419975
136.187622974
720.066782865
0.0
0.733682999863
2.29736699957
7.07227499867
15.6077699971
1.0535529998
7.16838299866
21.525064996
560.664470895
119.260346978
41.4853489923
47.4571609911
306.900903943
535.6489419
3.33398299938
335.094309937
29.4728699945
73.5430679863
0.10793399998
1847.32032965
730.607717863
2.1209349996
537.406585899
685.462261872
0.0
0.360570999934
1.0413609998
15.6539929971
0.0
35.3391239934
172.752004968
0.729071999865
2.86087599946
1.51886299972
7.26655499864
554.574225896
2.81603299947
31.9509329941
105.34966698
14.6411679973
3.06363799943
10.773000998
66.7687109876
209.452022961
43.9189059918
2.56293899952
70.4650419868
1.10774099979
229.113180957
6.67251499875
57.1178139893
12.3246269977
9.17363099831
15.0283709972
0.659250999876
8.96995999833
14.3609149973
39.5678309926
12.4917129977
89.2182389833
2.40394399955
36.5570099932
6.57155799877
427.72841092
419.695913921
749.89606786
38.9886529927
559.871554895
234.160670956
102.359479981
122.077191977
159.66497497
0.59359099989
571.433275893
276.067691949
0.0
22.5332419958
1.0485289998
2.52828399953
6.4623539988
142.445540973
151.571335972
508.990125905
2.36310599956
85.7093779841
51.5248289903
42.6013539921
31.1608719942
421.866660921
1.64859699969
637.112003881
7.48994699859
2.47843799954
234.750987956
48.114233991
281.991497947
545.591381898
1658.14183469
2017.70614562
67.4410499874
0.710215999868
4.06445699925
499.512968907
122.752926977
0.0
90.5541729831
5.86746399889
297.262606944
1.77658999967
450.509554916
454.956555915
135.230788975
0.179126999966
0.734185999862
49.0446519908
8.44418999843
66.5924949876
8.36427299843
574.394485893
79.0543919852
4.43020999917
249.154956953
3.92087799927
5.9173099989
6.62336099875
143.895583973
5.05527999904
3.00902799944
418.377496922
77.9268889854
102.504875981
190.956243964
1.54869699971
608.348981886
44.6174629917
11.0359789979
1.98075899963
8.46470999841
247.350495954
467.924957912
6.46076399881
106.52690598
3.43121599936
3.57708999933
180.057176966
4.21618499921
56.4718409895
282.466375947
20.2400749962
208.237985961
547.321826898
10.568835998
2.1486979996
0.0
0.0
168.815315968
48.7150799909
15.0428259972
4.17863999922
36.7933479931
349.878741935
158.550885971
9.95591499813
7.07616299866
373.32607093
902.453072831
19.1066489964
4.65517799914
66.7502569875
883.541761835
12.6560649976
0.0
3.92175499925
8.85227899836
7.58871999858
2036.16072962
67.8278349874
5.10680499904
177.540977967
611.498619886
38.9394209927
50.1374069906
4.29364599921
15.3358269971
156.970150971
0.0
291.905768945
0.0
979.739118817
7.18566599864
29.6144199944
0.0
225.339163958
691.416932871
581.109032892
1.34480499975
1.66857699969
9.94478299815
4.09650399923
2.34988099956
17.5497809967
366.704391931
953.604744821
2.24077399958
1037.63215081
75.2011539861
46.1656949914
92.3144769827
461.522673914
502.308658906
0.0
59.2386069888
151.567345972
8.96320799833
3.48382899935
120.939839977
36.0672629933
0.655847999878
228.467408957
32.5813149939
101.552712981
94.0446519824
42.246860992
4.21270799923
57.2173729893
10.0722179981
6.3564769988
625.777906883
1082.8604698
14.0177759974
3.07064599944
67.5731619874
661.085018876
121.760447977
637.707144881
126.887224976
465.445199913
76.0548589858
162.41510697
129.312506976
598.888443888
256.583921952
4.2884139992
364.041600932
19.9676669963
109.95734298
54.2681859899
63.922103988
487.249200909
16.4870149969
64.062756988
104.21753998
442.753913917
179.665708966
209.332684961
89.3428379833
4.08504199924
0.0
236.539415956
172.252539968
5.37322699899
250.944494953
33.2405309937
3.47208399934
9.44541099824
91.3248909829
14.0709139974
497.115343907
46.8305289912
176.627680967
34.5310679936
22.0835259959
492.408164908
7.65465899857
76.0628459857
6.3520019988
412.079968923
3.16504999941
709.586373867
51.5019949904
110.574821979
8.95201099833
31.4675449941
47.8026999911
9.92775999814
34.4825059935
71.4037189866
4.02749099926
1.92177099964
75.0638719859
3.24173399939
84.7141179841
182.143101966
0.0
285.987068946
470.998575912
41.6492129922
454.306163915
19.0853019964
83.2289699844
46.0838019914
245.109024954
2.6987979995
337.957388937
322.81823794
0.552880999898
1.0711959998
107.47094798
8.0372879985
4.55932299915
50.7304019905
28.0878459948
160.10086397
83.8357469843
165.185192969
558.094498896
407.298384924
6.28077299882
420.336236921
2.04527999962
1.49807199972
225.436895958
8.5935089984
0.690216999871
5.68888299895
652.814645878
4.89378999907
2.08461699961
3.55479799934
3.1942179994
67.3651849874
0.10606599998
15.884998997
6.85036299872
240.171209955
1.29500299976
5.81707199891
10.8501409979
0.959515999821
5.64272899894
40.3691249924
2.88350299946
118.030332978
153.224421971
135.599026975
30.6892339943
14.3694769973
197.436034963
58.0460419892
505.954851905
28.7132319946
7.4925939986
38.9543609928
27.1830239949
640.17083788
17.2077899968
4.64385099913
0.0
0.100008999981
71.4923289866
15.6361879971
36.3292369932
196.615330963
154.546875971
18.4130229966
30.8603709942
49.0026129908
171.399931968
58.966099989
101.492900981
156.905367971
69.415339987
117.503895978
41.6026529922
69.2857829871
606.889146886
2.06325299961
0.0
175.389736967
0.0
190.707636964
159.29270197
150.433501972
48.036294991
851.85847084
451.494774915
22.4155049958
32.9921249938
514.491505903
0.937838999825
4.12483999923
254.992961952
0.0
56.3932029895
36.1442069932
0.195800999963
4.56356099915
47.6617349911
0.0
3.2665679994
0.0
90.7225289829
83.2860929844
565.363841894
33.2687689938
1.63799499969
907.528237831
1.10740999979
84.4090289842
2.61788299951
3.56851299933
2.31135899957
642.53893388
3.10039999944
95.7217659821
34.9589699935
492.205419908
586.631344891
82.3287469845
45.4113369916
79.0550589852
2.95392999945
223.449471958
187.427487965
278.802205948
4.88430199909
2.96657299945
13.7311709974
5.47966399899
0.0
158.61462597
98.2693709818
3.23763599938
5.54049099896
37.0902669931
9.39116199825
6.36902699879
686.329781872
37.0348849931
302.913351943
54.8025489898
281.169096947
258.940154952
38.6615539928
3.03548199943
7.0064049987
33.0252499938
1.42265699973
228.135367957
1.31957199975
7.70447299855
2558.27089552
17.0950019968
5.22996499902
51.0652369904
0.0
0.0886509999833
23.1028979957
0.587448999889
20.5217759962
119.498468978
109.72668598
146.282081972
95.5448479821
92.7335459826
5.44010299898
160.48477797
4.29336499921
641.41713188
247.582296954
3.17414599941
0.0
97.6107439817
75.353318986
108.35477798
74.890261986
91.5633799827
6.36990999881
38.9730659929
431.762565919
135.429026975
4.07589899924
677.526930873
700.374932869
844.241002842
1.51507899972
1.02090199981
3.33028799938
0.862041999839
64.3170889879
95.7636679819
0.111481999979
29.2149079945
1486.26853872
167.648806969
66.0180919877
219.691106959
0.188703999965
78.3546639855
50.5156409906
0.0
0.0
84.2094799841
140.925585974
46.9383999912
33.6095369937
188.097089965
162.14863297
101.994709981
15.6895319971
87.7098409836
12.7587629976
0.0
242.364181955
269.18547295
4.56899799915
22.8310539958
35.6635199933
1.0815439998
718.058558866
257.623885952
72.9074629864
15.6860079971
125.179885976
0.0
1.99945099963
49.0567889908
5.9547869989
241.948881955
7.46500699861
495.385598907
10.2049549981
0.0
207.145265961
69.5032209869
50.2455769906
2.26562299958
103.045796981
86.5622529839
7.96143399851
0.0
32.3600889939
5.66678099894
48.4471379909
268.01401495
0.0
91.1016139829
4.69668999912
0.767764999857
268.39857795
0.500814999907
381.133973929
139.409075974
0.0
87.8099679834
19.2823019964
4.7732629991
27.8389269948
989.280571815
119.973415978
30.6256669943
434.404252918
147.708491972
35.4951599935
470.311244912
25.4264469953
33.5470559936
2014.79784762
580.268695891
25.7746569952
7.10335799868
383.633017928
295.164456945
15.933200997
12.0921539977
81.1725859849
0.0
449.526282916
51.6219719903
890.232692834
27.073641995
29.0079549946
12.6700169976
212.00570596
523.125852902
0.718846999865
1.76004699967
3241.15998639
334.138790937
106.36045498
3.41755599935
2.42241799955
0.0
564.927054895
110.159095979
14.0790389974
122.495016977
3.88315299928
51.1993939904
240.835016955
6.99101799868
15.5259969971
83.0947679844
0.0
552.240568895
3.36288499937
622.895836883
4.7592709991
14.6487399973
484.543902909
201.939383962
459.046104914
0.0
142.375308973
22.1009959959
2.78741699948
73.5865369864
53.00114799
178.394618967
414.157623923
0.0
17.3540849968
4.2703649992
32.3689369939
4.51634199915
1.89850299964
92.1725429826
4.03083799925
188.853532965
57.8764829892
0.0
38.4702099928
0.694520999869
0.0
143.833207973
0.0
49.0407689908
6.3782639988
82.7623489846
0.0
1835.92287266
533.3811579
11.6121229978
3.45691799935
123.585125977
52.1325699903
307.335113942
37.187814993
32.5944749939
4.95015999907
1.54397899971
8.64892899839
13.3190719975
224.870868958
7.18701799866
16.172117997
57.0366199893
41.6256379922
19.7945769963
158.40360997
0.0
0.42683899992
25.5993849952
1.65889999969
5.85827799891
655.448402877
0.0
760.536935858
230.496817957
492.060718908
45.3751329915
354.732470933
5.13756299904
1.32966699975
3.85460299928
434.083140919
238.519572955
25.8969859952
1.48138899972
575.331416892
2.98276399944
24.2629569955
69.0649439869
7.87476799853
37.597676993
61.9954119884
243.644695954
0.444231999918
98.2330449818
82.3254479845
73.7388109862
2.32065899956
68.8783879871
2.22907999958
14.6066389973
204.310668962
50.3343949906
42.4276889921
6.67312499874
8.26660599846
125.796959976
0.0
4.27210499921
147.379556972
8.76395399835
5.18575199902
22.0243489959
760.601579857
89.6444949831
26.833933995
137.140085974
711.971108867
13.2866489975
180.057382966
3.93222499927
0.0
5.71970799894
1.25059999977
3.04997699943
159.40085797
12.2143429977
75.9641959858
5.92561399889
185.745937965
1.55074999971
259.220296952
465.763031913
4642.81969913
36.2807779933
482.24499991
31.3213319941
161.71673897
5.01907099905
2.05889499962
49.8469329907
488.583522909
637.340028881
327.154546939
912.85876283
8.6023859984
14.4608769973
99.0299149815
27.2322289949
4.42971399917
119.503541978
0.0
8.34075699845
2.86498999946
115.876795978
23.2312569956
29.5556769945
23.1143729957
54.2955929899
40.8905969923
3.14367199942
6.9741569987
6.99504399869
147.040380972
133.265569975
2.75449499949
6.66927299877
2.54811099952
29.1693659946
72.3906469864
157.206241971
31.0350959942
364.586210932
0.0
47.4257169911
76.4250589857
727.249609864
2.49315899953
834.125816844
0.0
0.0
29.8158379944
60.9340489886
1.33332399975
1.32469299975
403.601198925
77.4488329855
58.5121739891
12.9997009976
0.292227999945
8.75569599837
232.198052956
70.3546159867
112.690155979
195.620423963
99.7802569815
20.1978189962
1.92789999964
60.5785719886
209.944303961
22.3078419958
84.888242984
346.863517935
3.57708999933
65.7701529877
0.281329999947
4.99756199907
66.8157129876
5.88670299891
162.51054897
0.0
6.89168599871
3.7602989993
1.33936599975
27.8114839948
1.11479699979
0.0
187.002162965
5.08867199905
0.999267999813
52.9790719901
102.295538981
984.919846816
0.0
113.132616979
53.7571819898
0.769528999856
23.0438639957
1.22643799977
666.120567875
32.9892779939
372.31641393
35.9043589933
72.4912579865
560.430344895
153.581135971
82.1051459845
66.5557219876
199.091458963
11.0653279979
1.11065599979
49.3653899908
175.578517967
156.88271697
205.236374962
0.0
38.3642299928
568.572051894
782.812941853
993.187754814
0.0
147.722354972
45.4477519915
36.1169679932
53.0908919899
10.721007998
7.61425099857
62.5712519883
373.52872693
16.5530649969
2.77754399948
94.2505349824
149.546749972
260.932821951
1.26866399976
15.1993289972
28.0878459948
13.7207829975
8.67330399836
3.14392499942
5.09679999905
0.0
497.695811907
386.834490928
26.1147869951
62.7788439883
140.602685974
2.87027999946
0.0
1145.43529979
31.8223339941
4.63665999915
7.78360099855
37.0920549931
36.0835829933
100.484731981
9.90189599815
1.19255799978
1757.52958767
0.0
7.59024799858
38.3275839927
165.347222969
8.87290799835
32.217381994
0.0
6.69799299874
299.310000944
1.83775899966
7.77234899855
307.041615943
7.22993499865
14.2056709973
133.346466975
101.743230981
0.0
185.275639965
2.1243029996
0.0
429.761773919
0.0
42.4486909921
27.7571199948
47.2936859911
37.357951993
24.4711599954
6.14264399885
166.765577969
6.37668299881
1486.22174672
321.53136994
5.62428099895
0.536773999898
1.74927399967
5.16227499903
230.202844957
108.89601198
1.25738799976
60.0467659888
477.536791911
1.34590799975
3.50947799935
40.9004259924
114.707831979
2.32948999956
3.09251699942
4.56899799915
229.271924957
0.0
0.761018999857
108.84975898
68.6933249872
1.80245399966
32.3977489939
7.80040299854
90.2278689832
171.445908968
21.457999996
76.0082619857
0.0
224.217695958
6.82241999874
423.289829921
10.813254998
6.71721199875
0.0517659999903
36.0649659933
2.95193099945
69.482142987
149.330053972
76.7766199856
0.993598999816
0.0
8.81856799835
22.4216439958
21.9356509959
162.36874697
66.6527539876
1.0894369998
72.3183509865
296.733382945
232.952526956
0.901683999833
0.0
120.650590978
402.204869925
41.8505899922
117.989478978
368.330635931
38.8146249927
4.20606899921
120.784756978
123.797538977
0.0
4.40971499917
115.369304978
1.72509699968
26.855656995
4.08722399924
45.9219919914
0.0
62.3746909883
5.11314299905
18.8803959965
36.9443049931
39.5001609926
0.0
491.704480908
4.48574799917
234.043468956
98.6395629815
617.363638885
358.989178933
12.3231299977
547.124328897
808.190294849
7.06538699869
1.69034899968
0.0
385.998907928
17.5272119967
0.0
6.07889299887
339.870230937
2.18334299959
2.35890999956
0.664129999876
202.404549962
1.0468629998
143.267939973
69.9405719869
231.217999957
2.09838799961
121.369929977
313.699968941
10.684604998
782.792609853
6.2960819988
3.59424699934
30.3132099943
7.93918199851
47.8000509911
28.0467479947
519.105749903
352.803703934
2.1516759996
158.03305397
0.0
38.8608809927
0.929773999827
1.6066989997
28.3055429947
0.917378999828
213.92888296
7.34184299861
1.16638099978
0.525663999901
254.102741953
0.407508999924
1.03750399981
12.4158239977
710.031862868
32.001962994
65.4304009879
101.475401981
588.62312589
0.843483999841
200.944657962
59.5519099889
14.3617169973
35.1295459934
9.32300599827
4.39553399918
1384.58491974
28.0878459948
14.1766819973
3.36092399937
0.485532999911
108.831160979
8.17163499847
0.0
12.3993939977
4.90185799909
12.0962879977
38.1865459928
38.1045499929
8.71109299838
102.277154981
151.806248972
1.66704099969
238.729114955
2.73381499949
435.602802919
17.4433359967
0.0
0.0
11.1309199979
12.9148289976
31.1016169942
10.884143998
655.122772877
9.54494999822
332.285513938
686.728395872
32.6656409938
2.38818099955
202.996868962
37.598998993
732.599803863
73.6620009861
1.54279999971
23.5752589956
452.235711915
275.382548949
23.6300849956
6.23973699882
29.8516689944
104.30503898
53.0428899901
1.0637849998
4.15001199922
0.770461999856
54.5677289897
2.79393399948
3.15622899941
23.7687109956
9.77906499817
1411.42633174
10.385218998
383.713470928
442.955393917
1.78030799967
5.56816499897
0.0
311.758837942
13.2580659975
107.05804998
182.583688966
1.32380799975
161.06307697
13.5642099975
436.780225918
0.0
17.7767029967
60.2286399888
10.706209998
16.032192997
186.088239965
27.9022879948
132.961750975
5.08476499905
4.32793599919
18.5366749965
223.031196958
2.33506899956
81.1399609848
2.19024299959
8.89149699832
153.952991971
8.50835499842
30.2592809943
50.6672369905
226.366462958
0.0
383.790045928
231.236420957
16.4661469969
4.99756199907
5.18631999903
7.88977199853
15.6898029971
548.482570897
8.54757999841
1424.23547873
0.542978999898
0.285157999947
6.39654899881
29.4685939945
128.327561976
903.282127831
23.0840549957
276.077009948
22.3661259958
638.565146881
377.803760929
5.83971899891
14.7003869973
11.2098839979
28.7754529946
2.80004899948
4.1911129992
9.42114299825
98.8999259814
12.5653539976
6.76489699873
0.933549999824
584.122138891
32.376675994
0.0
83.1264569843
27.3634589949
1.6016569997
51.3591659904
49.5261189907
132.384554975
3.85989699928
2.37102399956
0.0
35.6186539933
34.2932219937
155.591674971
82.3977569846
70.9850909867
28.2847829947
466.810680913
3.88166599928
49.8830389907
177.204914967
2.1292769996
95.0177849822
623.998109883
128.851947976
168.217966969
15.1125809972
36.0633179932
185.521198965
101.314559981
12.2121789977
5.8500899989
16.8319359969
10.0804029981
46.8307089913
548.112956897
39.8869189925
47.4404459911
305.258812943
134.740119975
8.50358799842
502.906199906
199.415875963
0.0
0.0
558.738100896
0.983308999817
7.68952999857
81.4524189849
853.229436841
47.286611991
57.3297129892
0.0
18.9612519965
507.550259905
56.9469359894
8.5787319984
74.903696986
28.7139029946
303.789374943
2.6902529995
5.446076999
12.9823949976
16.4428949969
28.8975579946
2.88895299946
314.247468941
56.0511239895
7.84181199854
220.377393959
1.46992199972
535.2768389
204.925017962
1.49755599972
614.040390885
264.89873095
282.204484947
2.96745399944
133.996681975
21.158938996
30.3132099943
91.6526189829
0.0
21.292896996
57.7396749891
2.6881369995
12.1024159977
43.5076779919
34.5082529935
0.195096999964
19.5746629963
7.16828499867
472.710182912
38.8278139928
0.0
61.0303589886
13.3998009975
92.1254719827
18.7187209965
1.48056399972
1.96721099963
172.831872968
43.9111139919
121.902622977
4.76349899911
3.54436599932
228.356056957
15.957671997
28.4603069947
5.68829999894
7.14199799868
0.0
77.1606999855
18.2196819966
216.830920959
23.0956979957
1300.21878976
651.414498878
3.54608099934
2.56060899952
559.938528895
614.613350885
30.4061639943
8.44062399842
162.73272697
1.39048499974
5.20368699903
831.845746844
29.3110039945
31.918612994
405.932786924
421.041947922
644.954554879
1.95982299963
3.62251199934
9.17494599829
37.9248579929
6.28488599882
87.7382049836
38.4823339928
369.711310931
170.480783968
229.484393957
9.84779399815
2.60092899952
5.339533999
19.7495509963
20.4310369962
113.558681979
0.0
2.05684599961
4.00474899925
175.131339967
2.34008499956
2.1664719996
364.181252932
45.0100979915
92.1366359828
51.4992789904
1.6237709997
5.07096799906
2056.07077662
134.241401975
106.73575898
51.5968049903
43.7423799918
337.818439937
29.9326819944
1.73088999968
562.367442895
0.0
46.4743059913
232.667513957
275.412884949
177.670521967
93.8759339823
0.994124999816
73.6649059863
154.599141971
1.5817819997
15.0846449972
8.82305799836
58.1958289892
318.932146941
8.95810299833
581.803508891
2.03096699962
1.71475599968
86.2799969838
29.6426719944
989.522826815
331.682824938
51.1659569904
75.5633559858
33.0509229939
63.4067249881
274.044514949
34.6029149935
40.9227299923
9.33268199825
3.12344499942
56.5226699895
1.83783199966
87.4338489835
8.5268399984
16.5157219969
0.0
0.0
479.05224591
0.95937499982
162.02807097
103.805597981
1.33318799975
0.0
550.843738897
5.61704299896
25.9200499951
3.87830699928
0.0
53.50643199
392.722430927
10.1691129981
4.75704599912
9.10219799831
78.1168949853
51.2538499904
198.598990963
80.5909369849
0.725983999864
11.8394059978
7.62548499859
810.907186848
360.749648932
2.59803599951
4.78480099911
0.0
0.0
3.2512209994
147.574236972
0.0
11.4288509979
78.3244349854
16.352228997
19.5541649964
0.0
8.42163199842
27.7394279948
445.381089917
0.0
1.0552289998
338.461912937
14.3503159973
9.1586519983
548.711864898
11.1067559979
75.9759889858
29.3638709945
102.180552981
138.578529974
8.38893999842
0.401217999925
2.40394399955
692.89041987
10.579685998
748.30961786
1966.26095863
0.0
141.724135974
208.178939961
18.1028189966
0.0
363.090712932
3.68595199932
1.66857699969
30.6735559941
6.56811799876
3.57578099933
193.591989964
20.3838399962
287.319974946
93.1329079825
292.829546945
72.6012969865
315.544667941
52.8181969901
159.15350297
543.724489898
35.5249889934
9.22767199829
154.511624971
60.4216719887
157.149801971
447.941514916
70.3172449868
59.434586989
231.069994957
17.1791359968
3.74859099929
1.10950999979
539.237178899
0.349789999935
1.57987399971
122.015866977
0.712005999867
32.7049269939
4.26952699921
1349.75945775
101.425542981
81.3476899847
1.31867499975
144.159124973
1.10941199979
82.4009499846
66.7553329874
140.163501974
0.469317999911
0.255109999952
173.357006967
3.16922199942
6.96108699869
100.055401981
29.3797959945
0.714241999866
16.9695399968
0.0
0.0
0.0
0.787568999854
74.908759986
0.0
100.968244981
455.481998915
94.0343049825
7.13466799867
3.1747639994
83.2899209843
38.2164749928
10.658128998
2.24055499958
87.3005399836
56.8988079893
966.74027882
159.36738197
6.92598199869
16.5123859969
58.277651989
1.6169979997
509.916397905
123.234685977
30.1738459943
0.626122999884
0.0
0.0959629999819
28.4819409947
7.93841499851
15.7708289971
90.280975983
96.8509919819
477.888580911
42.244837992
160.58590997
35.3233719934
3.52709099933
1142.55032579
514.157115904
15.4109879971
65.6839239877
460.707636914
25.4831689952
32.312190994
0.0
70.1322419869
12.2642839977
1.15524599978
31.5483889941
477.382200911
10.2198029981
1038.27686081
4.68239999913
641.47443288
81.5264629847
312.241497942
0.0
29.0523539946
146.711061973
32.7486479939
251.448343953
3.58303599933
8.34048099844
9.42058399825
60.1321759888
33.0362519939
28.8079339946
10.679208998
123.962171977
0.414567999921
34.1230899936
206.828996961
4.7293179991
32.5000819939
13.0427509976
34.6305869935
200.369847963
174.031823967
70.5390089868
2.52318199953
439.564704918
111.875784979
8.45877199842
0.0
132.870127975
60.0864149887
100.663631981
6.76511099873
34.4508429936
1.97924499963
1.16200999978
1.72291399968
0.0
1470.41147573
145.490262973
3.59436699932
0.0
32.4940009939
131.658896975
13.4516229975
526.432505901
0.0
1013.67252581
185.617990965
29.0971749946
287.484729946
4.11231999923
27.3511059949
0.64248199988
117.736284978
383.430316928
89.3919519832
0.0
48.6891769909
1.09652899979
4.83537399909
2.11652499961
2.71960999949
5.83848299891
49.0841179908
6.3293279988
34.2035529936
2.1486979996
4.60444399913
34.6255029935
670.918997875
5.46527199897
110.197898979
5.35342799899
29.4321469945
128.329574976
4.92883199908
3.78814999929
347.478032935
173.138807968
19.3797639964
0.0
31.4506369941
79.4344679852
1.52496699972
170.086884968
117.652707978
315.287615941
31.3366589941
0.887196999835
88.9545949833
420.418104921
4.11632999923
0.560748999896
47.0826599911
5.90304399889
2.46909199954
93.3798179826
121.907765977
170.468201968
199.116947963
0.719288999864
601.838280887
1.6239019997
70.5334519869
5.03274199906
713.964691867
2.45032599954
10.0851299981
99.5739699816
137.672261974
133.540763975
9.61684799821
58.721805989
1068.6749318
1.16084299978
239.581551955
379.863890929
39.2197869926
4.85068699909
2.51503099953
456.118771915
0.596947999889
0.0
70.9402109867
0.0
42.2301149921
111.470914979
109.14884298
0.0
13.5648559975
8.5887879984
1.15274899978
1.85260899965
221.452840959
145.504085973
87.2264209837
161.36426797
557.372876896
121.001663977
5.18668099904
121.157567977
4.8520519991
3.2055419994
3.64930999931
86.9614589838
40.5709379924
7.47414399861
583.619716891
4.34369199919
100.731271981
0.850293999841
20.4126349962
1.34480499975
3.15974799941
45.5028399915
7.29683899863
1133.85869779
497.302136907
135.636106975
65.6227249876
1230.28932577
19.5911259963
701.757481868
104.486071981
114.477837978
73.8830579862
27.9475869948
0.0
0.397502999925
13.1217969975
4.04424099925
397.922546926
10.614422998
0.0
0.679591999873
127.489129976
92.2522989827
328.064954939
2.86498999946
93.5414689825
0.0
405.709774924
842.424767843
28.0611169948
0.0
12.8928829976
371.163078931
2.1147239996
5.64541399895
92.7483289828
0.714456999868
37.8782429929
5.16219499904
74.864102986
111.061442979
0.0
215.31224196
350.892752934
629.231017882
126.033360976
0.0
43.4629119919
0.0
39.2654729927
8.35945499845
472.237770912
418.731437922
120.990401977
5.280156999
14.8075449972
168.799695969
0.0
0.0
15.1564259972
40.2161589926
521.877114902
46.6693959912
75.4323769858
33.9055039937
352.769289934
44.8151629915
0.601958999888
748.15417786
19.5781539963
206.581229962
38.4398989929
10.629532998
539.033761899
66.0290269876
0.781256999855
0.0886509999833
10.673000998
483.15629991
0.36461699993
1.93625199964
2.96745399944
255.650289952
13.3965269975
512.444388904
59.423336989
0.0
0.0
452.917682915
45.0708049916
133.251110975
90.4187669832
44.5725779916
273.925217949
471.547009912
61.6877609886
8.20330899846
41.9354049922
6.84189599873
1.78551199966
330.342738938
89.5158509833
45.9146199914
0.0
1.88234099965
115.378352979
181.587738966
8.6169129984
0.0
5.10680699905
84.2894989844
10.3064799981
0.0
22.7588609958
0.0
2.59911499951
886.966354835
653.975493878
6.02690899888
250.793203953
272.992606949
175.716408967
24.9506209953
247.638954954
380.662666929
5.37961099899
32.6345849939
233.001708956
489.111675909
56.2522969895
124.712652977
79.2244359852
68.774251987
2.28605499957
0.0
6.90996799871
24.8816039953
3.36263699937
553.485675897
2852.76123247
1180.33214878
758.935075858
88.5759699835
350.476905934
25.6830769952
2.6654749995
2.07945099961
144.307578973
189.032354965
4.00453499926
618.667391884
172.933957968
416.484030922
0.0
490.629917908
61.5676919885
5.55158299897
18.7036709965
5.20291399902
0.0
233.931773956
200.069576963
39.7862809925
2.02854799962
534.5417279
105.18465398
10.677705998
179.459458966
231.039122957
0.0
1.46795599972
59.8965219888
15.872722997
297.651125945
0.0
18.6422919965
254.178276953
3805.60637829
260.722713951
566.495473894
501.215783906
120.756050977
3.83905699928
83.9055549843
143.736311973
3.26344399939
28.6247459947
70.9126149868
2.19548999959
25.7514509952
4.94244799907
11.6098359978
0.0
8.70559699836
0.0
12.9676649976
847.874997841
112.461146979
34.3941849936
138.305196974
11.7938549978
3.7585819993
29.6788579945
93.3895829825
192.151623964
2.05706999961
3.98480699925
108.22167398
65.2774239876
66.0455249876
0.472733999911
18.0008179966
2.50797199953
93.7725529824
7.12913399866
105.48487398
170.325968968
161.21650097
135.169108975
181.964468966
398.917260925
7.08128599868
0.566791999893
57.2746529893
0.0
1234.34729077
42.3866489921
230.982196957
312.634274942
15.6901749971
31.8716989941
74.4128329861
2.6644319995
102.629433981
22.6240199958
309.760268942
241.943060955
22.9105719957
485.556559909
23.6290689956
106.22390798
36.1823559933
709.839635867
0.882582999834
513.839225904
726.866876864
4.10113899923
416.408810922
87.4045359835
545.828509898
401.168933925
321.95272394
6.29554399882
0.0
3.61892499932
39.6902919926
677.045862873
417.518332922
85.398028984
29.9459099944
0.0
71.6586969866
515.705302904
140.265246974
0.0
0.332838999937
16.033918997
42.9944709921
0.0
705.206249868
123.126307977
223.829626958
8.09610299849
0.0572019999893
0.418489999922
65.0717199878
154.082938971
436.209802918
48.203311991
2.19255599959
30.1496799944
134.396688975
70.1987779868
22.2729929958
36.0701829933
192.900694964
8.01111099849
35.6471739932
642.12070288
0.0
4.17506099922
20.5954909961
143.901780973
563.409209894
110.926007979
105.10720698
1268.90838276
203.855137962
401.943587925
0.0
29.3894409945
77.3270369854
100.653563981
26.908138995
530.113336901
47.4776929911
4.63309699913
160.25173797
68.5166009873
492.477518908
582.679534891
167.912118969
390.664599927
516.045097904
159.33480997
41.8579449921
997.140105814
75.7390709859
34.1057739936
267.13525295
601.502006887
52.4568449902
470.686903912
231.153327957
407.134389924
9.90230899815
19.9784229963
8.0530409985
282.796929947
108.27522398
2.56832399952
1.56016499971
151.697619971
171.774227968
0.0
427.64184892
6.42030399881
0.0
55.1339629897
0.298853999944
0.0
48.814205991
1338.27939375
1186.55652378
22.3200229958
61.0372069886
30.0852819944
3.03448199943
14.0096229974
2476.89735454
391.470794927
2.83289999947
95.9783679821
375.63871993
717.466881866
81.6039809847
406.958977924
0.0
1119.81709279
206.852231961
388.367344927
50.4977669904
6.74771599876
0.996288999814
3.7669569993
566.803329894
101.291778981
27.009103995
2.89120899946
73.0022179863
274.653998949
487.500056909
0.348576999936
6.34068199882
7.01402699868
3.10039999944
0.156161999971
3.61056199933
12.5341209977
58.4280019891
1.80566299966
253.804064953
336.742280937
0.320898999939
29.5897429945
0.0
2578.60872252
48.466437991
134.157255975
7.58815899858
4.44340099916
2.33243899956
459.721162914
54.0323259899
108.34408398
540.559605899
1.46506199972
34.6141099937
0.0
101.503930981
34.3525769936
59.1658079888
489.779900908
765.150030857
4.29336499921
29.2879139945
36.8878499931
5.39421199899
3.38075599937
1139.44186379
219.434671959
0.0
30.0519619944
20.8602759961
64.7911949879
1.80819099966
544.047255898
646.040816879
138.995634974
230.786671957
1.45016999973
293.707712945
2113.0256206
29.4272099945
1.35634399975
716.117104866
142.163232973
426.42438592
5.08800899905
31.0255279942
336.482406937
865.012954838
3.44294699935
53.0567489901
2.49819099953
2.47829199954
220.605739959
59.178587989
154.812236971
354.021181934
152.761100971
26.3206119951
158.69155197
149.512996972
91.7692839828
103.523157981
240.848873955
10.564215998
0.0
9.96130399815
106.85560298
4.04508199924
5.55060799896
32.7493679939
39.5536039926
0.0
40.0611269924
658.477581877
8.14285899847
321.07495994
49.2169659908
0.0
0.0
2.47894699954
529.601509901
0.0
149.813150972
783.570924853
132.212580975
197.108175963
656.252050877
247.907894954
440.827491918
32.6151509939
0.58676599989
68.8169619872
7.55855799859
12.0419909978
40.2821959925
12.7917269976
139.015560974
404.948776924
99.3054089814
45.0368669915
116.466004978
143.044398973
0.0
198.403440963
280.422628948
68.7394699871
42.0074429922
1401.80533074
98.5972679815
29.5279329944
162.28143097
13.8733659974
217.248903959
206.090648961
3.29471899938
352.234300934
720.361726865
13.3420379975
51.0576419905
146.390206973
206.115742961
51.9449139903
149.472648972
56.3697279895
5.38131399899
57.1699709892
109.753567979
107.45105198
9.92437099815
47.4153449912
532.4237889
4.91669499909
77.7583009854
32.3499809938
155.659081971
886.402912834
19.7518639963
9.38033799825
113.224692979
3.57106299933
554.430835896
9.5007099982
48.157923991
59.1991929891
3.2759229994
1.33978299975
4.34378399918
268.53698595
4.62731699914
2.45623299954
91.6302139829
0.0
71.9145699865
42.1920189921
31.7509289941
43.3423419917
466.100365913
4.7696819991
0.0
295.618879945
593.789803889
356.229752933
60.2242209889
9.98812399816
37.6985469929
405.172683924
85.0028469842
103.785665981
345.140704936
5.55232599897
1.41032399974
29.4130699945
134.070897975
8.72276899837
165.925826969
48.8640729907
96.3218739818
486.846428909
3.30314199938
508.494868905
0.0
0.0
58.2293129891
259.190137952
233.807397956
17.6507769967
509.855894905
34.5082529935
44.2978009917
0.0
1267.82831976
364.625908932
0.536773999898
0.237904999956
0.0571999999894
168.770162968
8.56695599839
0.0
1348.31455175
0.0
28.4426459947
75.143999986
35.1315019934
63.7919559881
445.637384916
2.74504899949
606.690725887
29.0971749946
40.2149239926
440.355008918
1216.49371877
11.6373239978
208.158812961
60.1511069888
3.2358829994
480.38011491
2.94458999945
38.2562599928
111.098381979
0.0
0.312048999942
0.0
5.80276599892
202.377032962
89.9345299833
0.0
82.5862169846
83.9016839843
46.3866789913
115.769117978
3.09470699942
0.0
18.7761289965
196.454200963
0.0
142.397113973
166.306469969
0.0
21.8162449959
4.60446599914
12.7762029976
51.8594289903
3.69516199931
792.599385852
114.584651979
49.2161279908
301.811008944
345.126637936
138.342516974
571.255316893
69.228385987
2.43920999954
20.0303089963
128.114633976
5.64254199895
210.667584961
62.5749639883
1.89708299964
491.712560908
34.6697169935
25.7085749952
94.4463269824
0.0
413.204340923
5.14590799904
1.42534899973
1428.38429373
73.1457009863
38.7506039928
135.310686975
0.0
3.78879599929
822.371534846
128.702971976
691.14623687
2.40132199955
30.1759139944
188.435247965
0.565702999896
86.7601589839
155.253974971
4.08465599924
8.84246499836
35.8964689933
2.26479899958
667.807353875
45.3037239915
0.436441999919
37.067928993
174.996319967
10.4278549981
1.47508999972
74.4133479861
81.0545809848
54.2955929899
0.0
34.4277049936
3.07922199943
689.042942871
32.380628994
570.938769893
136.047839975
30.8062769942
1.16621899978
24.7420919954
979.403991817
637.001040881
31.886295994
143.620496973
19.0093259964
72.8221269863
5.02116999905
4.21270799923
90.3804129831
128.114196976
0.339535999936
300.636189944
28.4458469947
30.9731559943
79.9161679851
29.7730779944
31.6557219942
26.3696509951
49.2919289908
516.611355903
43.056435992
42.3467289921
34.0221429936
8.41909799843
222.391571959
477.691920911
5.08311799904
4.83045299909
0.0
0.0
28.5363419947
96.5545779819
225.030630958
199.473375963
7.90180799851
729.247135864
27.3932679949
308.026832942
267.71461595
166.719926969
190.438016965
254.660938952
71.0716809867
289.649617946
6.47791399878
0.0
663.830905876
839.951121843
31.5521319941
542.322672899
8.43719599842
45.3438239916
516.931191903
0.0
82.8986639845
0.572630999893
316.055874941
654.118103878
12.2450059977
1.00787699981
116.298783978
7.76910399853
31.7244599941
9.93179099815
166.011581969
54.33840799
1.82287999966
2.46582199954
0.0
203.725454962
10.754397998
135.337065975
0.0
3.09482699942
255.113647952
15.9215079971
26.2390869951
22.5875959958
2.91773299945
430.156034919
6.26644299882
307.791136942
515.069327904
108.18094998
953.098856822
99.9958449813
93.1076049826
9.11822899831
291.517749946
6.33441999881
334.122458937
486.051456909
55.7642529896
221.649887958
73.5249509864
2.57791399952
14.9284489972
158.01703997
38.9064369927
93.5434529823
81.4071089849
129.675224976
35.7007909933
2.80082999948
1.83530799966
536.4999439
392.700532927
4.27080099919
33.8034589936
26.872597995
582.618799891
0.0
234.536569956
2.98546099944
50.7879459905
7.75311399855
166.235914969
97.6890349817
32.124669994
0.0
686.448741872
152.148771972
154.341513971
63.0162679882
22.9908639957
45.5917529915
5.8781829989
231.418755956
4.50663199916
3.35308299938
45.3787279915
20.8369579961
4.51711699916
1446.70234473
1.66850599969
16.247092997
0.0
0.820283999847
34.7332699935
68.3985839872
2.21979199959
34.5482919935
1.03310599981
9.98046599814
633.583369882
27.3720809949
145.601414973
69.1652629869
367.353368931
3.31354299938
7.56428399859
515.257727904
173.727639967
0.500814999907
38.8173969927
386.618823928
71.6241669865
6.26602499883
12.7019129976
1.0834429998
45.3834939915
2.85970199947
91.3599239829
0.0
163.04658297
338.033143937
1.56772699971
1.52293399972
521.418658903
34.7733909935
118.280560978
46.0567139914
0.697651999871
789.141240852
214.64334696
32.6367029939
7.89878999853
89.9097819832
3.82012099929
7.28092899864
28.4200939947
502.917924906
3.2531649994
59.5081519888
85.650251984
85.195431984
501.895122906
0.393686999927
101.164201981
306.293470943
856.31385284
2.86498999946
1090.4987528
1.81176899966
4.52442299916
58.811363989
8.89153799834
470.144228912
0.0
0.0
75.039754986
4.25013499922
32.9941579938
0.0
16.083735997
394.397991926
265.20535595
163.14492897
10.2213849981
2.93771499945
46.1016259915
4.51699299916
636.257344881
1235.60428777
2.45623299954
608.823942886
5.56829499897
1.37193699974
11.7024259978
172.865748968
18.0290709966
0.0
5.49450499897
5.29112999901
0.0
1.52762299972
21.0617899961
84.4111429842
53.0395199901
581.631207891
233.118768956
3.61628699933
1146.18388079
72.6978969863
0.0
50.3065619905
39.2313369927
341.673188936
37.444485993
168.957862968
1.86906499965
404.802800924
5.98196099888
508.333366905
76.0688829858
419.737635921
58.9809619891
6.27941199881
134.092989975
2.26393199958
730.655712864
35.3984149933
2.40907399955
46.5096629913
607.681141886
5.52232999895
54.9356209897
1.65165899969
1.0465529998
558.186261896
56.0081439895
13.5323109975
0.0
2.18584999959
372.21442793
24.5009729954
52.4748869902
52.1889809902
564.797901895
8.41885299842
20.1329179962
4.27622099919
82.0059589846
39.1728959927
271.488473949
491.881712908
0.550589999899
13.8118859974
36.2553739934
122.250952977
187.919833965
163.927122969
373.60622293
118.564980978
27.4175879949
0.0
2.88895299946
272.799252949
0.135070999975
57.4964449893
125.715191977
28.4458469947
101.401649981
0.0
1146.48612879
422.177695921
189.362034965
67.7843989873
450.669080916
35.4618539935
18.4524389966
7.67863699858
15.3740879971
19.9486539963
261.156839951
36.0344159932
191.254840964
183.959677966
6.88425899873
44.9098379916
608.516052886
29.0939109945
120.749855977
82.0160839847
0.905959999832
30.2111849944
0.10606599998
1.70820899968
7.64090699858
458.844063914
316.483914941
10.650215998
0.934662999827
0.0
495.398547907
644.812146879
94.4503779824
531.830802901
4.08308599923
417.773806922
6.9974189987
643.51190488
72.7331569864
0.0
232.844019956
0.0
31.0680769941
647.814422879
4.23798599919
335.972484937
31.0193159942
155.890668971
5.41447699899
921.917480828
81.6412189848
11.6940639978
103.641992981
3.61771199932
237.035401956
0.0
18.4666339965
29.5104549945
12.7607459976
1.99972999963
2.77010399948
14.0225889974
1.00397199981
0.0
710.445264867
21.321033996
75.513304986
117.974065978
4.10921099923
862.605544839
41.5315889922
1027.44180481
10.467228998
1.74931299967
5.68063599895
143.670726973
63.3524209882
228.870863957
190.525626964
417.540024922
2.05198699962
391.745341927
29.0079549946
142.705272973
24.5543629954
43.6148979919
10.1214139981
296.369661945
43.4023959918
8.0104269985
70.8172619868
2.36404299956
4.3371749992
1.0880249998
0.0
4.09894099922
593.345280889
1.47764599972
5.43921999898
6.36565099881
178.203088967
132.595620975
4.67565799912
142.290651973
0.0
927.673450826
18.2526449966
2.98379599944
28.5876379947
169.379286968
520.502311903
45.8395799915
501.291734906
11.5845109978
101.367796981
4.2833019992
1176.20743778
43.5450319919
140.011671974
321.25270194
374.64660093
2.24018999958
27.2106139949
0.0
36.1742969932
19.5977429964
0.0
11.8983469978
7.96699099851
39.0098019926
33.5935279937
37.3866119931
0.0
60.5384149887
101.068534981
17.3804489968
15.5031639971
42.736937992
7.47093599861
8.53092999839
461.676843914
974.359184818
5.409019999
692.265351871
3.00902799944
400.299418925
5.94907499889
358.364314933
16.3763109969
14.9913049972
57.5165209893
0.684387999871
54.0264899899
