5.65511377329
32.2973374688
312.153146268
20.5484965942
268.290723918
4.56533136473
2.23366690721
53.3087865692
3.27305321192
96.0669868163
3.75471007836
14.6871153636
104.915142671
21.0627729648
64.993249205
27.5260988807
0.402284045645
178.422160841
22.4348890827
170.894011046
210.925514236
193.072681487
11.8254051342
441.171468419
22.0679041766
260.051599878
84.3732263514
86.5956476381
9.90965294319
296.718645221
0.220875261855
115.346841664
95.9946429823
532.73375062
1.11441482993
26.926410398
21.4147038819
0.0
52.2909890247
96.5874642674
393.001566406
9.54831296694
120.13176788
212.415248649
0.870852410283
12.0786711201
661.119926573
0.777732554654
106.937080468
62.7597820066
27.6922918862
1149.71109644
0.0
393.525837057
2.0398243627
0.525174396976
470.484405017
11.8705999648
116.74412613
1051.29008159
23.0879098925
144.229794117
8.66111351717
41.4616308858
713.33290029
3.36265794215
92.8112994108
12.3700738782
23.4742235642
0.0
5.61903602275
750.209994915
0.0
924.536191592
107.128541677
1.96600925725
86.4165797432
2.51598797672
84.4616062861
0.0
403.237349928
0.0
251.38239816
0.544260478796
10.7772417598
388.965698118
923.130922571
12.6147448074
0.0
3.88891430509
21.9588404908
11.9787700175
166.947425174
88.0265880711
96.6260914635
16.7892387197
9.84419526638
116.831933482
1004.80294506
14.0776550597
0.0
1.92720636812
775.70834296
115.16109996
2.71916879755
95.5406520867
0.33763910732
521.681761552
8.89596333008
29.9663050008
61.1350432682
0.514505150838
66.3153939161
1444.89989741
3.8564616461
7.8949842891
126.182667583
522.195351583
101.497944038
37.2155237192
24.2059965811
92.1948088562
222.349176307
2.05956139368
49.2669611494
103.135778862
5.08190312111
0.0
3.32420264722
26.3541768015
26.9303704439
386.594986823
14.0516158297
159.952598646
631.225703763
635.441777526
7.02540849752
13.0965824228
35.9488310278
1.5187250338
233.412441331
134.312710241
583.101955939
3.12467598947
11.6178812818
564.048949918
5.27639282285
658.255301609
139.665428431
22.3236437693
0.612225889766
1.51186415617
892.96654196
85.5135287337
130.637490534
906.550328852
6.18805784875
7.49072717236
31.5265694381
843.600254818
160.755815545
152.939803395
100.357717495
52.3271261822
35.3533338992
4.5771040645
6.28734465758
28.470674126
5.14474941744
825.320908813
68.8921476798
8.38303941688
23.1013409324
4.61517510979
13.1216167894
9.09529154314
185.210089187
20.627212146
471.779700287
5.88763154507
343.436596945
27.331549772
29.5710752215
94.3568448135
22.7532651511
36.3067620529
131.187962205
97.5271858337
122.536866985
0.625179145829
1.58003180376
194.572766624
16.1036881482
619.793364476
4.64949213772
111.777459968
2101.04866817
619.009251356
411.609261274
1430.50018937
2.6532838959
8.41778619764
3.74089478867
2.3872845863
58.4584162093
42.5426829918
0.0
1.60293004604
16.1810702023
0.750848986824
17.8947968492
0.0
275.432846966
0.83747831065
11.9890550141
0.0
1.59621452599
119.878838112
1.59621452599
3.21084143303
24.7456068814
379.627332051
3.51321679222
18.8865854995
101.239911588
401.04919511
72.8180257847
3.99979812059
50.5526375402
344.154643149
24.8223531541
72.8155092028
0.281783878466
26.3358402591
0.0
1.08845396671
424.604069377
160.257854614
176.494347764
151.322757232
136.199754944
552.974985313
156.079457534
2.32047445207
418.263506151
78.7829230977
176.551199009
203.420930063
5.15089741093
18.7785127731
433.06020596
412.296869604
30.9714374765
2.05455856507
1.32120051867
8.91219155554
6.54564001561
87.609938905
271.2733489
711.556916361
55.0364334162
86.609747323
352.669355043
14.5208275596
12.3426821908
0.0
19.3302256716
24.7291650435
3.13695680873
19.4322161313
138.31668202
365.314359506
30.2302061053
186.140241168
711.666794049
23.7358848982
4.67723900316
1278.95304806
305.02602286
6.1123960701
750.36084448
5.79034561491
13.7743051728
5.86118531395
47.9853623545
3.09662576909
133.340945545
54.4860236799
18.0913860199
43.6688149064
785.45978998
10.311387158
4.68357406555
5.23049648396
622.020840414
268.258584726
3.8547754982
6.56464899472
4.28553951706
213.660715342
65.589273413
274.646955428
0.0
98.0697310931
33.0299624074
263.564383126
121.990389487
26.8544482856
11.6396533189
21.2034171642
3.55519226846
3.65303055743
64.8162554997
16.5247561848
72.0710180298
2047.57776745
120.722925769
628.203422707
24.0791727274
635.935170436
0.321881082018
32.1010112057
23.3786528535
0.705751482629
78.5773735803
267.828381914
7.56944904398
7.89475677288
64.3102518712
4.10719461819
48.179685211
1463.59998282
0.0
20.627212146
4.89978145323
145.558041318
429.37701813
562.170468673
5.15275166803
1222.29853076
4.23709752463
68.2326793135
87.0855001439
1.02809770889
396.801580016
296.048731333
1.03351006667
23.5782667258
1.99596555785
553.474993889
53.1263147793
17.4665127571
15.2756277446
196.016727305
26.9744403332
522.010052272
75.051142861
135.785047249
702.858017458
20.5686760178
3.79669187449
1.78843664951
534.33692967
196.244004619
125.828096214
24.5348674667
2.82217296841
247.111882296
7.02679381842
67.51474813
9.09308842784
7.65286154146
355.417984662
37.9356415863
2.34798748142
301.196352511
5.88928609349
16.826527362
80.0739537032
19.7673892159
2.48300065465
182.593108029
25.9943573919
153.471393749
46.0818328397
8.79615576194
8.20589908994
40.9310100035
22.7714310564
7.66953342352
11.148842717
8.88336651608
114.366944527
0.499504248917
34.5331152209
203.593784237
0.0
77.7341277338
950.807175828
221.239672036
7.83196988359
25.9942815532
26.4829054714
117.03362028
475.30632284
80.6186211832
88.2762213818
902.132191626
638.624959308
483.126837282
603.513628079
522.605640407
6.8148144403
448.729805825
3.74670277185
179.877014493
0.272823531841
18.0630286527
12.6129625971
18.9947542882
0.0
0.0
21.5233441349
1.25700682082
410.586713696
114.429186642
0.523642454513
0.0
8.18209457479
0.0
85.3803698177
8.95082254351
96.7181141855
177.113878188
2.63002415566
4.1886909236
174.34914295
3.10579846417
3.11359974212
0.399001492366
7.45997077308
25.7943251425
16.802654592
50.6985487398
2.48891986796
6.33386287409
1.90212144231
776.655068233
0.0
80.9187656197
0.0
418.565273537
0.823051255162
451.551391043
364.2676535
76.1330506809
14.3711964701
167.442466313
136.17207886
403.106222226
616.964232039
6.87917624732
393.258638231
100.038095143
101.441442916
16.5065586801
1.32472322794
1.67909236036
458.640622892
69.8720372324
44.6753731503
0.78077116
0.597548566447
96.6485574251
0.0
101.37413983
1.29192929463
74.9928898642
13.4812377543
61.1878687395
70.7823814002
679.238029315
232.45803865
1.34998384682
8.8976178785
2.4474739989
53.9082803993
215.923827903
8.52862071794
805.427963514
1.60688377213
16.0882574936
5.14474941744
0.547684597716
616.887049694
0.0
40.0205621892
303.808769439
94.7847977432
465.599443716
638.353754933
28.6895851646
6.53318223928
63.8053453764
12.8382390336
0.788681140134
3.07718450919
108.627683885
221.39108028
183.723947001
8.89421019133
3.86912292302
223.961672147
57.8159470958
24.2125616877
0.542411277625
3.43739448823
478.457676369
31.8002297239
33.9170417792
272.093197232
65.9958537231
962.654679106
1.17764158389
195.716944366
187.190886997
95.6395495899
7.16976879494
65.1480133131
1.04578456604
91.168585628
34.8679937982
16.3520132405
504.803240418
39.9150553402
5.12998361559
181.631155602
5.81677920621
117.367458602
21.2654494581
760.358051981
313.940387194
120.61725713
213.336634938
0.676144040206
13.2493886275
377.125175795
141.323072334
0.0
0.538058134195
224.434162637
513.639117981
36.437470114
205.832268168
21.5855255782
158.935805966
204.653190704
258.164863587
6.34132034978
47.0523790599
27.5183077145
5.27675305684
556.744193229
39.2087388589
42.3718423358
76.1920064501
7.45714830812
227.444352472
5.57449846122
42.9326078513
115.60273167
0.0
4.58295881487
377.009600091
74.471559227
1.78445890782
483.442414901
33.2718424712
57.5250853207
173.137085747
1.15878301828
11.2198935005
2.05652405231
5.6466008752
22.0310945823
792.808238629
2531.9088101
5.94714978488
196.982890046
225.137858891
88.1215369045
4.2214077542
563.687483544
472.875101082
15.4351949725
3.74720583546
124.059065433
107.521608788
33.2443433456
107.173701115
3.57110576317
66.9740609196
0.687949603401
4.26354375574
18.804610146
11.8287357187
204.919390986
199.031974318
103.781011034
0.0
48.5980508606
0.0
160.921277971
89.4330540805
126.924403282
713.794004859
13.0718552031
203.053438302
259.7767287
519.81984096
271.560416211
600.969557018
656.497512657
218.519064831
533.216340302
3.14390995682
689.946423408
25.7985493601
124.659557806
51.5058672492
674.870189602
3.04820905623
0.250854314083
1731.6276664
22.2188864596
0.0
23.1166148539
66.473219381
21.4003741528
0.0
234.219943118
6.91486469238
0.840248952464
45.9535933296
2.39048118901
126.718221775
215.466441961
83.9074172525
259.81777136
38.8057469851
89.4937023175
76.6161295236
205.270468718
522.327566307
2.08538574716
2.29254557367
0.56480898424
45.7078518102
4.82303644462
0.0
50.5129738815
181.592218731
2.4973581913
29.6866332311
46.6579304199
2.53686006077
605.258361393
702.800077928
22.7737352899
5.97043986061
4.41368170084
0.0
277.028482589
4.4371676933
0.0
2.41795756295
228.82942943
30.2784117338
134.945392366
347.656793806
9.07986973624
0.377228191342
225.091365954
189.73384702
300.700636406
56.4040699927
1.49666607353
155.280314441
61.1403077403
191.539347385
127.928389328
615.459252777
10.2580396633
9.11893553297
14.0106629124
13.1403375814
16.1501532776
4.08543522093
468.526424554
39.3548889505
0.0
38.7933991749
46.8969260835
1547.52317073
197.171588196
247.843303927
261.688000086
756.192395808
11.9698716059
272.347504737
329.877115102
274.170360797
10.2550427693
8.07819424285
0.0
0.0
497.991507558
756.64332282
16.7484273681
36.5316011528
12.4104946604
1.43620616944
34.7186749115
80.0478639141
8.05616435412
3.35963703251
25.6586597562
1.56144372964
980.516946195
0.657912408142
69.5733109803
2.73041062615
445.510384502
37.2886941954
41.2098121557
1.97217115453
542.610492081
100.447084597
541.616863077
619.221425387
104.81421269
131.047621361
34.1052014745
45.3875014067
1.90507030515
358.077353352
59.6535778052
27.8141217592
184.362571091
1.31042004238
2.18921908818
11.2863497207
0.0
179.898765042
172.53469867
128.368257788
114.58834434
40.6182801289
498.192361393
448.202266523
51.8561739534
3.96267885138
346.612234036
55.7760898695
81.3504093678
569.716050004
972.881489641
912.24993342
2752.96898954
561.857910701
134.563735192
0.0
9.61198843345
79.1436184448
594.942921919
253.761351861
797.400649478
659.647689421
66.1549911981
256.079912649
57.9070117217
5.36880737824
1577.04119423
0.937470419714
21.9882292649
699.454119675
576.13721211
0.283444746778
969.88989673
400.603142002
97.0454480726
1.71127326388
944.769871482
6.75445312655
44.7115254757
2.81183235679
16.6651716039
178.429012872
0.213597271185
25.293601154
26.2807965047
48.965254435
0.0
0.866563729777
3.12039236489
535.711666016
75.9997198635
1.31355976604
33.5919400789
11.5559513702
29.0978642623
4.58236095284
151.976272257
729.335341198
76.8610924317
34.361674175
20.8695030028
44.6422328868
8.33084719894
1.18722128019
23.8746318652
0.0
2.27121972118
0.0
27.4266995778
207.524437655
0.0
105.121520095
10.9580033864
1.00829115908
935.471729017
893.795514956
127.289038451
11.6379065
21.0100776833
34.8547788985
0.401466251276
241.124281394
3.24842711045
31.3454475775
7.37554582851
253.770774824
351.837773195
501.31299265
625.307861857
3.91664979471
146.192686402
69.649335521
127.019238357
860.636531901
16.8161349272
257.574189803
48.9596082412
253.629631353
1272.38640704
5.73259062571
400.244340095
253.718757036
19.0812483662
169.726220913
40.3549629827
81.5998176901
480.816274952
0.678527904467
73.789167339
1.26613401266
11.7759494307
320.98125289
71.6926788009
21.5717595837
132.513275712
26.9840124456
242.131586649
394.7072137
2.1092635731
121.128264851
13.5331392571
21.1720388873
131.549924059
33.7481792503
233.818914203
6.21882056791
17.9855998315
134.43567896
28.7211606221
561.246105716
33.2190346955
15.4099457294
4.52369210688
42.365169791
1.52536092317
8.98169775684
0.80923849343
35.2960288865
0.0
57.1064491796
414.259696161
176.470632992
18.2212585908
3.78809049789
45.131218303
0.0
54.8951875629
39.236450333
3.71371165784
0.0
32.6150979795
2.42105431133
5.0474369437
503.623129019
2.96256184402
453.66399152
462.087038398
79.6059516012
19.0938350685
193.440178305
0.0
504.321841403
957.138198541
10.1822590706
0.0
4.10259247092
12.6884221392
157.191357047
237.474595325
50.5667991601
224.368132378
83.773219346
3.03647427585
0.0
29.6189977186
482.871566625
19.9812152671
53.2320592564
22.2916613104
18.1812625057
0.772522433512
254.105817718
1.59066439452
499.132007121
63.5630418796
28.9796430491
39.7548624427
37.3926223348
874.744680451
11.7200701863
12.2007676927
37.7424866463
0.223333700871
0.607903081832
805.075026469
30.5308257978
13.0852344199
604.242103374
78.9914012542
368.496360732
208.282900851
73.9085033816
680.096852438
703.954113442
0.0
17.5516720733
457.233018038
327.221143987
3.62827805808
5.37016994752
282.212695957
163.080150188
38.8694654269
25.9561068615
189.735815035
793.724974739
623.011825174
13.5625924941
22.121864701
315.318330256
273.58361293
97.9500272325
158.201411456
32.5464019888
8.14187476526
461.439829363
4611.21240062
122.048292362
19.0742712026
244.471889139
6.1493763016
22.3488070618
31.1611923132
132.019999087
496.061819999
605.581549429
2.19164719171
5.08663293028
71.4152493299
62.0416397385
3.97818787283
5.00341002966
0.0
47.6748368592
14.4168652928
339.418885714
352.520363528
224.823718415
10.8035413694
40.4144344551
209.832819621
119.922250732
0.0
5.71522355525
7.73746344307
1.07476507492
3.74415206237
109.929381208
53.1006484231
257.46350064
745.496616227
164.958871588
4.46130589891
155.553783865
6.81644370912
6.29104558789
215.27816977
96.4726684372
23.905417336
6.0562615019
876.901512607
5.88352866946
4.05090710857
11.2679057401
531.571460061
1.22199966041
23.9177411306
13.4816460195
20.3886260114
45.3095202266
2.45938447234
10.0407401979
98.0868580074
4.87658364795
79.2346666387
11.5057271675
846.748174117
16.1378168433
1.73612308961
11.0731632426
154.108473256
1.15813838902
101.254353811
81.5619450894
0.0
14.2096650189
41.570314114
277.322965664
6.33846375738
0.0
274.408737111
88.2551660207
103.968115307
1602.33195775
0.0
88.6098612597
14.1378305685
24.2955861436
52.0369722353
124.893977866
17.404250419
12.8069151078
470.467609264
615.851551389
507.668990323
175.529216429
189.061745184
0.0
18.729264362
4.45404686793
6.11144429394
0.370234595931
373.306939401
287.757493441
17.5334164257
3.06216211962
266.737173737
57.5958403331
10.6333023674
14.6134999668
35.7183558461
3.92962706638
654.81678218
32.3398071608
1.11619577624
141.239877241
1.20844854232
2.98382323358
21.0466382738
22.2238652726
91.9729704424
39.4165117151
25.7628824027
13.5355496649
6.76712704329
3.04909510545
137.754708141
9.94019320203
7.25694921361
10.6685231403
377.67807557
189.304178871
3.24787475166
101.995447409
1152.05708683
92.8381412674
166.111677251
6.80817475898
15.2079467288
1.09858475783
4.45648634725
68.1311982373
1.58964941944
0.0
7.77088936585
6.06840707543
1.99680736782
2.76838813704
978.712989147
11.814979836
185.154281989
3.34893492291
1.62762945829
6.55190429518
19.6026940253
203.259157191
276.559514808
635.420509817
1.91600498686
0.640133280533
0.370234595931
54.2106254231
282.203653451
44.0998039134
124.26126667
0.0
7.75847709276
5.41410332712
16.2820317831
39.1855600133
688.525856449
740.838173855
62.7250112101
6.76136709131
22.121864701
0.0
39.8531052049
59.0661259024
5.1128149898
2.45860333336
16.8143312293
154.856301333
8.87019079973
8.82122299205
6.64497106369
87.5596426556
242.981929738
0.0
814.627909984
17.6489769632
733.792922152
6.41501411325
48.6073486895
15.7611068834
4.5771040645
11.1444213187
51.1979859978
16.3875904554
20.946756131
1.31164231001
94.1540520343
16.2389680211
30.8962850813
96.320616828
66.7326990872
0.0
50.5794124058
0.893523136344
610.295327535
6.62821196708
10.0652373735
20.2433910406
72.3247226164
93.6246610035
164.22544023
249.736686219
825.911213515
11.3483579989
592.065443551
346.55019163
72.5400452187
31.1999787706
0.179404113208
41.3225729799
14.9029549333
3.11751049293
82.0097943114
6.61307581941
3.94071721749
6.09408733532
26.2564762862
223.495426975
222.999420156
381.052435429
628.471235825
0.278065252458
24.246135496
45.9816979011
46.4721280452
6.32244661641
152.606426424
259.069901572
661.947754404
168.270641739
629.067616475
3.09267330697
1246.23844966
884.794033402
101.79815673
0.80923849343
5.91815916414
139.912725909
18.4916780348
328.739664256
1.8075783464
5.43081060059
23.8989937951
1.79231327289
491.381546183
6.41368314343
21.1724180811
0.0
51.2539638326
36.0931774216
15.3637637314
40.5548157469
67.4547495782
31.4376497844
139.025218049
0.0
531.818473142
149.790028576
8.92411087685
51.3363904265
206.46553046
1.36097287964
454.981381142
281.001280856
74.6307485254
175.602428617
24.1784026571
154.861219475
163.848846558
1.62080650003
7.75156818394
39.3658185763
284.417870251
0.400771062866
8.37465418068
4.51458640268
16.7506380672
13.1343804487
0.645438200093
1.15436793988
1905.25680398
426.115182731
90.9052432022
13.0592533332
306.501359289
513.448911904
0.0
46.128305553
797.724710924
0.0
283.248843948
39.5966464083
153.40676145
346.711348944
6.72035350302
10.1235788489
22.2054276121
20.627212146
14.9674974894
77.5907710357
0.0
1.51926728075
0.0
0.555497251474
235.858464283
6.65548104848
0.591128817469
0.0
27.7427094776
0.754443742897
789.772338199
120.57625239
100.742160478
404.411459955
485.012764626
4.5364380704
16.2517999352
49.7749757684
60.1345988902
105.773345181
12.4048472025
673.255692885
0.0
0.504887535172
15.5569591187
1.03838396942
4.66958308278
0.0
604.366233689
31.0848467219
0.0
217.775238511
10.43819458
21.1190124433
0.0
3.68375535723
3.57110576317
31.2308211204
246.369020393
5.81461653828
207.250659819
66.4431809218
3.89627698234
10.0225831405
8.65652148175
8.11089716967
4.32396700445
4.70871839837
505.734377038
196.02760637
273.591090629
179.438798054
60.93145671
0.0
27.2909760484
189.46044585
420.072567145
8.18538091999
1.58706963844
11.5662932458
10.796368289
241.915144161
20.6247334833
9.38323731889
76.813397451
10.5986971523
174.120202239
39.7553490746
4.49539161868
6.88861690594
0.0
556.272654514
26.7667230921
437.16414204
65.30667806
15.2764834583
9.1855889338
299.026304191
135.405107822
2.87821273818
45.7804395922
398.745213055
0.0
10.9742670033
4.26381298327
296.111851913
341.502093626
23.8855994104
17.8223430491
460.932158547
7.96175523998
0.0
52.9636394272
490.94537739
0.538058134195
0.393576494806
25.5186323786
8.11727015143
56.9185776715
458.564913082
127.056533319
359.181704383
112.453486458
0.0
675.376080737
1.13722964959
63.5404419365
6.16118439276
9.66603870039
166.924521876
1.69311873453
1133.0379011
8.38749747057
537.279697604
231.650741628
144.060243983
31.6678102355
1.62762945829
203.579775559
165.534108399
592.096903987
135.562770234
43.4705989948
406.907833506
63.7117831281
18.5232711881
192.758489189
318.779784583
521.110151098
31.1487193691
0.419165748215
35.3182180366
7.01361557412
1.26195024241
1.23188650359
216.165513314
435.713210516
3.78743322885
21.4997418563
7.3385112459
5.40047384233
3.94601202522
59.1186480189
9.93445979362
292.844036629
15.1033764882
1176.0351817
57.8559343332
23.1116840721
42.9234098768
0.0
8.91967304681
2.10805520925
16.2040961064
271.039142452
8.30862265745
1528.89474282
149.289630693
891.695393743
3.94212655397
290.217144614
38.3183491264
598.614181579
66.7969976954
3.15772903845
40.8545873095
831.789599055
140.149317485
570.140047944
8.93597458307
609.431879514
130.506376736
1.03207165864
264.16401473
0.182014229695
361.093161573
0.866595329251
166.115624656
73.4029244498
40.5787024207
0.524630886037
2.99238669083
235.470425279
2.02140186982
3.73147056178
39.6838849699
846.070682675
169.300094434
103.949701662
142.831253256
250.186401074
532.618037141
120.451846528
499.858539681
2437.63619936
273.835170016
0.880487721655
285.955035473
1.48255754073
441.405379096
55.7386571337
1431.63250088
225.931956181
18.758837677
23.3409572099
115.653196028
30.2718087078
264.966824626
6.79983249804
80.8324687224
8.10866371893
5.88521481736
12.5391803551
48.4292616423
1.88943362183
8.28166325088
5.92514391173
10.2324478819
12.027873071
914.509696437
256.442310575
448.366901043
70.6304941083
6.24472960799
15.615720235
40.9975231027
2.43557995719
0.0
228.688332726
128.541674433
1.87780501568
1.36817123963
4.09570378576
1.95811697281
36.1643381713
84.9040671659
137.825125671
40.1976974603
2.82102401157
59.8647469729
17.0735227485
651.468967141
565.875438653
789.133619311
801.518491855
385.139819706
936.907025121
586.259848031
997.903810583
1061.27535333
3607.47587964
6.57481517724
25.6202979957
191.681466648
10.259797858
196.24454813
0.0
99.707699899
22.4300935466
53.0262316636
6.20980081429
89.0796708516
1092.393899
3307.9111988
20.0610469124
307.6430432
0.0
324.577658455
21.8800996594
0.289471398309
10.5542885167
21.1705221127
293.571710563
43.4819760691
49.2062598253
381.689431515
40.1298647672
285.265039489
486.297748358
37.7868737944
47.5053094773
0.818580561691
8.90835664346
198.201317701
53.2300141385
49.7930658348
70.1237207165
21.4879009017
325.087221449
657.669173092
170.402568454
45.8348463011
1054.61725459
78.5763421735
2.68328696373
40.9123157551
1.47082655229
99.7468402704
284.506491606
13.3022317945
130.826840898
214.058632341
18.5393350963
13.8482150766
17.2546092176
9.57021266588
4.67472115713
581.084448388
33.1768456068
6.59102065107
309.422498015
1.05756990557
192.367397678
796.625525776
182.987207812
284.998353839
225.391622884
246.760110641
292.979473235
863.357999875
122.447066338
0.0
47.4786433139
156.578720363
615.642556265
3.34054083885
6.80892682645
49.059252756
5.30661329505
573.142819485
464.321975605
67.4277547803
27.329034454
381.156704843
7.97117946686
24.6197613474
1.85074828274
59.5117618973
6.89293844989
3.20066134674
123.162257215
42.9562948166
2.75769740326
447.331224517
29.2940072485
135.497198799
31.2836390079
536.416954883
110.295876954
33.8857608287
830.710923229
0.0
10.7265713726
4.37015911442
214.298238507
445.172536839
0.0
392.364193655
50.2543865443
385.251005613
13.9315239278
289.622397024
4.36082463001
254.758029582
42.3803122586
121.887784734
706.011863553
596.023005816
113.906858725
17.0525912574
7.0032269313
275.954847512
3.24842711045
510.292468332
7.84103008457
99.0305788031
693.327580945
2.45974849827
19.8977130273
837.741308012
93.5471373839
6.180964399
25.931361946
845.255288604
346.775176088
0.0
330.248914504
35.4815595056
816.858222292
682.173001028
591.413804271
54.039738
479.066723351
0.0
24.3467229392
93.5988315942
22.5476397951
260.625805282
6.8494196554
35.8839320298
258.265763233
298.148042335
42.9761152702
360.483544536
1.64111611345
62.8234991844
126.797714674
231.636191967
70.4356138371
0.0
533.301440212
9.21277964852
734.841702348
12.2020834947
44.8313835415
131.277085359
98.7192367774
0.0
5.37224160898
1778.64696966
534.133559252
119.732767651
0.0
255.981581408
173.86012467
0.0
0.0
20.1470063273
19.1047469985
19.602659898
0.0
0.0
7.2769061769
105.121054951
472.72964997
5.69817753539
661.690685107
499.166224294
205.749209585
444.358801108
477.844354609
9.25104913857
4.52931175722
48.3258239267
3.42879311162
1.11168210748
0.0
4.36766781193
29.3808476568
0.0834264012237
4.6775903893
88.6175626831
64.3379456495
28.7444115145
8.30586844737
95.2030508986
46.6830911842
6.03618698856
54.9426929469
31.1805981817
14.4001441155
26.6132848979
291.192681022
8.75710513296
332.545677975
5.36722993253
19.7893900331
13.1207320042
165.485206318
12.4834540521
7.92720563993
600.864265045
1.64604563128
26.1529071167
28.5857176961
59.7480728699
0.0
3.8941497058
236.595414557
23.4957326937
654.591467822
0.95308435142
68.0768484075
614.054796494
1143.75524416
70.5104755171
9.50927118581
6.28066452894
1.80536638328
49.3843342326
2.15060453192
0.641250637904
121.228340383
11.2037031944
23.7740937173
52.4573210679
115.516720432
56.0246412141
22.7507738488
87.7396206153
36.0461953248
13.9359693417
147.894749051
30.6134634762
59.1652926332
225.835337631
18.4667409945
16.1413231208
2.52155327594
11.2690054018
16.050978963
4.89087545769
49.0096567508
146.660485004
9.385449282
102.859828247
29.4308974304
38.7676380203
480.772323877
3.35051489657
36.9200522129
501.701102437
253.411104564
100.701727056
0.0
7.62021043778
9.36726947309
15.1348874829
5.33247303995
77.5225907483
12.4860452089
108.249995605
10.8005255157
977.338441134
41.9245909758
362.751389433
0.494024900261
87.1064998897
362.028743608
303.957815307
0.0
6.55802195319
18.0209255146
7.64993037432
4.61115565682
21.3250334248
39.7039000762
2.8895973964
1.84277131171
1.58832224156
0.0
8.44281550841
17.2254833512
35.8190229198
76.1739821106
0.186702327542
0.888037467795
74.1480198047
25.0253936733
5.73740638543
75.7734651074
13.9342275787
70.5999892408
2.59610401713
603.578666115
232.752840248
100.696409496
538.040825268
5.07282269648
485.67901424
22.3231558734
0.25247347109
58.6885716045
419.45641028
107.882924748
93.4319143287
107.185461175
265.451789325
2.57045282876
40.1111920064
1.56420425962
1639.80188251
7.42426084039
891.707766833
439.655886901
44.1041861284
36.235975441
704.938200668
2.54835594913
126.57275676
399.60318552
1.46940457599
15.9463215076
3.50119761659
2.45742909694
449.096502543
92.9169301298
2.90147753434
0.0
1267.63656256
19.3404386214
107.416309231
1.57671006714
5.21044345827
197.989349699
77.5607755517
522.963982225
132.144750015
16.0319725118
30.5257686182
41.2003209377
4.86969875473
274.054781299
7.92771881538
46.2879726352
182.570932783
387.000866889
230.702880038
1.70973626551
90.9174481827
0.94908259413
9.99193417948
0.0
2.32543556937
98.2353944913
160.501126319
69.7308634258
0.0
47.6125441856
0.0
1.58300468221
7.72959517425
291.307859838
5.83836543837
142.244820119
25.9558818733
290.467985024
78.3803521288
0.591846757501
117.013440856
26.293555108
114.084892685
0.690988208745
572.56914116
348.29470122
55.6888816434
7.95649455966
265.093546097
22.0108051925
118.580775992
17.1830402027
0.0
0.0
1034.07860186
13.5757227072
37.3560099213
302.965098897
41.4716719343
4.82537480563
13.642679463
32.6270286766
2.1964465197
145.940784249
88.5630308404
0.0
89.076656262
1.53628802101
38.5733568753
242.047423348
85.8102768588
40.9283796633
43.3432960929
2.2052160055
472.530942371
64.9245279348
579.592431229
116.603332781
0.0
0.890196343806
72.1109193166
115.46906969
12.5825323044
1.58706963844
25.7143203324
5.21966292057
186.382596488
4.01052424576
159.565717448
46.7565713353
14.3332037914
8.31775869715
623.328941055
0.0
739.723444293
512.944090095
1300.15826134
25.079031883
2.01027759127
68.1888862356
23.052303606
47.1107774144
209.964886459
347.751981531
0.75981691732
452.409316741
1.71986832059
54.605453257
53.5963354556
98.6485196843
6.30332135125
142.052479182
1122.45802965
33.2243345591
67.9821384662
34.1368097956
5.07705196998
157.246603037
9.70378111118
670.829333654
51.0058485609
44.232156411
125.471443071
5.81236918374
24.6933754802
0.662513291442
571.077893764
4.85362220673
0.978382889673
5.91678016315
193.207296507
136.822480705
4.33656002652
1.80141897709
1.04549258691
111.358783379
167.758543204
38.572823476
0.926093345376
1.29565803247
21.8284989837
2.11911502487
64.3167095395
20.7466809063
55.0850157104
21.4435681047
4.52093789681
0.800892440562
1.16767258208
176.624129329
6.1247653679
212.551074561
70.1151269238
20.1317210301
10.6468155661
5.60067672883
3.91881246266
19.0972705631
290.723073668
2.95213022593
155.33914634
22.1035407985
23.0126386832
601.662809013
0.263782290565
74.3803075323
28.214416302
0.0
476.917804967
109.253262448
491.707551627
0.667107854848
54.124127553
5.73740638543
142.396929872
755.527583339
12.5952378206
39.6620737495
74.6059505227
18.0966302685
12.2055000298
35.6803126083
173.527238123
20.3289118548
542.438669312
2.11929956579
3.45730847625
9.31711352522
26.8996089887
4.41585195267
2.20100189976
1.31246389631
51.0545888524
1.06095484114
40.5291696144
0.0
0.0702355171247
1.94313882251
360.76452958
72.1574527009
29.2136952913
257.019586184
1098.3012069
251.711592624
185.821786733
7.20528154694
25.7086248433
17.5437658851
392.042758757
124.424321216
280.60683348
365.038036018
772.607992245
0.78942941566
1.08208477689
580.94788052
614.891074024
43.4589956682
10.5268247825
39.7191234385
3.86618922792
17.2795930252
12.0864509104
0.282495498602
5.12351077949
60.1394866968
184.157316081
166.244159937
315.775665639
56.0766754347
14.2270409373
582.080778515
2.70034183141
8.1405652831
0.699608545036
0.281783878466
105.171853
7.09888738457
652.361525862
717.75184899
2220.77023697
34.0939293104
537.207626789
76.9064275641
51.8853288913
41.2946630611
365.461875959
140.122896533
113.926849816
63.8440686348
16.9656118113
14.0380773514
5.797837218
0.662513291442
10.9492553883
0.0
3375.06451468
27.9712419239
58.331382535
0.677759405278
390.323944595
51.0489439224
2.96981708307
88.3917831835
306.836059645
19.3323213487
600.272353825
425.062471559
346.535989563
14.2641374549
0.151599104737
47.1473607566
2.98354136628
2.96744965054
6.59102065107
1239.42431019
30.2124269777
229.326587734
0.0
10.0655091289
232.071247194
189.365486905
2.77178697637
17.5846214761
171.319663534
3.60514471572
158.535220707
11.0201431185
183.845093063
0.0
20.9095205757
211.463528132
10.213307449
244.812704626
8.44655435803
1334.86670813
179.185467605
695.266168179
23.3121852577
0.0
2.0825455865
16.9384830317
114.793585447
200.655646258
3.66207179871
23.4515376705
24.4985217526
0.0
139.183411332
263.892145502
48.5942184765
311.514691553
3.92127090168
200.251253896
1531.96599168
0.0
83.091348217
13.3686222877
69.791566014
23.6207111383
1.788947297
683.011838116
294.106516479
44.7061017421
232.885249625
10.2587588673
295.40764122
11.266473652
97.992600571
13.3921259759
6.30047739865
2993.25098571
1.90919087645
13.3543683973
0.0
12.4024292109
9.1302835358
244.835418327
19.983566268
0.0
37.3769717477
1.23155028519
4.98682157018
0.0
0.0
1.14252824926
100.709701499
1.51521875625
84.0516321926
39.119594217
5.80777082841
65.747636069
0.260708293811
5.68366326537
5.71522355525
323.584192506
1.654459939
182.68499045
46.4418254144
43.0576469669
8.08174349569
6.45955546669
948.160898168
322.371935595
192.368977651
0.0
168.376736338
1854.89494004
8.62650451014
305.861539474
101.965944876
447.683551058
27.5250788497
582.524820633
1.62299950347
6.22996507011
415.106960197
8.34029417745
3.0250984655
19.565410439
61.5449604825
189.428439375
0.0
7.7338269757
4.33621496029
3.38237854139
573.530518478
120.03982226
44.0339986425
0.665670710805
21.2104777505
30.2328743649
5.39134665049
69.9514214289
1269.68872083
75.6265010134
48.2159841578
47.910465283
39.6997011382
187.591798361
3.59731689421
2.54402302936
0.80923849343
130.701925652
5.81461653828
8.44281550841
49.5267492665
2.23036286629
18.5761307869
352.80930911
131.914641387
80.7306021325
493.457171484
73.5140016543
699.329031264
69.1565922952
108.678772649
167.03545625
293.744945195
9.87471530161
23.0439095219
264.066885533
0.0
258.98938485
27.2958941904
4.7323396366
0.662513291442
148.738557368
22.8846317452
5.78542241697
12.150002507
19.394931281
827.523164579
205.682127695
1.9946080445
2.3721383268
219.109696904
352.826063151
216.619377812
11.552122778
31.6640347304
194.742634016
426.186272698
272.473155618
11.5381937303
0.801841688739
318.453635044
2.94328110945
0.149521123379
821.103415601
524.783823696
318.31516236
534.00521104
68.5168141928
2.8505947986
26.7628414128
2.2696169959
29.0381046025
17.9054610394
314.865983796
78.2750437243
1.60838285113
27.1292891278
12.9142243909
274.692387886
28.9010589512
57.5082744009
67.2105602251
4.93068952998
34.9529003187
13.6109055606
330.809956831
10.0821848029
46.2653031731
29.4004734576
873.539565021
241.695328115
40.0565577812
43.2686669851
396.539108472
550.059456125
2.26989759922
7.11914391091
92.8069020281
3.18956361175
218.348447899
22.1579133801
12.8276759617
1.14637200918
815.999674716
7.94409619035
7.04824859677
1.99988894845
209.311166669
6.66370575938
16.3133139976
5.64610918742
69.887833177
456.041460047
5.30661329505
100.400543629
23.3131420896
20.4067198697
58.1263512492
14.5916116436
37.6662535493
0.949150848994
1.89449838539
272.999918837
19.0831367507
299.321071661
1733.40450983
444.404674695
19.1125672361
286.558016622
5.30975175473
548.92900393
12.6237696169
2.20139499721
380.57330905
335.645124945
235.654038443
6.31439886256
100.000891187
478.967436543
501.405403414
542.318076874
601.034366273
215.09443653
534.704747539
107.547907133
399.47779881
246.256514892
1.7379533311
4.55811278105
2.58150632448
0.0
222.480659189
4.45486592627
76.5244404922
103.592151095
979.831802624
1.74071512506
100.844890365
10.1770565334
155.58374775
225.649162383
180.058226096
3.4683493322
1.04374703201
5.59862149908
270.466491742
396.744491144
0.0
21.1947538526
99.6022297053
0.845519744594
111.758222208
13.8253105144
19.1416880467
8.50057681745
8.49333421819
39.0418076898
13.7896663087
103.780563586
7.3535500672
12.2468409886
22.9468953473
2.92266940506
1421.85850194
1018.6635901
5.27046223371
18.6722702882
13.6035062281
165.668748699
132.354733571
140.706164666
74.3795440891
107.78959128
0.791336759861
261.368497812
712.657776282
0.0
0.0
331.522188733
8.805030158
19.2948570132
80.2723617396
86.4826074745
141.2258041
29.9670292606
510.263128854
23.098017932
16.2452386206
28.8665965657
0.598234907007
5.69188418431
0.551115036529
108.015325277
3.48579982529
526.38443434
33.730980289
0.555140809413
61.1628874601
69.4352882732
134.436334964
1.05112740497
516.144459463
5.01239186392
96.6038353225
742.299476326
79.4645325827
110.00619068
28.1298611676
11.8629048611
12.5506496999
423.466398599
1.61891937948
63.427992051
5.08190312111
59.3857368783
538.353313723
49.7633496902
5.92005134061
96.7665460661
224.823659008
3.26509520058
57.0408170737
5.07983019571
10.2830866698
4.99016100253
15.6319952277
4.73038426118
138.917979548
1.29516508069
5.80160893113
0.354265486146
2.90185925598
113.097861652
21.6732924831
0.0
133.116730851
56.6280255713
4.1971482066
2.05158695061
28.4363545701
16.9412928569
13.9873096379
38.789853714
161.083341556
138.750183817
111.639155393
46.369858246
3.85158521539
240.906773372
183.541896117
59.6591279367
0.0
81.4325604144
0.179477423986
40.8978141247
8.89533386857
550.259167323
346.802814251
31.2214386048
54.9170948456
0.0
28.9358322754
295.744242601
22.1772648975
22.4994341667
195.71422302
175.014908459
111.02811638
5.18895834444
127.296833409
36.0741874021
558.796324955
45.095405988
26.9379492616
158.330868178
0.0
35.4006635903
121.257708933
202.658045469
227.606953248
199.831596459
82.4779721067
1.8203255739
32.3122258766
687.135065042
386.654949984
24.9103880224
37.9312555794
280.890469087
1282.2558111
28.0960332995
5.70170656457
20.3599261058
168.316821209
16.76246891
0.642453945845
117.399820255
16.8883270838
4.66343129733
20.627212146
270.246001994
117.441298988
0.0
197.366809742
2.87238453135
0.0
76.0979082747
56.8589848569
470.197323802
665.34275504
22.2624317977
1.03838396942
0.0
824.573568631
1.39641105686
5.15859377866
127.796351561
1.42083239373
122.627303413
507.755409826
613.128815642
567.80595159
47.3183594099
1.29707874479
14.7260863618
212.50567623
723.722220597
17.9131182238
670.588007214
4.42549737586
152.398013994
130.728244221
0.0
25.0973001704
20.6519482137
147.073075533
0.549344202048
2.72687906902
273.253303637
48.9728029171
3.00407091204
8.2269557149
145.738986221
102.431827286
34.6146165822
71.8067920827
6.14106943209
0.0
698.168438229
3.56858159725
2.77540574805
19.9164869062
596.228380905
6.49552577905
331.156847001
0.0
137.215714662
2.36393131162
1.14822879422
596.070120631
3.19872745898
143.570654384
69.2924422226
34.7337377483
9.68363455105
47.5843574555
0.652203015319
0.0
368.075558132
29.3922158833
1.77361776055
14.0694442525
1192.08671049
1.05229658548
42.6391650313
1.44883837486
12.2946927029
13.9208711134
27.0209117825
20.2767954757
331.131015063
3.45106062841
23.0989570682
862.335724054
170.92184007
5.43903151954
1.94235262763
0.0
103.633110332
0.0
4.25715939818
0.0
13.6777144309
21.4706501173
61.0814872169
472.352995625
30.059570214
4.11031411819
8.82218740797
759.224843047
2.35110571742
562.501291143
5.00724494173
5.7228011089
233.43171069
23.5477896659
135.610979654
209.831776838
7.09393637913
26.4718178483
24.9058781456
294.624503891
851.037212327
100.22198259
228.952058138
432.337594262
0.0
0.0
103.075638745
694.496784206
332.44465446
1.90881800267
362.932429135
0.818580561691
6.04367985565
51.531192331
1.21904953359
1042.75841215
223.555759218
3.4134446155
303.231314346
374.542335974
383.015144438
64.6829701857
209.203685484
85.1036734543
930.92462802
0.0
374.987417082
34.4799118198
626.569487258
130.428461283
83.9361361179
115.349243223
209.468898599
7.11340797453
16.5169624907
64.5735538498
52.7137255134
95.0812652649
3.97149004849
24.5852648344
88.2841376818
0.649642194012
6.21168540684
403.403449399
121.823901974
1.93517701925
212.772313849
27.5887530522
110.094024576
13.891919676
4.48281502834
50.8672532714
3.75644046551
124.734202082
15.3273838898
169.869385486
33.7538165963
0.0
5.70567798634
6.89015769627
84.1751962447
17.2189270925
0.634215331187
3.61397234456
20.9669911696
231.666059789
43.2569284127
252.118590048
21.3950174101
3.25806115785
26.7048867149
192.348022145
55.885242034
18.1525221528
19.8081714959
389.004573054
23.0630550108
294.253012901
318.33590299
65.2573297948
11.4322824079
445.864595637
606.910244079
50.6342602435
273.623606487
1.71781688279
729.485385609
18.2147844908
481.231605789
555.167273342
152.334582476
12.9805226136
3.25806115785
19.9121173311
4.10259247092
281.347825959
113.477002243
1.94445715254
0.0
4.33022875605
13.2197736012
10.8565640215
208.393682283
647.150203938
502.315997849
262.961812772
435.044515105
414.009866934
0.470757576145
43.6564506644
68.1788628827
427.108984899
64.893985148
244.19841213
1092.26619542
6.39534660109
51.9510734913
12.0917356063
112.242058175
52.3909280466
7.93626457692
77.9527151937
544.508977055
4.04380101901
282.069063711
16.837328062
4.07974099588
214.170125394
0.0
442.643181021
116.679730195
415.465605371
977.615734095
2.246516517
0.0
5.289879478
0.0
3.94713949443
76.5920317654
327.276446857
151.975596029
20.7932016508
13.6690410075
0.0
0.0
1463.21745223
0.282327389405
334.711284674
997.818082475
19.6221795245
27.7987277598
8.64326866268
133.321982069
0.0
20.5432763612
8.33438633996
30.6545288876
0.0
730.322532758
78.2076837593
349.7060247
6.5971092376
14.6198641007
21.9711048783
625.640979712
7.68012683095
0.892217446114
12.7294812307
244.80970394
84.3781040461
16.7806676786
325.782556482
147.88185773
13.1605561883
255.540383244
536.355104602
2148.97363002
5.28782804021
5224.45235035
416.291312245
7.03623574103
7.26480357865
1.34735603463
0.0
279.640546869
98.0219084504
75.3910849381
0.0
60.2168396793
370.16307242
25.7707190722
77.503229119
94.051667213
206.482298404
4.64713102506
231.667163242
15.6754053201
0.0
22.2876544972
6.29190635753
43.3746832177
60.3712738886
2.94207021764
60.75523024
38.4366967374
55.6797140042
237.197762452
17.5318149644
34.0572170424
0.629115176209
109.977571669
34.3613076211
56.4052960523
741.736699819
11.5959284958
20.7235677876
21.6635244539
25.4088545447
58.0778346819
0.0
0.0
3.90573786462
96.0644449547
1.1763093501
160.518580604
1.93552461345
1825.49574572
570.901925146
74.3647277282
0.0
1.63788917525
70.5816046674
67.2155478858
67.0557784213
15.2768828757
3.8620332652
3.18318683805
10.6830437302
135.254436478
24.4685679799
12.9650957508
286.811098067
49.0809603301
224.408999345
71.5907249966
27.7321830611
37.2337313357
1.0972007009
16.8073818732
446.648574776
0.800892440562
12.901735015
25.2670664443
104.781613409
33.7581141247
43.7693265108
5.21245444874
772.91237354
213.178109227
231.481511281
116.261618606
125.373680621
67.2839316738
129.232000317
28.4030765328
29.5534212278
5.14474941744
203.507089186
25.9268369015
19.7034773853
110.535301107
122.398027747
1.74193486473
435.678853041
8.30296129583
39.2226350433
509.302775359
6.99396828565
1.14257880841
45.3570711139
6.13127991528
13.9296747266
268.115550342
536.890944453
7.43297850305
577.902366268
372.95521072
547.504572988
1268.63597174
291.578661004
0.511168246468
17.0675213765
565.059140837
59.808956207
0.0
1774.67268748
0.589926773509
1345.62439866
74.269955852
1.3727860267
10.40604022
0.593519001623
10.2324415621
2.49008778449
242.088268827
646.725819221
765.389456616
3.71760597692
15.8202522493
275.394035229
148.715084015
701.378791766
82.7270517943
155.299406843
134.568246333
0.0
264.429221525
5.79248173928
235.042442014
424.840801256
45.1491693318
6.00442446204
0.0
175.715559787
4.26403923548
8.53116889946
0.0
2.22579358246
23.612448508
4.21448367764
5.83846276475
191.663183193
48.9910926922
1.30343276687
5.12965245312
57.481753595
331.11163321
98.3530835693
9.65105423019
0.644614085833
50.924736505
317.461108229
3.03046405605
12.04424539
23.5183566525
8.86221635665
5.95692918983
3.78247084757
66.0510984501
48.7293580475
127.142736682
1.96742744161
135.376897077
26.5056254927
0.0
4.84406147011
7.92154175037
0.0
462.276819778
222.053561972
145.877911409
258.739300299
1086.83346862
5.71522355525
640.747610945
1.31042004238
160.371967896
491.639682279
289.064368024
96.1550254766
1.29923888478
213.703944685
89.1118353235
0.0
208.628702733
106.458688459
7.76342304232
5.57603925153
26.9701238451
13.0485284719
8.35696100363
124.190195663
2.45477094925
6.06333725593
109.255321469
408.825916474
32.9446741653
10.8436562687
113.469150406
192.127306144
60.4153045946
303.754247708
1756.01607915
27.1308728934
6.15402521611
57.0520702781
71.9855781102
543.314103646
848.839927789
811.649775919
666.001577512
26.2442245385
7.79934405951
93.1204812965
231.909134313
243.466141106
111.473264479
698.387174838
1.62403723016
0.890963579013
0.201856170916
37.1615088437
36.3340766377
0.0
17.1240793777
25.6364010873
529.846476418
199.180709247
70.4455588233
131.403270903
347.441084426
172.323241315
0.0
579.32674033
21.2601015633
164.293176861
0.527167691746
1621.85230987
439.410505616
2.14788318529
702.317030684
680.011599587
15.4811014232
3.50562786274
1.88188513966
14.3265881257
5.51359237256
34.1295052613
188.683268183
4.72953233939
2.25289961059
9.62798029483
8.57300407406
337.687302837
8.32547655249
71.6401667963
201.609047868
23.4883181934
5.90071119903
7.94171232611
31.8467504684
86.0495442781
30.0071707035
16.0062050374
119.024221511
0.90380307697
322.917602882
9.73166827827
23.3459132713
30.1894402569
13.8428532779
11.9121621199
0.658936231071
5.88798798713
12.0494491913
37.4058852657
12.1485173317
134.262841217
5.08190312111
25.812956192
11.8168644286
332.357608023
370.240920881
829.019538674
32.4133454549
517.653575729
212.55619494
142.894316956
122.275180371
312.662236534
11.3544390016
447.617329939
222.76807662
0.0
27.5861897029
3.82698439349
0.0
10.3005042994
123.269364262
223.045694424
248.013401363
0.0
114.094632907
125.795912782
122.468158354
26.1520690987
722.367294593
4.11121786313
686.898872884
13.9269002929
6.41156724269
151.295991214
121.954118348
386.444572067
600.142718882
1888.45546393
2351.84434373
64.5691880666
2.54079229922
31.3681309434
554.143789156
250.888119199
0.260708293811
52.5434662877
4.20323552912
241.460153459
2.20530827596
499.429782861
553.090938947
58.5179053776
0.0
0.894467328605
25.2367423259
13.5666675622
77.6815980336
14.5329920928
373.247505848
176.173480393
12.9944996926
65.0703911032
0.952387899028
12.7831624157
30.6490672347
195.477975246
13.8960023279
0.236956865763
520.116688939
114.335139025
78.8639289792
194.149173157
3.96697511575
850.269953102
73.8097891552
20.0649854707
0.0
13.0757482582
97.9851848065
742.483658279
8.71690807505
123.13075254
14.4068166603
3.58878503645
222.806679801
7.33363607915
4.40059825495
271.252406033
24.6691450042
241.935059413
429.970304558
13.8679318839
6.20980081429
3.19322915064
0.0
238.800944029
68.9987415508
9.48041833881
8.88543185765
33.0678211043
472.209776701
143.341783193
2.32266366358
4.94362256237
365.024337013
767.355751531
20.5043508661
6.39147629763
99.5626140777
964.169538893
52.0777722112
1.18722128019
8.89093774985
12.2871353729
5.75464579404
2050.41005856
47.4816250402
14.7410885277
192.356076218
755.44329996
38.2753548831
38.4763313247
4.56879593098
28.5170912242
145.698921881
0.598208363449
157.398853092
0.320173446485
669.171799718
8.23566579371
57.8104083402
3.5968201505
360.247083149
902.146574443
578.029445445
0.781406941399
0.521402683854
5.10723831478
5.37702324128
2.26929341729
39.7322473317
487.784675472
1111.81472289
3.7071452873
712.662440363
100.842703682
85.8985266034
186.025507273
577.274723628
579.674969053
0.0
76.1496024848
49.5294718771
15.0810659962
0.0
80.3218389308
27.1473248432
2.78908831995
284.806954565
13.3196304644
220.651603312
58.2642488222
81.2991310066
7.89123911954
43.0135783416
113.698223835
3.24410809445
576.394482381
788.893161224
2.04574104807
8.737067275
77.1559521724
529.125833999
182.214661362
575.691821327
188.531374571
346.965365733
99.16465284
220.295143558
171.639843299
562.530438497
249.591013911
42.8637222638
294.322678364
33.55444288
100.603048221
61.8896879837
83.8885169759
703.139856951
107.443555561
122.895160772
70.3233838841
288.005627673
329.80345673
179.331072922
96.6914126306
5.35303039325
0.0
292.466740184
260.377016309
1.40730023532
163.454215904
55.3647569987
2.93118609508
1.28218275312
85.582313203
51.2412456766
666.494078054
103.176961824
66.6136145765
28.1630039591
64.1201823037
435.593318323
17.0674177302
71.6729531458
12.9608437256
377.566011199
5.89231205903
617.85950073
82.9452524767
97.0174585232
11.1399556812
29.4183397996
39.4271051227
14.4297186945
72.1895830453
93.7624170111
3.58050597446
6.77386025901
139.717946757
4.92167230427
64.2620664664
211.325596431
1.36129645824
296.015692188
384.005431482
41.8892197895
696.847450059
51.4796599101
56.5887082427
46.6656621787
162.922688749
5.75784745266
376.96130472
455.102276935
6.66534640402
0.260487097498
32.1504378377
29.5438314197
0.0
21.4990138045
20.5686760178
414.267382417
54.2762031778
223.436890847
557.902781594
419.48233828
3.86030919796
433.984116414
3.25842897572
1.00378886614
281.878666774
2.14716018934
0.348811417071
0.0
713.795393972
35.1034161935
2.76431938887
11.9582973508
4.85989407018
48.8309617299
0.0
44.4515995848
7.50604027707
379.06816547
2.48007327945
8.19210528788
0.0
1.40869819602
5.0256383631
52.2922719632
0.623426007054
220.302898069
218.898582087
144.974790882
21.5289915927
32.4287634698
205.069822174
72.4749578879
845.459955864
43.7367259662
7.04885025074
23.5717420666
19.9045600011
418.691047024
26.2214261505
2.15465558439
1.50263458204
0.667107854848
88.1092838927
27.1775933465
67.2614240012
76.2739792755
78.9171159487
31.2179639267
23.2275580764
52.7078341074
163.356789672
35.9550965714
58.8815470595
205.832079836
112.010605937
91.945279192
80.1924024327
12.5893843342
636.222575229
1.59561034406
1.11168210748
59.7042861118
0.0
349.539791247
92.3244185195
179.778473432
46.9115161922
647.116827311
603.76489445
21.4611348839
23.2961617967
633.945220155
3.63475847803
121.779820709
288.125176064
1.3629118233
50.8348625474
32.8490250878
0.0
9.61119465467
62.0412832965
0.95308435142
0.0
1.4903752504
32.5177867698
74.5961294066
542.430980529
38.3978483451
1.99671004144
1204.82635664
0.0
16.0029679874
18.0444456344
3.8984510261
6.37556912279
734.53726923
5.02364633232
169.940989893
35.8043354847
279.47068706
634.812225013
69.8201976646
55.3608083286
48.8315279923
2.0786474755
444.461951901
205.167100521
459.116399729
10.374249886
0.0
39.0448437672
1.48231106484
0.0
256.238247497
88.2670524786
5.97043986061
8.078486222
47.6496432312
5.14685394235
1.31266360498
739.612540254
42.1879877528
215.541904029
119.393615561
185.846173942
273.174406071
59.2053291658
2.10601767521
13.444491359
33.4418615408
0.28770056383
155.215589872
1.60350389247
13.8047797046
3081.69581051
1.6182166072
12.0449570102
68.6956394038
0.78942941566
1.57671006714
28.9082813267
0.71500128043
24.2888895833
226.823647811
211.360100528
226.453682443
142.99102272
59.9337134551
6.26581909642
151.999284258
4.19255743515
655.83587151
224.46134324
5.30661329505
0.881122239077
132.341288627
84.844011735
171.891319491
177.416728803
79.8202162533
7.77383443675
27.8334517888
468.215090112
147.193613619
2.02121353696
860.516843208
1011.78627822
749.177096615
0.0
1.78790704234
5.42946319905
0.941172613996
79.4558389357
221.812263339
5.00469549623
83.3360102985
1414.05628107
345.430651366
47.9903904627
196.976644726
1.93910672974
56.4567640103
38.2025787684
0.845416098323
10.1371817901
40.4051656976
115.252700513
57.7539072181
19.4703845031
215.166056104
266.323870322
101.154639778
12.318923179
99.7375057862
27.5088898075
0.0
264.145585917
438.949698082
6.96843843927
16.1376778056
23.4339165403
1.02529167567
1198.63474827
279.516478489
76.9623485199
5.94461171517
147.069963618
1.29804948061
7.95680802645
33.5211408271
3.91166592579
150.230015849
10.6408091383
546.884804936
11.271993448
0.0
140.683787183
98.5225806156
91.1964310836
2.20078702335
100.678564642
102.778588529
16.6390881347
0.0
11.1653073065
8.07971101758
29.683695744
533.318529208
1.01705306102
126.179958876
14.4483055047
6.46120748717
334.06425386
0.0
261.007937712
143.953394788
0.0
78.8020154994
2.77109305194
5.51457195623
27.0504117867
938.641229491
121.28442692
44.5715941605
492.858036625
113.139356816
29.0817232513
288.254851454
27.3681874652
21.7451648529
2036.68679413
494.201533731
23.7811214401
2.78908326403
456.807648681
376.471080604
30.4038717542
5.43566554366
17.8490547157
4.20767841507
546.572471951
31.7618768113
601.277347263
80.6720495726
20.2011273771
12.1684287918
384.224530852
573.161351944
0.0
3.928210146
3366.97730447
370.272282726
162.055618164
3.5198943929
37.5879487906
2.19243212262
555.994338994
135.135511228
14.1013445528
63.765292412
8.56418655702
93.3142328345
210.399431038
13.9775605684
1.88073871077
111.059593247
0.0
1224.52612551
20.4431464785
556.445163622
1.05243435918
13.6072513977
373.853933865
119.123087415
597.325479223
2.68709280428
349.049010981
35.1317255296
10.4472269734
104.506749816
65.1469578908
313.882082374
353.763352822
8.58771552479
40.6939545474
6.73696092213
42.8189192668
0.0
5.44483697476
108.72548931
4.60525540318
220.78220899
79.0156608016
4.70946667389
63.7920230384
0.0
2.38662478929
76.1180270273
0.0
55.3889900029
25.72789041
67.633814945
1.43896417146
1592.35735777
702.849321283
12.8138872155
4.72044180293
163.255547488
50.9005502683
598.785144841
17.9357737821
89.4002032681
4.76612705733
0.383227035338
3.87735268982
20.0243738277
297.081537363
42.500855401
11.3596390109
61.0842047716
31.6546901342
34.9834064502
142.597305923
2.91939443566
6.12622399957
24.6457032509
2.02233468627
6.51421244351
664.647529974
1.21884982492
835.182282816
355.368339362
397.792568568
38.9775533209
414.479114055
9.04877206266
1.53149248495
6.03066592859
444.396552367
245.58259419
71.4543024868
0.0
546.218456732
2.59038198453
32.4115581886
59.9920738901
13.1656234798
82.711049821
29.0194672332
283.390944251
0.540175298901
333.702711647
52.4667275991
101.517593855
3.75529909254
116.816620377
10.6935322273
23.6716785605
293.632547132
44.1049723233
74.1070074804
7.33149363488
3.01038322281
73.8849946376
0.0
0.0
238.61098822
11.3621770806
15.0332496733
32.646863034
687.586783304
54.9733810913
23.7811214401
276.901360438
810.472254413
12.5239329773
330.756014002
1.10935638625
2.47617769639
6.37304748487
4.12021992106
17.943341224
105.827568613
7.25186928227
104.193902391
1.43967199966
249.472230228
0.0
249.022198114
603.664083283
5002.32556228
19.931563647
540.07779051
23.5323602751
32.1783553403
6.34511607848
0.0
56.2418863285
532.868809297
615.396364769
341.423730724
1112.60943953
10.2072100147
35.679489758
94.0782853452
75.3873422963
30.0577412365
146.014404702
1.8203255739
9.78229948223
7.80482214416
113.03507729
29.423603008
22.698872346
76.8756142859
5.36499016187
28.0869566668
0.0
29.4162554985
10.0504753636
153.148517915
187.178917116
0.920067957825
5.64316285253
5.63840144391
28.1730058243
66.4323359825
121.708290878
38.0440808667
97.7021571728
1.52236908504
42.8315135527
56.5056597711
917.43860105
6.25572116877
776.046917411
0.341693951724
1.4131562497
55.4828695099
92.8766205779
0.958559908136
0.0
437.362618331
87.3979544711
56.8042267619
16.7217106454
5.09493474388
18.1158970993
200.890478376
62.7125774495
267.453686736
139.197031968
265.505778921
49.0309889232
5.22871806562
68.8577914685
213.587908893
17.2151705471
62.9746154492
286.268282316
3.58878503645
44.5024140657
1.02421729358
8.36192464888
30.4609682104
12.2238479479
199.206451442
0.0
8.24726406435
3.61297253723
2.56697941466
4.2362291711
2.72320721023
0.975020705722
112.470531214
5.54012076233
2.43106249649
46.4912457265
122.679130341
1246.85946905
0.0
97.7852688433
35.5971086673
1.87072294175
46.6461551921
2.25402202388
904.590940317
38.5757761309
333.688015363
43.8062182638
131.439802422
323.931340527
162.992914154
92.5113736428
165.846978575
124.646260748
1.25377229874
0.809129791243
116.719649178
352.540651654
165.680732483
78.4312348646
0.658867976209
38.7439333595
572.876959213
795.852611509
1084.66166464
0.865972187637
134.632299729
41.0457906661
45.5285614551
60.2523322075
27.4883198146
2.78346234974
51.2928552004
420.731562783
10.4883871833
1.34705647162
123.681771515
148.866795614
211.142576074
0.0
13.8074138367
20.178457915
9.51554684118
28.3736232959
0.95308435142
24.3540691847
0.0
389.504282067
315.804181003
25.4485068276
23.4362384696
95.8623410437
3.56881037744
1.96899098355
1089.51551562
30.441978191
5.45595998933
5.53326241265
40.953353359
28.6418333046
134.300904679
15.0271800463
2.34471377598
2318.7410933
3.07777352337
21.0719658836
20.8979741282
236.86899142
18.1507841818
28.4504239195
5.12526139032
0.0
322.609748175
3.51285150231
36.7513830728
327.982344961
19.6116821795
1.967464097
308.412533347
53.4383684251
1.53526167012
258.772799533
2.40203648437
3.31517657369
517.973720104
0.0
51.6970794536
18.5486657889
35.7314013726
49.1488258867
42.4606254797
48.0496698104
111.253837737
5.0925698393
1526.23516557
451.623432786
14.1462448763
0.0
1.82542193694
1.27256513746
337.525222819
113.469058136
0.0
111.119977312
562.185250907
6.33024031049
24.5631136037
52.4565197052
258.531192489
3.58785980387
3.31029003116
6.99792833166
289.99743474
0.0
2.77497220327
105.482559244
85.4263862345
12.0120126634
18.7889759906
44.9732436886
136.816821872
253.90026441
11.4625622871
105.400887246
0.0
233.355315804
9.622752478
503.780084866
4.08487907022
16.8559275119
0.0627830973621
55.8211595662
0.0
45.5645911745
292.734310618
56.0663171273
2.42519384232
0.0
9.2832034985
37.0090755128
53.8031021847
60.0269609726
38.7350046125
16.3885106321
60.6397215255
219.890390962
311.995080647
0.391320292417
0.526734146976
169.131257184
664.315997148
163.704090635
134.711264285
400.20683784
0.754490510118
24.9422314436
243.103571278
138.148642341
0.0
6.79341527704
128.474710093
6.21430563518
21.2978856854
0.0
101.074791701
0.0
24.0761037865
0.812839569398
27.2577460423
88.8747811314
26.1432907652
0.0
549.867763608
1.83091266141
72.8341731155
124.547281086
527.485311956
305.407921452
63.8066510666
694.785423906
968.253018738
8.82514638265
0.342203335231
1.69546973534
257.558654238
28.6153087068
0.0
16.5100712776
381.151487138
8.32236210843
4.77214486101
1.84760855908
360.79198573
11.8292008629
260.099529959
104.427163382
224.831241618
11.9129609547
234.016678875
396.40336219
18.7770806849
1313.62982839
5.97043986061
3.17424418714
23.6537603952
29.923401764
84.9496247583
22.801382301
530.677720784
666.145466346
9.19575890826
161.093382604
0.590802710908
32.5513188668
0.967803386044
3.4478400101
44.6223846257
3.34685062167
174.223316376
7.3315757935
1.48388851055
1.11579762288
443.181973527
8.94485024311
0.0
3.32807674264
661.773961094
48.1960714338
60.5416582482
125.150059997
623.81922205
5.04867058714
125.896634207
118.686726497
11.3988451093
73.0422392149
8.50587541711
6.63633176771
1274.01868542
19.927603601
16.1188217681
4.07802451248
0.0
122.404693972
15.9740089661
3.22033770672
38.3809653785
15.5213730559
13.9183836028
36.5140482773
6.892632567
18.6450252224
154.596020264
338.604409292
2.63037933373
277.831334198
3.79779785606
551.763431174
64.0493855801
0.504887535172
0.0
11.3685551183
42.505236352
19.1357018425
14.0348099659
517.635249299
20.5469254684
478.360064332
719.462323421
25.4415056483
16.771588518
214.169885238
48.271405842
660.214458837
71.0764764335
3.00347052205
36.384077116
378.849401051
195.802088515
77.318412648
8.42420468263
41.0653659077
266.428122041
118.93204964
2.13419555747
6.78207359408
2.10444022951
23.5729466385
6.48818206149
4.91258176784
41.178601988
43.1701360356
1363.89719852
0.973682152038
340.035570922
327.188420837
4.76559239425
2.70603100057
10.2757770796
339.842159394
8.28493948428
166.577662042
306.998880354
0.0
123.641905619
20.048589136
312.789054068
0.697481268499
10.9687345675
43.8076010567
20.1374733982
45.4783347244
219.499521909
75.0276834121
98.7326197862
0.405040783689
1.1161856644
16.8672401233
134.455696594
2.56689346409
160.43252639
3.62827805808
14.7079280405
119.312230486
0.484122889333
32.1903189009
34.9978259218
210.941273526
1.63466350102
294.803305087
272.428717911
7.5788366155
6.8855125737
23.4754951272
21.2130297239
22.6040031434
743.837015686
48.5870251724
1514.76668407
6.59102065107
7.27401166514
0.698189096699
20.0518577855
101.755388739
1442.84960856
18.7758369297
239.211840828
69.9684699767
1014.4078274
581.458775748
0.880583784052
0.0
36.6084548635
28.7065780973
0.0
0.0
8.0973928188
109.664987152
30.7618697701
1.12070691703
4.03662541064
658.115885997
19.884528463
1.12664256208
84.1140044967
60.5505756195
0.565902326012
76.4827810106
86.4356228498
366.94667959
7.75320882859
2.46977690709
0.51333597033
46.4394162705
100.071746054
291.554926008
61.0742079622
38.8354479619
44.5397241957
324.433274142
7.56305836654
97.2944228502
304.656005668
1.76362474315
125.063980504
528.610538861
172.911267065
267.114041694
2.52281472692
24.8678690353
206.269511344
145.62882793
52.6831296394
7.48162146815
10.6352729106
16.0121002351
50.4436319974
499.949532261
36.5914050517
33.4199883855
221.700513698
154.81525741
23.1985826234
522.757675585
242.459532302
6.0569693301
0.0
588.441299968
0.598027614461
11.925176047
51.3401912112
631.103284875
0.227635021166
51.2726239535
0.0
69.3216338159
446.63585662
41.0949316388
17.9810684671
240.11706209
47.5586064128
545.684292918
5.92514391173
6.32267539658
14.4642670306
25.2243705001
7.1515599145
7.11340797453
158.174072856
161.381686086
10.0037511185
424.779331431
0.446620634521
530.463399252
330.883299209
0.766565300821
649.382088636
352.079362543
193.906910109
2.70713192622
35.4827855652
27.7850906911
23.6726455044
171.641869458
2.4005652129
63.3228378521
52.0490571379
3.28827657413
19.7103572226
29.6356569608
21.9205394013
3.62847144685
21.3081959615
1.2500018496
702.030152971
28.9903691743
5.31300018058
50.7084760303
23.7032906736
57.6503494244
0.0
0.0
5.79384683651
218.769992456
25.3275175006
116.263620748
5.2719385611
4.63173828967
508.02427584
2.85087287396
6.3346844604
4.64092994446
2.58188172623
0.973170240574
21.7943032977
10.8678235458
127.351111193
36.6009051174
1531.33961681
516.626721776
8.96804931236
3.62533930706
864.677400488
676.948869942
24.9832867432
13.8914696995
233.09215539
3.06772868283
12.525327146
771.522110475
39.6709291859
25.794475556
589.601172537
710.551944411
1052.00378476
0.0
2.35206002151
14.0910292207
36.519643912
2.17854352216
11.2826576382
23.4124276345
428.806114238
218.638271948
125.987756976
13.15313916
7.10203469213
8.5199599343
15.7949410713
82.276335868
171.981163114
29.3815795006
1.15561801504
4.30809901298
105.742942695
3.54735433512
5.42487369156
381.268655457
32.3281886665
27.424825097
34.8535085997
2.7591105317
5.64817452898
2224.76170419
269.854445339
206.135839252
80.9175357682
82.8781958666
374.204713298
15.7882786383
1.06495407047
505.255791642
0.0
108.044703939
221.700884044
426.680274845
180.92812673
94.622543296
0.241216474753
34.8594556206
30.0869669573
0.0
23.8071960613
11.9559691017
6.96562735014
370.833977267
9.42840560588
516.099393558
14.8985095194
2.24874111991
63.8839888813
165.397271304
1125.93207447
335.461777218
71.8433905925
116.953437248
44.3698820831
120.18970741
467.307055233
88.4008964713
61.8362077713
0.0
3.56494133794
133.447827603
3.71857165682
116.710328597
9.05674776969
26.3900636912
0.0
0.0
448.575470206
0.0
145.066838883
192.999532499
2.26555203966
1.64610251033
596.511465418
1.0367534366
25.0203314376
12.052404374
5.63893357902
35.9010500964
412.64481646
16.8293864823
23.5094974244
3.42034088452
57.01584717
47.0999198354
215.017451365
125.163352
3.2109867906
15.6462592299
1.2888906893
841.040793551
373.496016744
3.16072466851
14.7994186274
0.0
5.17705545488
17.6051131025
168.643277895
0.0
12.7153474183
127.04679057
33.4202310694
29.6340529716
0.498940514312
2.54619454516
31.9843459506
261.263502874
0.0
0.0
329.07668907
10.5927615073
18.9959436924
584.700397595
5.39438904777
98.625142394
22.5044900824
152.886438204
90.8551251736
22.6519534481
1.9483464157
5.08190312111
689.11007383
18.5881727141
512.668270933
1441.01351232
13.6327231009
174.907568841
269.51288284
18.3074252985
0.260708293811
555.967852316
6.47255801791
0.521402683854
19.4344432623
12.7239222514
9.99607876638
327.166107817
15.6470150893
243.791421026
107.638090766
271.976836596
52.5572904253
425.734429302
46.6462461985
165.78011409
866.570476897
26.576274331
16.942243369
117.776072655
39.9221601657
315.965261214
400.436663337
67.9264399707
47.1473026136
223.003742964
30.5225429438
4.37015911442
0.0
649.038200416
0.0
0.0
119.147636414
5.44428714394
49.9676478684
0.392269540593
1569.69249026
77.8823507508
117.081454298
2.67237882558
114.189055925
0.0
57.8478183245
61.8692823078
172.605628112
8.25068944726
2.44136518874
121.608714618
5.07249911789
11.7544756927
118.494514486
26.69294085
0.315029052246
17.0940977975
0.0
2.06552231829
1.23155028519
3.83937517894
166.321424441
0.0
154.088071372
346.489199591
40.462734882
7.76202128968
22.4228977147
100.634073848
111.540908839
5.2856337728
2.38442799392
102.298946445
48.2859213759
935.441627359
99.0206376088
26.0963706032
19.9417197177
39.6563504529
1.31164231001
499.731447864
195.400254445
26.7100563887
1.66828281256
0.0
3.2597738493
154.926984299
25.3113878655
25.1129141022
79.7067943681
128.841100929
401.246398575
36.0291050656
170.621699425
65.0667255643
7.07233624322
1019.15485826
601.03272942
15.3507889877
72.2193383732
427.25095754
29.9725844481
21.9882292649
0.0
76.7941735955
27.1655488913
1.12093569722
14.8577537828
577.620515398
27.9454516978
920.643031581
5.68139568717
638.507218407
131.756872801
218.732210862
0.941994200299
20.3265911895
96.9742354996
78.0028850453
412.40395137
6.36066428328
0.0
7.8535877152
70.9514221502
26.4857873434
35.6999902322
4.3651322702
210.140604809
0.670782241591
30.3605817399
320.110353713
7.20229982063
74.3654684197
9.07496928993
43.2397281875
360.729389701
221.647908159
73.4820267793
2.22974351662
560.793117155
106.646158022
8.74136606734
0.0
126.630641939
37.3908616122
69.6715373109
1.03101370828
24.4988832504
2.02662842269
1.05696572364
3.49557543831
1.72977412346
1233.15016147
297.699351304
9.81973601015
1.29707874479
60.9255678323
216.312031223
6.12814651151
681.575714104
1.05009726215
1236.86265465
108.773134996
23.5687969957
380.105429553
15.7480044777
34.4402279373
0.0
154.010243133
450.947657827
87.1032400881
1.26362754244
83.4088546682
2.07248305026
4.1865851347
2.83491387601
2.46568035139
52.9256075652
48.5662061755
9.37236330817
9.606315696
6.20980081429
6.58058903298
57.2469366455
588.677581869
4.83283986518
300.969024636
14.1415314988
66.1884487203
196.397547723
0.0794006283359
3.88834172263
398.414238908
177.942494743
60.7094893705
7.99690143808
24.973337965
50.4951618904
1.0654798857
223.064705931
86.2175751087
181.558346624
23.3336577316
0.538350113328
241.173011574
219.136718245
24.2885634767
6.62176567452
10.4595621438
21.1357045491
1.90499193846
180.524090809
246.26673037
355.333289226
148.889896093
1.7524638092
570.436774581
3.06883592836
61.031819165
7.72731116431
724.986031416
5.57603925153
13.3714902559
71.3357564311
32.3864631511
119.477647408
3.15187428806
62.6182467021
1111.81724453
0.641240526072
334.925656764
422.554380924
17.4796328584
12.5396164279
8.71864478209
329.051137736
3.68648175977
1.26195024241
76.306640491
0.83349298509
15.815173582
207.246589806
156.047013723
4.744913699
14.5267012697
4.07974099588
0.922248321476
20.6085899444
358.862912465
134.616931009
202.02329421
285.971033655
476.062488122
68.0673812052
1.7967637427
188.262085124
9.25172663125
12.7180611811
7.72493361995
91.0332779477
38.2214499737
6.91135841483
665.255560718
9.80807327657
121.082871576
1.44923273628
13.0826521111
0.781406941399
0.0
117.956691451
11.7261891082
1211.47574025
541.363605939
91.2337803972
42.1210840841
1548.22129031
38.6104622406
718.852868173
128.902127096
147.577047947
74.9864941307
24.971420509
0.0
1.42242121524
8.57564326205
0.577764768257
464.526738927
16.777217016
3.4185852178
0.0
135.465046967
179.143327811
412.095278868
5.2719385611
70.0944671882
0.687129281075
499.306769903
950.690997205
35.170750879
0.694352920651
49.9077251554
262.579107759
0.0
19.5485894074
120.903356233
1.74063549439
43.3658505331
6.55199024574
205.844723417
126.527151136
1.66147249409
151.202967421
333.942430306
1074.78119823
274.928525694
0.0
68.0416251066
0.674387109495
35.2952351078
5.30887581733
482.182605838
558.930969046
159.4918126
10.4341245678
12.6600344364
127.989703682
0.924821782575
0.797857627157
74.8322191825
34.7231531889
537.240870699
58.2398742527
114.624872067
8.0325191003
325.56515969
54.7327852302
2.9309269794
718.572697131
1.192211469
210.677080442
40.529671414
11.4341290811
516.663322813
168.750867781
2.18795384529
1.57671006714
18.6107713934
450.350418936
2.16303197275
6.20987538906
0.381696356855
274.004860451
14.4011426589
685.455602336
31.5656996978
1.25700682082
0.341693951724
450.376986509
58.5532955237
245.707951829
115.497947817
107.985568685
480.549743509
467.275119541
80.8558017733
13.7402497885
75.6575595036
87.1567253565
13.5323619101
428.949891842
168.922708245
66.0536933988
0.0
3.34694036417
61.7877152196
100.011501026
13.0751883155
1.43620616944
10.5598664557
76.2286264476
58.1046891782
1.43620616944
21.6508404254
0.0
6.15402521611
797.196197095
508.087628992
4.50355060267
229.809072506
182.51411061
172.394787579
22.3052806834
346.599556328
363.735532275
10.5972423126
24.078473747
96.2951084693
448.234218646
136.712311038
52.3836626958
41.0148231823
65.8411300624
3.67130642876
0.0
13.6536861915
51.6505422774
7.5200565394
434.740057972
3435.36706983
1578.01268717
779.480149618
153.959523451
214.700030865
60.0709562872
6.76739753474
0.775371442015
200.123452986
310.650418152
4.22458160527
837.230542974
243.685325163
488.281225803
0.0
792.673110433
13.9074843125
6.26076697264
22.8209069835
19.897185948
0.0
411.780118362
249.925078487
22.9288785915
2.1809463461
486.946758561
122.753973062
15.6651923703
153.379113175
91.0964731022
0.0
3.62435845942
41.469166728
9.98656606097
295.873436416
0.0
26.6792683899
243.441441692
4059.12291218
164.120187442
474.130241005
533.101855412
210.960987805
2.85973968614
145.064544761
89.5764044587
5.93787217952
20.6110407996
57.8849439136
0.987802060648
59.0855570505
12.1530802957
20.5788586321
0.455807233375
20.7867427185
0.0
11.3288876675
661.879432552
240.204056702
45.261756991
238.037777569
12.0515334925
26.3508639127
24.0642489281
141.979452799
115.370298585
4.01758736002
1.59540178753
90.8788108747
28.6577278397
64.9451484871
0.0
7.78088996714
3.93399158561
59.8366980165
12.9618675486
217.502349252
61.9729361639
111.427323901
127.84669205
333.588422672
508.388243629
9.40376686464
111.353134658
58.8780420459
1.89957326079
1144.15581299
45.461624923
270.671160267
258.211742038
27.0984581538
78.2268469438
61.4520643511
5.55175568837
129.601882262
46.2958282643
257.458553425
359.139139892
7.82583579387
486.304594066
0.249016488721
104.028517068
1.80781976638
714.395321348
0.0
548.455737356
644.782714526
6.73395897221
477.062200656
110.790039629
608.478565117
365.484804537
341.481581776
14.2789664557
2.99967352934
10.0465039418
41.1859912088
924.874202309
536.55627064
72.8539240503
52.782914456
0.0
82.444354059
385.916552454
98.312738626
2.09638994772
4.54970984916
29.2310762656
30.1860414176
1.12070691703
627.584553343
154.11939909
251.565409669
18.743300848
1.31794956486
4.06187212576
8.25648731857
192.574410883
457.082762543
62.062308322
7.47821378095
21.6304309576
95.6611282382
129.781572034
74.1293154446
32.5464512839
201.350478226
4.98336458784
24.9657642033
627.934429031
1.28627804485
5.34600140642
18.3202129733
192.349312667
423.189401409
108.68158121
157.281981808
2079.41962379
114.67952778
759.404456981
0.0
127.148337373
71.5634015641
85.5105697591
51.1790718171
599.161293595
59.9163109932
14.5098777101
233.99246483
29.1662960815
465.125861147
557.985533032
155.80966376
514.733391307
552.166878081
241.259326167
50.7428840646
1592.16346846
9.72581099994
40.7818668098
263.756061738
944.073971452
113.522911222
311.425884393
254.089878945
373.033298075
6.74850231375
24.6228682076
24.7499853044
150.589305651
238.700472872
5.90303818423
13.9101032769
167.892660217
77.1629091124
0.290318264192
411.965236924
2.60298006251
1.26098456251
76.6374477922
0.363050139701
2.23771163979
25.6986899689
1215.37494335
1326.60429654
29.2766262741
208.796408722
77.0223142082
16.5727026975
12.5120439915
2008.96540545
269.114059569
3.78775680745
203.727779907
337.326038699
837.419868058
150.426199282
350.115414836
0.260708293811
1167.41846923
327.356272183
273.728119849
161.948197651
0.0
3.63568750255
17.6016156728
571.014527973
133.906541989
38.3381215487
1.55935563645
61.876533755
194.062737223
514.730534714
1.88407561515
12.101113066
1.44714843503
5.02364633232
1.11054199849
6.47660148652
9.82844229699
145.439402991
3.91296529614
335.271941486
286.440369255
1.16455434606
20.350016511
0.90169349614
1942.97898353
7.29743066672
254.858168312
2.71143324652
1.08379873232
4.81109437169
418.673784864
66.7674420761
293.283800178
497.91362244
1.01640969574
22.4196126335
0.524630886037
70.624215925
6.0938964745
63.6587212927
631.659663121
863.264387068
4.19255743515
20.9456830129
19.1562756275
16.3156017995
20.5307124107
860.001050062
90.4402544259
0.0
27.2667898116
61.5804921942
87.2006423044
2.64258178632
558.401134359
902.237013399
92.9801745795
93.0203514138
2.649978591
243.87184295
2014.75850906
24.6294598577
3.21270453797
700.318508098
299.681162825
240.932241283
4.5213044507
76.9191811115
398.187307924
796.918938261
15.5166824301
71.8638367156
3.63760622256
3.37376705295
227.735073946
98.5809246192
139.069933831
380.203725403
138.448650268
46.3950215387
83.6798593343
240.463272237
75.0988884011
30.7831893027
302.889988213
10.2153045357
1.08208477689
15.6994929665
58.2971754733
15.2158124697
4.97374065228
23.1577447282
37.148594771
1.46760467001
36.7540867237
674.863817885
13.6469580316
618.215649546
61.9015782335
0.0
2.82449110576
11.226581213
411.282133416
1.22646403399
273.337894162
915.687200247
379.292258821
95.1838927701
698.690748449
143.150663259
323.215339438
160.862829057
2.13834520029
54.568017993
4.59349787117
59.0231569387
57.8739915363
13.7526860771
214.273478423
357.937271624
219.71835079
38.295273927
179.851378472
174.171574134
0.0
337.944559204
228.879400837
141.758417012
21.7883663887
1546.769723
105.847223485
26.8088350779
222.894289972
14.0270187998
112.119273997
272.309297182
12.0272398175
476.053115718
733.002610478
13.72671763
63.3741996358
234.06302519
272.949755305
66.3202842506
75.576375401
36.911108298
8.23899258622
44.1910202169
225.011487541
215.45701647
30.6606832009
45.0713891244
560.73547466
7.68624196098
73.5078081575
26.3559286763
355.508981033
993.064251405
79.9811258269
7.42954553628
88.9150729876
1.53223696854
588.03310303
10.9803619097
69.1310030419
83.8651864526
6.1336422919
5.61581919639
7.40561335927
323.159701614
12.6640589453
3.41163459767
23.0845388607
0.645438200093
74.0364129934
25.6453829215
81.3160923401
10.3448054969
515.48830525
9.67184921153
0.0
388.060713221
841.035865297
384.977510908
69.7540865106
0.0
34.3105158918
615.612737738
84.7749858458
152.886046371
369.791973262
3.6398952884
14.9685870392
28.3664426316
25.7607538623
9.68202297792
235.365202826
45.7827387697
52.0283329393
354.959834012
41.9463668047
562.778450122
1.30437822311
2.34562636878
84.4124109622
263.272194172
46.6481206793
26.4352686337
448.890271742
20.7858680451
117.237438146
0.0
1267.07139208
331.777411358
0.0
1.43314860442
1.17940104256
100.943776493
5.51717322485
4.11642672031
1806.87168106
0.0
45.8257052054
117.003615948
31.6709828226
90.9129597935
340.371938466
0.0
791.880336529
23.5687969957
71.1480340727
714.969248675
1254.84349307
9.05749478124
246.765592518
39.0990886868
24.2088645493
572.590693265
12.6984341163
47.4993472887
115.101127952
1.48553926703
0.567791974511
1.56537091217
7.37687047841
136.118153728
76.5512305256
0.699608545036
34.1756998993
71.9833421315
27.1884294378
97.6627690615
29.9583861728
0.0
32.1922211892
309.509720145
0.0
229.267655981
153.097096725
0.207517532538
11.2391754991
5.90056710542
26.7425975262
64.5992960447
4.3546526209
791.651843267
122.396109027
28.9529440222
262.071640443
338.674884965
294.760708997
653.746764609
139.451315458
4.74564554276
3.15641702832
220.994265471
1.84718259818
154.49514969
51.9030827394
0.443132052678
566.258764279
10.3406545901
66.3584816938
121.448512872
0.290318264192
619.134644385
19.8821989499
3.35643031796
1596.66985923
123.098701827
91.9309368231
269.314744031
0.0
24.7889815824
891.477313139
53.1549691816
739.852322113
6.4289684406
20.5600190261
201.217876726
2.58490895576
213.00070473
311.085903133
19.6745524915
10.1642043956
69.250005394
22.1813045742
578.845216182
34.1802021922
18.1662578118
40.0922399064
191.377978987
33.7069672174
16.8435834937
86.4950614589
104.114227479
5.36499016187
2.97829458975
28.6452131843
0.0
764.637647004
11.7276641716
457.868954909
295.405886818
23.7665755706
0.0
22.8396151357
1306.40867759
426.319628795
24.1424285529
145.222596477
31.5444041807
82.3946392399
4.31621502167
6.74313798719
51.2675718297
83.4118667299
1.23774504593
218.245758459
22.1579133801
20.6247334833
95.7655594412
21.6114927613
21.078840665
27.1645023167
23.5864800609
528.539983557
46.4165041245
65.4351842698
33.5456430587
23.1613761397
477.868076965
415.806497959
6.17501990611
5.89065119074
1.29369633717
0.0
13.108144038
262.174901201
269.425313116
264.182529493
0.0
748.151007368
19.9121173311
284.886831714
392.488250659
336.194217616
142.126175473
167.859259572
120.859759071
496.703415703
52.5547953308
2.3181689545
745.750375165
1073.04154864
35.5596455958
568.07521955
6.50524451302
48.4399384723
531.309824006
3.87122491998
76.8762121479
14.6352214447
376.807127098
887.398703404
19.7357783668
0.0
111.32034578
6.6818375371
86.7448148474
12.0004308244
185.739213517
9.41526528096
1.95575080427
7.12101586369
1.99020054997
202.850003421
12.4687147938
125.520723082
0.0
4.39722469519
265.810804844
21.7596576353
37.2656720832
63.7729710839
10.7026012762
416.206597849
12.2668055358
385.746865811
533.102141071
146.631771194
986.255574847
184.32830083
65.5569522078
2.7846947292
248.125679348
0.459860813797
138.049660152
518.615739241
72.102498689
154.275913808
279.461596524
0.0
26.8197836635
159.222409395
45.0989362813
61.4393702108
134.596920959
288.785516576
42.8858216714
6.66370575938
5.99358963467
606.50377879
541.170301849
5.90142408315
28.1992940581
28.6725467286
651.744970844
0.212440730464
511.405922538
2.72813672806
72.8907993714
8.4609005189
245.609055589
226.409337006
26.752447714
10.7010743896
630.048210064
171.800149955
161.998655689
57.9129587425
116.909057684
44.0748529694
26.2117491278
188.994498977
13.7468692461
0.814817696421
74.4331367955
43.4116267939
7.00318142808
1524.48073248
0.67678866946
7.96555602462
47.2709829517
3.65317212307
23.8022020807
78.0073709066
7.14318226215
34.7782247507
0.752043446909
20.2833213989
780.535774259
21.0011805357
273.221122734
32.02229439
389.522875198
8.35091539242
25.5345243857
409.337077137
51.7753412368
1.66015542806
16.1226238167
402.752863013
25.8574419304
14.3572042233
2.95698390502
0.657573661788
28.7462948433
18.5094912899
106.516232364
0.0
60.9695719946
404.42133163
3.12232372469
3.07817167673
551.26385235
21.2666047348
67.607306779
91.2049313421
3.61961474649
1045.60565614
395.779016008
25.0219139393
9.44327252607
26.838945584
0.775181845176
5.23029803926
24.1846328094
621.210875133
3.08529546196
37.6686045501
182.927676932
24.1836051944
556.901425888
4.94928139603
175.826320996
251.031145999
782.983799354
5.2719385611
928.922576404
0.0
9.86403088773
110.837742193
28.9154316556
425.01002781
0.154640238039
1.71020140975
105.349830081
4.2214077542
28.7993882781
0.915247142189
26.786276846
444.314769138
59.700741915
122.105554399
11.038049908
15.58039076
36.7228929877
4.17162973602
535.963143472
1252.1611187
3.41163459767
720.093649295
9.65940154702
0.0
12.9498028697
222.552444343
9.31783652115
0.0
21.247519917
7.07376074749
2.3872845863
27.7063473318
76.1876710022
74.0540796268
23.0892370703
526.894095923
106.069030299
0.0
1093.45117819
29.0146274579
0.0
45.4062689658
16.9191921853
342.224410816
72.717943933
72.4218303258
25.5413561918
263.181261
3.02234299143
390.001664096
32.6226426697
568.371201703
83.4042171295
5.73964110018
204.477309301
7.86167465238
832.941516139
23.6153695633
4.00022155353
64.0983104123
722.737463462
0.0
53.2897131273
2.68661881219
0.0
723.20141704
76.9977260261
0.0
0.0
17.3510457539
406.527971183
67.1748806277
82.8212156964
72.8412185339
502.04479221
20.1972254741
62.4310021276
8.47095294328
120.317749739
24.9723457416
372.021432382
640.899068484
2.92182885907
26.1696725333
19.8519152787
116.188023432
217.44951746
71.0909199209
208.902384507
245.799870904
13.5259042417
2.3872845863
7.11340797453
438.940266271
2.57389085145
60.1322415695
178.948754687
20.7932016508
129.041321512
0.0
1116.61218019
514.17983932
58.658736646
25.910196619
435.875133801
12.6450739818
25.2211701055
6.33647172657
46.4607952101
27.3306422352
319.85486818
35.5458037626
259.176995979
175.152598739
5.74794796969
38.3857470108
426.794505677
25.7125583457
138.251522642
141.597413904
0.0
23.7430668265
0.0
5.25062155649
17.6109577411
374.407568012
398.227958749
36.2696579515
3.01091662192
1.87420014777
655.03917548
866.91398845
119.523619586
555.372436081
4.39426319256
461.737351043
10.705366862
796.428760912
93.857072601
0.0
70.3025863748
10.0354972133
23.3026750802
585.57346197
7.9610701634
374.905716012
27.4791951507
107.27675711
0.0
860.834759187
144.82132488
3.8780314465
130.170495823
24.5430352984
266.086946321
0.0
28.8886972373
23.5715309821
31.4899684002
5.50024981099
1.5512067643
2.64303808271
2.95892916859
0.483479524059
578.643581208
15.9657728794
80.450985978
126.712310145
13.5597864609
748.809177628
72.4633090581
1120.37203466
13.931932193
3.03647427585
0.287418696529
277.001114917
105.724656712
152.694831638
179.61731359
438.873554728
2.28114953964
340.332655266
20.9905567927
202.20473333
57.2456549709
68.7046907567
9.3118781245
323.088487777
42.4478542367
20.7628737404
110.598132236
1.54223377788
8.15583541253
6.51640544699
0.475679510091
6.7934392926
421.398377394
1.80028897993
8.06522708303
8.03848128891
179.791162516
209.481950446
3.25366377515
137.607330726
0.637040324093
623.637881521
27.2833542555
6.15526012353
34.3302579787
136.364869774
804.803538963
8.22148395014
641.395243413
20.6392237378
88.1209112349
0.0
1267.46933562
24.8066456879
145.357768912
440.627946104
475.151056932
6.79062441155
20.1868469431
0.342451075101
20.4211671489
65.3863668755
0.0
4.72390257724
1.90775878832
38.3080995212
11.4733187478
21.4741677706
1.87124243707
99.5105988167
17.6663339219
30.8333187071
30.4368274768
138.46280936
15.1794692837
14.7612957589
388.629317934
1024.99157421
6.40925416125
666.617254065
0.236956865763
328.759786801
7.96422379081
409.895923933
26.4601892421
27.5336751704
42.0944507842
19.423598323
71.4235574634
