2.21081127633
70.8763469041
367.939454775
56.5107324846
250.805281287
2.73993937656
30.4430622159
93.7712402117
1.04604973182
123.672386546
0.0
3.28130853415
71.3477676407
6.26907492857
14.7904497376
14.7435954198
0.813085818956
123.90357974
9.27827070478
153.174806461
178.718871665
139.078750813
3.36875661272
581.966124989
50.7185154151
158.727134064
273.059232342
53.9202275088
6.9352870273
480.373420401
9.88890543519
74.0003013378
84.4220202448
254.048845725
3.76875611861
18.7720391377
9.28191033008
2.36472547345
51.348137118
121.101780122
262.496508638
4.46463082874
72.0238453332
166.412775258
0.0
4.9036006573
575.877617651
0.777810909815
206.381540215
112.422564739
20.0445880403
900.577450306
0.736087994978
375.376318319
6.83937029269
0.211073720149
481.780267236
8.21916429142
75.363160256
859.941270454
29.717811646
79.3451011221
2.22479739008
56.9770296284
776.262881891
2.46760904445
50.6230215555
5.3021284692
9.2579079943
0.245550857348
0.0
878.51351514
0.512926077275
674.584878186
65.3917618544
10.9879216453
51.7433968542
1.91326577195
23.1499794924
0.495756686102
467.906556766
0.443171799401
224.295601846
6.10303459789
2.83387228107
282.416278283
997.13532912
4.61709006835
0.0
0.0
9.43930682965
55.3247591324
95.6369598915
39.8967378668
44.4775477218
2.3584894631
9.2101086235
80.0314237684
882.032651207
13.4304282097
15.9207609234
0.0
879.237297364
161.437757832
0.0
106.809456955
0.0
535.067196597
15.0135726036
15.1146854557
72.601708931
0.0
69.754283453
1069.56336031
1.04431025425
4.62378131081
109.925829766
413.777664474
58.4845418946
48.208765044
8.1488130793
147.833397486
219.800004077
0.0
108.442447033
113.874312188
1.81454065694
0.0
0.658595887121
46.4057747859
4.5927530031
420.489005201
9.15066959267
201.753427504
642.052659896
739.504829903
4.25905671407
10.2389744592
95.716883251
0.407289914119
139.033368189
147.014740652
589.116017133
7.09609776762
3.43580627634
534.462617124
0.222125372058
600.894903441
188.549192746
88.8193481314
0.0
2.97159338136
997.477728376
38.5617909246
109.973481856
1132.30269112
3.69584980472
0.45778832035
9.27144333899
949.753784406
214.169909888
115.320245386
27.1366043397
35.9151283829
24.4578479346
1.52811486612
2.80270673427
9.26976411273
1.49063297389
562.811529099
112.895709332
7.30009419064
33.4930726742
1.6658839443
26.766462704
12.7760800399
124.062770388
6.72904345365
560.038006314
1.73572190454
372.069456535
27.1738920888
21.6629270082
55.1029751844
12.2863016224
24.0263012903
70.9924679106
91.0957652714
42.9831032947
0.0
3.39380999909
144.138600964
28.8586826703
717.558803199
1.21224403806
90.126283794
2031.44118622
380.762571003
479.939548503
1537.26733656
1.39835140152
1.96355441436
1.42670298909
0.0
27.2395693616
29.0988711612
2.17301250686
0.0
5.74431727968
1.02509678168
17.1024698218
0.899682568877
271.693887499
0.676847570302
4.95541008737
0.0
2.41105649757
110.301608246
0.0
1.14968086534
9.15747464315
344.621321694
1.39125513638
22.9823346916
64.3930350617
319.564455258
56.7840301849
1.34061056494
21.6606742787
431.142292199
15.2301436977
17.7753441531
3.56393179798
2.61695753137
0.0
0.721568545581
297.633623041
250.072597492
192.211098749
76.1020142324
203.601805966
574.956004723
105.326889846
0.0
388.855920522
70.0909677606
243.893355031
72.2665889258
1.5544257196
12.2699422766
495.6712464
223.540915165
7.55319096639
1.3755953752
0.34377276236
6.99146802445
39.1357738921
48.275575934
279.264070449
807.910785045
5.34030325148
42.4957617079
250.375291136
6.65983924789
28.1931121364
0.0
12.3684855219
7.14090354104
2.34479010095
25.4494327158
182.107033663
433.302860579
14.6960761059
235.877765404
609.438743062
7.03172817144
3.45964571042
1426.93760211
191.524579729
1.7452025594
580.701402062
2.26503856906
11.6686665826
1.72580610137
47.9458963987
1.94302210761
48.7865795482
20.4763489115
0.953484755144
11.5153203099
909.218660503
12.051944119
5.18028135698
5.57694695717
799.529669701
140.645347297
0.0746748013385
4.1540353374
3.92141508015
242.476988488
57.4295626959
205.329794503
0.490813847338
115.8602455
7.95016228619
192.330330508
78.6370422586
36.3026647942
8.33398431595
6.03681283187
0.353091631288
1.13145707629
25.3494802593
14.2181024817
28.3061781784
1962.29120888
17.6343694822
746.012053704
18.537612457
669.213322359
3.68507039947
39.6492924405
60.7854422653
0.281274304007
97.640826894
191.087229991
2.26414037826
0.862963859872
62.531093362
1.54059692871
26.1540762227
1828.64538209
0.20933870564
6.72904345365
7.51599917305
192.678741505
565.152819046
596.259346347
21.2381564045
1093.37020737
0.467183061296
13.1854006462
136.076962601
34.2015611073
455.227056226
207.507320279
9.69438520394
25.6909255359
0.0
532.020493266
129.911522153
0.948912350348
2.55697735452
222.531213709
25.7592918022
444.690272942
33.8787580316
66.836012479
723.676276912
6.72904345365
0.485132372172
0.056820330482
518.341106653
175.438528268
59.8523849349
10.5456357633
11.2553314539
326.725023041
0.0
82.1994934365
8.51451843343
1.64084841018
273.361554436
32.4833968801
20.9996147825
233.932390147
12.1862141583
18.3068175912
83.4393861302
41.0626765433
1.24537333119
265.000769445
79.8740138796
91.0115071648
69.4050334004
37.9820796201
8.73843126096
11.1798164816
7.71874147626
12.027003425
4.98233684309
7.38977045184
7.79669104775
5.42527210031
12.5992156733
94.7615228952
0.0
49.3119575625
758.478049273
202.309930898
1.46082642881
17.5034969472
18.6890117199
89.8003766602
486.340365147
50.8321315293
69.6673954885
1169.46184387
820.151320221
700.801690526
688.195222381
599.178548986
1.50252256528
447.128403476
0.0
206.624794828
0.55480185191
18.014631106
4.22052265548
8.01307804064
0.0
0.0
6.77812149109
0.0
376.624556935
214.927384866
0.228720658723
0.32679974582
2.57601788354
4.41169559184
108.736863932
1.62465754487
90.2478586596
106.396297002
3.35022710407
0.0
180.863667593
4.30887338791
1.07666966956
0.0
1.89097278808
9.68070257826
40.8599420505
26.6598323943
0.449820642784
0.846166018433
0.0
711.525679087
0.0
62.0238387182
0.0
497.703837656
0.0
574.400863678
562.867280528
63.3802942613
68.2948494988
124.316294502
118.624107994
404.515753116
782.857678736
11.9253918261
568.054800968
11.5687085473
144.379784717
18.7365343811
0.666862589695
0.942189866472
431.459418263
26.1946543627
11.7978844382
0.105912872866
0.0
145.381129094
0.430440921231
48.7231193005
0.0
65.5561062224
16.9355636576
21.9177487565
36.0378692228
735.803131259
216.15009701
0.596367443888
3.81181237257
15.1361126058
27.1079961262
301.832910458
17.387227544
808.628274354
0.0
11.8457206292
1.96756893669
0.0
512.862473093
1.3986415004
35.5019338407
463.390898659
86.0217649898
569.976764127
692.736112397
6.90007236945
12.2908550592
17.7090543254
8.49258472589
0.293124843625
0.0
132.042857491
138.656279801
166.312963387
5.91289374411
1.29899699507
146.676305709
53.9719621825
7.17712461886
2.53715467429
32.7736129245
517.873554273
9.23215725483
24.2455100527
223.998611993
100.855506408
873.1420363
0.627252933688
175.289482153
158.317151809
114.105422816
2.06547731174
17.0603173374
0.873012439083
146.434053054
12.6017919746
5.59872111032
615.00796
15.7154969913
2.77090520143
128.183625108
0.0
71.028487035
5.72065302069
803.843748133
348.2102801
97.0727909538
100.713544285
0.809533223335
25.5097710531
318.224023216
222.736981967
0.0
0.0
326.542676921
554.590518217
41.20503811
89.6867270732
22.8750706274
190.743403672
175.895951733
211.006248726
6.48790209941
20.7662123741
62.4241662589
4.72327965092
685.592244268
20.786677735
29.6845071778
152.89354443
2.55788000839
115.596639334
4.34132987477
26.0421047461
94.4290316324
0.691869113931
1.59355336513
410.892202569
19.9996405647
1.40671071258
451.728297375
69.6159018199
30.6801745429
157.03980958
0.0
4.06988434429
0.596846107055
4.44356407057
7.3314237549
754.945368936
3153.11426687
1.28514142583
155.124382572
212.546899212
84.8792551458
1.33778991113
561.882937061
520.990702541
49.491104784
2.87169113433
130.931192969
87.1046539332
35.4103964834
70.0765766242
1.55020701228
37.9647384011
0.0
1.51845122582
8.30525559978
31.6351912434
182.472471234
152.033181418
145.277341754
0.0
38.7210407098
0.0
97.7414990188
257.507713747
89.0639952191
821.058318861
2.64010742271
158.203456476
348.149111633
673.792304591
212.974209297
746.508926156
879.823102976
134.212426747
648.449255602
0.0
612.695637543
7.29559988938
299.556259008
29.3799859109
727.357878398
6.44697026194
0.0
1579.62227311
1.57110528995
0.0
6.1150893225
33.9664805884
21.5040074894
0.366008842206
246.426109128
1.67041395003
0.758605247594
46.8166808943
0.0
4.57209238336
196.208954887
16.7099548673
56.7560177898
53.5538337277
49.6546391067
34.5635922475
75.344205641
466.63691778
10.9156401598
0.459669500068
4.90552535185
97.894818513
0.361705336763
0.0
109.359965104
111.176836594
25.6732161145
67.6331595955
5.9046158839
0.128701256365
609.329515253
895.38193541
30.1964391085
1.85684376955
7.06383542385
0.0
191.651307197
2.04304597302
0.0
1.24134876699
197.378343508
8.69858506278
78.4779966584
342.889055313
6.01845291949
0.0
260.663787707
167.529024457
533.112870675
58.416822772
0.0
236.581393565
132.949239113
166.321204427
51.4030773844
803.873178665
6.14896729391
3.75970168597
15.2211093488
13.1584683116
7.101161109
4.40818316374
376.25077902
36.5508164997
0.0
26.6636137218
19.736256436
1509.50008067
171.389783207
281.244492999
264.515206388
686.524219307
8.39185011819
253.488942595
428.365013748
356.589111472
1.8235114072
5.48194738136
0.548096104514
0.0
625.060554849
641.602749992
23.165228652
21.2655506657
3.66670937132
0.0
35.417438076
55.5409073516
14.551907
1.33068918293
10.4188882114
0.904298488504
930.789972049
5.31620942299
62.1638203583
5.21921374365
481.714343379
17.0883598581
13.0031594083
2.19257967692
622.752159885
137.620795248
361.552125498
771.763989268
168.425966708
114.762367371
62.5662209902
9.06823464603
1.25858510406
356.019896169
32.1128658426
50.2104016322
134.686507467
0.437257129359
3.33128587815
8.1011866521
0.0
218.587061571
253.342440425
167.971361665
46.4501933889
27.0490770418
457.91122186
287.132090119
61.7274625354
10.8972568164
494.474929908
10.0605402114
37.0471690042
774.857081644
880.263746452
1035.36417578
3098.60188169
646.652076247
69.3367943315
4.43929515383
66.2793506469
33.9515360325
621.466752907
156.194031849
828.64715517
426.463916509
34.4022113513
328.119031884
34.0236010596
2.08219481811
1726.85302251
0.57296315813
7.49952044039
765.417908706
547.553886259
4.1180139815
835.003488496
366.942753097
205.537935992
0.0
932.38818485
10.527882827
39.2925734573
2.65702465101
5.88625262421
131.387174866
28.6197036685
6.29251380304
27.3812201859
137.446680126
1.41424101029
0.0
1.49801710638
641.207355248
23.6165310307
0.0513910181967
54.745821053
7.81619350346
8.66511657711
0.0
143.357206217
870.871885295
61.7988960395
12.0085062735
6.42942485797
40.379486965
3.01814755846
0.0
6.54435199593
1.22543237987
0.772833482338
0.0445357582954
113.742674239
284.972306122
4.04684268212
69.8814527641
11.924903121
4.91198005214
1252.9544598
1046.82512933
73.8350788628
1.69465171222
7.82616174759
16.4710037596
0.327680084371
392.992076842
0.88922673545
17.7403917001
0.602679326254
346.049592333
382.757872277
520.484789047
647.729952059
7.74770561881
88.0749365299
55.1572816965
98.1231910532
1058.92600867
12.4800932592
339.971085596
21.1022562326
398.260936547
1177.33635953
3.66386640221
533.820253385
220.603183019
56.5107324846
137.932948347
0.617321509797
97.941601422
552.070965851
0.0
61.9802390865
19.862178322
8.4466955447
428.913652114
97.2911528507
7.26447004706
147.928501944
21.8892576984
262.997423505
459.497131119
0.0
142.226666299
4.87431182716
10.556004567
110.990584181
21.7988941259
212.991780363
3.48484191471
6.12444166437
127.274917116
9.87498626733
607.1999908
32.9019749883
5.93487654531
1.78641110658
20.2419032627
0.0480760805067
2.80333602571
1.60489065287
96.8100238432
0.0
81.0795901063
359.71619228
298.370001135
26.49182497
2.76685832194
41.6842502334
0.0
15.768077415
10.053278813
0.0
0.0
11.014492472
0.0
3.7954229011
362.666051676
1.23699951519
500.192699791
621.89696175
40.4692692238
43.3469877204
251.683397235
1.2438413859
530.401234907
878.34927119
22.8911755789
9.62916762642
0.379312107799
0.331774941768
79.9345909907
207.776880167
18.6625078392
178.080492324
88.0262478943
1.28284518155
1.64054045905
48.9867622866
595.515998069
6.32032759191
40.969369583
27.6954765022
12.847911872
11.418170655
374.574984852
0.0
516.547572503
33.406088754
10.3721231547
59.8667158201
22.9973551195
1026.11052778
13.3725802597
0.346021028749
17.1353123633
0.0910453048009
1.40761671373
903.91434625
25.212338241
33.5882875927
452.40327046
42.8238780564
315.697734976
224.432797421
96.9040527035
713.604639302
515.585122576
0.0
2.0589512025
349.18279869
222.87134573
1.35727228306
2.5209470725
178.068217794
227.213282581
41.888101607
19.6559269378
251.578139316
869.545395853
872.797445681
2.81331654326
6.38930306585
310.661905013
383.942369473
157.920539766
271.794559624
29.2885288888
9.43406496582
503.238554025
4094.033903
80.516174549
16.7909069623
213.639861282
1.49263465623
6.5898595855
3.07571210417
153.291525517
468.215875823
628.721114123
3.30654602173
2.09464117621
20.3213278755
26.5332611334
4.3479452452
6.12614766899
5.27623714336
46.5470183562
38.8422250577
174.121070941
505.426685147
202.586955253
1.08621169148
60.2829485903
291.9407336
75.3586157453
0.360000447907
1.9466873955
2.13008791316
0.0
3.43802553284
67.5406983851
59.6112826324
191.610047323
695.864471871
140.15190917
7.14315069166
304.348423756
0.920592004183
7.10417255862
116.861275232
196.020627151
27.1212993918
1.57157279547
697.28191959
9.96650688804
1.93476321539
3.50816251809
704.975436967
0.0
40.5501711094
0.374691725108
6.44772005599
13.9783524865
0.0
9.68781669565
71.9830864393
10.5477077388
128.001439659
18.8975493063
1046.60476686
2.63003764398
0.11759158468
1.88794460199
229.819003243
0.0
81.2410993155
79.305947814
0.0
25.3286221492
14.4438674791
377.041614256
1.89097278808
0.0
195.749573253
37.366729667
30.2897895837
1806.90332614
0.0
73.7970569403
7.62403199934
12.4427586478
99.8485753954
155.516818308
9.8900669465
2.46914545281
485.000588057
413.00932641
567.438868584
121.274115598
159.837929405
0.0
8.0514536606
1.38929027429
1.46387804597
14.7586716359
242.74982203
327.39203849
4.74761336889
5.31016643996
382.858691683
44.0101727489
2.47433152833
6.39812653513
16.133085416
4.81863850305
459.636802576
7.70972274811
0.73193623357
80.9501412875
0.613512288231
1.01149560683
12.8334225484
4.34698122428
46.5364174734
22.6072200916
44.6732874841
26.195796906
3.55354067894
0.500911520208
249.214982609
3.64062501813
4.70864304621
50.7999651413
367.524510714
123.320116117
1.31765146941
120.284911859
1119.09789736
33.3918493616
236.304225276
1.58027241484
14.060294265
0.760254348202
7.49803982029
37.1539901098
35.5688127921
1.91885575439
1.3531763099
0.794212654696
1.88314792844
0.0
1074.0017662
14.9088446731
175.777370465
1.16975905576
0.0542618814335
0.657935354267
7.45614619342
226.18172552
316.609683149
725.272806021
1.77854161633
0.0
14.7586716359
54.4727096853
242.668097826
34.968464299
91.4189666752
0.0
2.38890186856
1.96749864349
109.520548229
18.6618841265
723.227885563
771.787048782
31.5772953155
0.501042064708
6.38930306585
1.91255502966
51.9572443661
57.4738061238
8.36895685279
1.21873109553
4.26585841725
119.384345605
3.40834841649
6.20921525435
0.0
97.4673388321
245.322512703
0.0
1041.77670796
26.8169700363
716.671794605
2.32836604077
17.1260749452
14.4778425221
1.52811486612
18.432450494
158.173879778
1.91953525524
6.36433782491
0.0
164.860189435
59.0016387013
30.580209813
140.164487189
48.7884629595
1.50954184264
25.8240106328
0.0
582.793919938
20.8964243763
2.10115166473
9.66322858326
25.6888758757
97.5307689542
78.6232391303
240.781125056
852.000399143
26.7453457365
651.262764056
551.634419464
317.861566969
67.4514182204
2.12541285799
35.7554211341
3.98045020407
0.898328030213
55.6540827385
0.442442089118
12.7913091158
1.68535404281
38.6033788319
203.012131996
189.150864536
313.124857971
530.661242731
0.226128736727
9.25630129276
18.9315901794
65.3487446523
0.0
154.101789567
452.520089936
697.792600748
186.015341852
562.899711351
0.493503956653
1071.31772218
865.785588168
82.9810488536
3.0743229768
20.9856922674
83.6024696837
19.2686337633
255.248693615
39.7272475908
6.89330413922
8.64074046004
0.0
590.194807872
12.3213768096
103.387853251
0.0
56.9548816941
57.9172568644
0.509881154705
13.4580869073
85.8532822496
4.27594158518
124.239847867
0.0
465.877400952
149.718899679
3.55129241254
33.6832213385
95.6056515269
0.0
369.806795662
297.43652093
83.7576993678
240.045024787
9.72803779085
122.674263382
290.15218134
0.705986887944
8.62155041856
56.4731847622
211.443716735
0.0
1.89702469722
0.0
18.8534576225
3.19302697915
0.0
0.901381878907
2235.77626511
380.92261075
45.4847275496
3.46369035841
333.519907784
473.286711795
0.0
39.6136035826
893.72824566
0.0
201.141942561
11.8341144421
198.060425132
275.548179275
1.64486070097
2.78162993422
29.3255343494
6.72904345365
27.2019993239
59.3122553921
0.0
3.69126624229
4.41219433877
0.0
157.843710422
9.85281936491
0.0
0.0
21.412258137
0.875478279641
800.166990182
88.5277708537
69.9529911501
400.16379
289.797713971
3.18109945175
6.28517206962
21.05039213
44.0231424006
61.0363889619
9.65815296848
699.829796765
0.596354054708
0.0
14.902213682
0.0
4.01774799508
1.10506811927
687.335563417
17.6989443792
0.720732837628
186.088541612
9.05597238916
6.20248049706
0.0
2.38651524732
1.55020701228
10.2133207913
143.491867889
3.23975409981
190.21589343
29.0144189116
35.982498271
3.11491004291
3.44363894634
38.3928540682
1.89162551059
2.49959244697
644.715725299
371.331318881
234.924222629
106.359040494
29.8560694293
0.0
12.4442638147
216.542713499
348.151500486
4.81455257177
0.052155317193
5.86696885843
3.18714578206
100.056995827
6.88846395083
2.71977304072
86.0395792931
0.605175292466
135.712532566
54.5566486831
4.54347747526
1.81187844175
0.836598333914
519.916644877
12.8309154245
575.685835508
24.5827912946
11.9296507009
2.33238614191
458.237807379
103.273172697
1.15925301291
31.3770690623
334.22694126
0.0
6.27923843157
12.7133204925
277.533128483
322.561648751
9.80835389981
6.84417031353
588.517974926
4.34641441568
3.62756722083
29.424228223
275.891400849
0.0
0.0
27.9262512841
5.6476418249
44.775516101
453.986896864
295.110414314
350.019138165
90.4102861434
0.88025821672
878.447779847
0.346704992669
74.0181078307
1.28581200057
2.28172260246
40.0536735553
0.0
1357.94182349
3.86207423663
534.209600683
299.288454218
299.656344239
21.2273323686
0.0542618814335
564.303509917
121.856949929
638.152767922
147.783648874
83.2115781671
443.868548871
58.4245628336
75.0472492604
89.8294579581
174.620189428
495.678221047
18.1643053963
0.0
35.7664515865
10.3658625975
0.0
35.7234957513
236.265927759
513.941223666
0.192878940981
6.60941559792
2.90360424364
1.47970740342
6.85340103703
28.5361830827
40.0419457498
205.191599203
78.2170828334
1106.5126109
14.477534571
8.33695448227
14.1132451226
1.97959576716
6.75672111919
0.507211129161
3.44547326394
181.841648968
10.3647791897
1732.33663685
112.962464434
926.67113575
1.46738935828
358.078077494
26.8765842424
546.200490143
73.1707245128
2.22020266999
38.2250954595
700.337564661
176.17106032
436.09834162
1.59596230168
705.794527832
104.066446993
1.20646325983
137.331192874
11.0051334356
454.613443518
0.0
207.457151024
101.494925643
20.3666089648
0.0
1.68310800796
184.025990951
3.03715684606
1.54726808739
11.7075097081
746.441654455
140.505290901
33.6455765446
106.334768143
244.457496952
521.205026485
30.0245108862
342.446771663
2608.81319362
216.666064663
0.0
404.372666302
0.849169657697
472.547889061
55.34568642
1514.11569903
273.846192523
16.5951984414
20.6221436869
294.130866405
6.60267191452
219.155993469
7.21913428529
72.6250987118
5.07526221185
0.523738955482
10.826332101
38.951862354
0.0586546480728
1.89172592943
1.82314320477
37.6678121462
65.9082918525
787.62673153
152.600217633
402.469334185
93.1138884026
1.82709189696
3.72094224287
7.87930897982
0.196126932773
0.66726649661
167.456673794
125.856538849
0.919007617944
0.0
0.0
5.0090984656
26.4925022393
34.1589868638
96.2661743401
15.537468882
6.56015569079
135.466292166
3.61779088827
653.439484251
746.901099686
865.349947782
777.166567825
529.412129357
880.674185055
616.88886524
886.608337469
1133.99070961
3886.01747145
0.0
33.5432586664
353.861869501
26.8396925897
99.9161081853
0.467802310846
63.1983832898
23.7413561196
71.451267114
1.89110779564
131.622446181
1283.60802112
3058.6082296
5.98631107834
261.797361389
0.0
238.389366828
35.5386346974
0.352917571955
0.0
6.73370623541
325.019982441
23.8759999401
19.09954851
320.738020188
30.3433953952
349.683734756
549.112299722
18.3524590727
37.0671356182
0.0
34.8952712335
165.34001188
8.95363554298
25.1755269235
39.2324973247
6.72904345365
332.754934866
601.749567125
268.842439687
13.1558674635
1039.61067345
52.9305942006
7.79359591577
8.4163701689
0.0
112.700807509
182.640487584
14.1094448272
39.6918220534
289.82212914
9.8498179572
5.82374635551
3.40312552072
0.190570423283
3.15251801658
606.085947467
9.72200373395
1.61244215011
306.772302624
1.43270134151
182.718827673
865.067794256
185.222815118
253.553152637
244.327706709
208.625870187
251.489190534
709.611058775
105.469135373
1.8514166888
35.060866374
164.040830785
494.96208293
45.2464804898
6.8506830336
33.8945137486
2.02888356841
617.60073221
491.430446948
46.1434863385
53.0775058568
474.496260145
15.0327537189
34.0383291571
0.517316612385
11.8633653363
1.61801539609
2.90021454971
98.5602640813
106.008267422
3.20523456355
398.409842076
20.6001720434
89.2097509428
20.6726342828
717.800119729
205.848888529
1.47314335818
826.829617568
1.96007880651
2.51380952408
1.39883787504
192.114484662
357.21233761
0.0
357.725233562
17.9532517598
598.319418894
12.7252859559
303.834856113
2.90462963164
166.654993325
46.9955090072
81.5336294565
830.562362372
662.307123324
78.9817210221
29.1247680659
3.90496870467
216.408945554
0.88922673545
631.56445925
0.399205081234
187.038648947
518.584229605
1.39058679317
11.6575669528
652.237881263
65.7179211512
3.63532625034
10.0347347994
805.522217906
365.138219735
1.15076538889
394.992781767
44.2723228415
623.791201497
517.470468562
524.077506464
17.2400525673
548.831573259
0.0
43.2049564201
72.3737536871
5.77923737558
153.92630317
5.60559868552
48.0806473328
298.337791232
261.673431143
15.9903389104
317.780440815
1.52840273348
54.0350174077
74.4822984104
328.572877091
64.1706240539
0.0
512.973627831
17.5094406271
807.877886715
2.82585216256
20.2896881286
95.0877669902
82.8317773543
0.0
2.44570099951
1931.70918929
680.744460869
136.929736179
1.40031737937
99.9917938697
134.904884985
0.0
0.0
7.22615244688
7.44603066831
4.91529722136
0.0
0.0
1.92003288641
73.3599236608
370.193752991
1.74586755532
552.246809293
505.486494612
144.707246111
542.637091681
476.164959164
35.9600624692
1.21011515852
14.1901324858
2.00881207258
1.11539563972
0.0
1.38181911214
8.6074080977
0.0
2.81124791503
61.4586078112
66.6587174273
153.891808181
12.3759075903
81.484717668
84.4757990001
1.32182331459
27.2785285266
33.8088520097
3.48484191471
7.97272193787
255.621710575
1.67041395003
339.251753043
10.5783767702
41.3531748761
0.306661304094
92.8677930519
3.13476954339
1.61801539609
648.208779243
0.628609703877
27.1451544466
12.6923887419
19.0821782813
0.0
1.77029388176
126.336168269
13.0970242511
749.627185725
0.0
10.2468394864
436.039748339
1109.5327434
34.9241673143
18.3857892034
17.1773108721
0.0
18.5706937723
4.82703575013
0.0
89.4508231196
16.688584621
65.2798182719
26.578112653
112.391986084
71.937904653
8.83713071333
67.2966895148
19.3962449173
8.72848979518
132.585973937
17.3920164073
65.8188856064
211.76497894
8.68528849176
11.9381293988
2.86719237002
5.11098789003
46.8810181334
27.9496399493
41.9395182877
193.824981352
1.43467959278
129.055770597
97.4002478852
33.3362753405
629.126568605
13.3215697175
49.6576940711
372.859894557
224.45982348
63.5313163955
1.75628210543
34.6603748156
5.25371877497
3.81797585819
2.35620883953
119.334930607
17.1602809516
77.5065235406
0.18150706453
1187.78529529
59.0277542959
405.774105024
4.44563046726
59.1476064204
414.570313942
327.535765752
0.0
3.2853855393
6.76613482814
2.69632300859
1.97312990923
3.39269534989
21.2647495465
8.70632289272
13.5506697362
0.288421894327
2.32206531606
2.67557982226
55.5717537895
8.09295900127
105.155453676
1.82987461476
0.943306747197
48.998409757
7.68797872062
1.82703834024
83.9858532179
31.2376687357
97.5147253698
12.10783167
583.084814368
375.899828543
75.4954765908
475.423398343
1.8978213534
599.949001425
17.1315321517
0.513915760793
57.6986606569
222.419320336
62.3471148782
39.2772116054
51.7422085645
171.480092107
19.5337618326
19.2555670399
0.253991619256
1597.35249573
5.5635187259
780.098472331
489.273254874
98.1590338866
9.02418424551
528.905582108
2.97611892403
93.5460342127
431.376338405
0.979530056553
21.7096385082
15.8280754441
0.130338083559
327.249250701
91.5748568921
1.11774990378
0.0
1097.25540026
102.947997505
105.129191916
0.919617941378
4.8141029185
105.269584158
38.433940997
521.98607646
91.224911718
19.3181246338
7.74495860548
35.9779850017
9.19094089729
302.823489935
12.0232254448
15.4544414642
158.950964325
445.779527324
307.419368196
0.0
175.068176869
0.0642635985163
12.7321557207
0.852496868806
0.0
43.4919211254
185.128516242
31.4340310948
0.136774931602
25.3815428811
6.03510794301
8.36225333692
2.716624352
346.12943982
22.7804995054
112.029864567
7.90024073044
269.595598886
94.8069981275
0.665891874181
60.9560081385
97.6573368675
84.1977023948
0.361344944682
554.128926254
409.900357814
9.1001310189
8.38243083039
189.713505753
41.6309021634
105.658462834
6.48213471034
0.0
0.0
877.959222077
9.30063732912
33.0640510062
392.671217428
59.8418175249
1.02329593703
15.1873931633
16.1970087062
0.0
79.4323595206
270.251197829
2.3827138361
31.8592524677
12.1573649396
89.2656741982
196.158983122
59.1435171418
14.5403465593
40.5957177507
0.885220023491
612.822678541
46.5104815169
850.072616152
70.4709359382
1.5554410657
0.193970159109
22.951348783
44.842345959
0.822705944424
0.052155317193
5.15530942146
2.59208713045
107.333704699
0.673529285318
210.480842818
9.51054507489
4.68754616238
2.82116148668
625.721877666
1.33967443814
919.404322596
495.981749283
1372.20848072
9.83307255668
0.812633934153
83.8229838911
14.5937660382
33.9700956668
122.652782675
513.324680958
0.604128704935
397.725627109
0.86790893017
7.40679925663
66.7020626642
173.271757351
8.20209643486
182.863978652
1186.58017876
51.1318237655
12.5149095888
18.3303055593
4.33158032056
132.684335313
9.15339429072
711.599156671
73.035079851
74.8855526027
52.485899382
1.53834531502
6.42122844859
1.27907724328
405.974562241
2.52442491188
0.0
0.0
286.588168092
89.2889769494
0.15985787705
2.4807706079
2.15669556012
78.2283699117
142.977132041
49.7861922583
2.2818520312
0.377968726791
7.13023348074
2.83408204488
54.7557580556
31.2116401708
7.94770202445
5.91400058296
0.0
0.115522956449
1.51346487222
88.028447067
0.979530056553
301.771800011
32.7619900009
8.41511828063
2.45617468517
1.52811486612
0.590923626658
0.536420739993
285.740857299
1.52906996092
183.999512733
7.4735220011
6.28951351107
611.305464699
3.56353235413
33.7463078049
2.34752260933
0.0
568.44444729
97.3646203944
584.698299758
0.0996634733362
26.0619832145
1.82703834024
80.3884361977
827.620927002
6.76366675606
19.1168930764
60.8317944889
6.26417002581
3.53540503531
13.4402904562
271.518709053
7.61666571909
406.762093695
1.12932708098
0.993976981233
6.59776478023
5.23914688463
2.3512202544
27.4197040352
0.508760926687
4.92666798205
0.426304780531
5.96221278678
0.0
0.346105826886
28.5967590779
339.659090935
93.7083869402
7.09364196895
297.458277231
1061.74009509
188.587203511
130.662821371
3.28890019892
2.58639449765
40.3730289174
575.916464125
243.819502548
136.73506532
300.372868413
781.847899177
0.0
0.0
587.421114374
471.749526876
64.4444986046
9.33695436275
28.4166623403
0.0
15.5529333843
6.3096229429
1.72262617124
6.4373010428
38.8490234136
197.272052391
265.899676557
255.929867005
95.9516837134
3.34371326824
544.2933131
16.8324658597
0.0555416638402
0.0
0.0
68.2951384819
0.227252312039
607.808648394
853.024043198
2643.91440829
19.3303723857
617.705592916
82.6891044892
37.6386795232
34.1118681097
368.815139471
130.722944366
53.2498368703
24.5851477902
18.9740985928
3.86442180609
30.3826089548
0.0
3.12101327723
0.614288860642
2820.69458366
27.8489510878
13.2976834212
0.0
340.972161074
14.2875833973
13.6414840777
40.0042440519
344.232104941
5.57090062687
704.156129643
418.659642722
478.645231025
4.58619118938
3.05646069559
57.9675455067
0.688397969147
0.150165226862
5.2949998469
1503.55394382
12.5055338159
244.202649541
0.295795984933
14.6977508691
305.248116366
98.3022445506
5.59202652057
19.9301741542
166.105984524
7.15983584085
157.007738032
10.4099933331
222.667533407
0.0
1.00453546503
168.30047997
5.56301105285
295.509147426
2.53056385068
1542.36512941
256.072972787
563.432440025
11.7839340289
0.0
0.547714512898
15.570237783
98.8181363312
191.916444192
0.70819387103
17.2779528714
9.32623967184
3.97426328738
209.0451635
199.219219566
32.9715440492
180.374701452
1.24317638999
153.322755778
1695.25779796
0.754388771818
72.1125084799
0.0
15.8381374125
9.43405269244
6.4162577157
614.339407026
167.319184773
13.9458056226
161.088666218
7.25122368548
410.544299245
16.0836481023
44.9893100561
7.67608131886
4.2837385507
3276.25259251
0.154672917292
3.15620115671
3.09720731608
3.00717735739
3.36453790541
235.228651287
42.0066382445
0.0
13.651560551
0.0
0.739530129873
0.0
0.0
0.0
65.2436775291
0.0414205425328
43.6664691639
13.9370100475
2.11801979937
64.0925640216
0.0
0.625760040175
1.9466873955
291.650298865
0.338162696151
158.380372168
21.3785564565
13.5785393133
0.804582574213
5.92430020928
722.207339987
201.81159791
306.38506189
1.90005065178
145.618620782
1922.20491481
38.40151352
267.882704417
66.2663754163
406.620007722
21.3095620145
322.134886507
3.47637214291
1.48361258077
358.27639021
2.45831249083
4.51569604356
30.8245924645
151.188972452
266.582232381
0.0
1.43780931349
1.61266307157
0.0
556.75440042
126.155750191
64.5147471664
0.26579418098
18.5096536187
13.8429588718
5.5622991948
74.5471477856
1174.12669761
82.6327260015
17.4782962798
17.1715490619
24.2193107757
131.774076408
1.47013637162
1.65624373507
5.4566262114
121.14835773
1.75399255573
2.67557982226
63.1032609798
0.0
14.9037590164
528.241655095
79.5625715227
66.4150934959
497.939200464
77.4148879961
788.663273828
34.7180888739
130.618137216
107.941594648
196.736768615
3.18872235793
10.9686456899
203.437321011
0.0
162.864595829
17.8116600709
1.62316465136
0.0
183.912192967
60.2062732224
9.6271268923
43.983820612
15.5062062635
804.324980907
161.576359271
6.95739479417
2.22487549363
311.181391789
426.024166761
100.809973156
3.79476459977
10.3509437043
108.773688639
356.351293982
427.896916875
4.06368626993
3.72771270463
175.660677071
2.9297343432
0.0
903.62382337
558.851256389
354.341078278
279.988480848
70.3953328204
0.0
27.7039585474
0.0
17.5393040762
10.6581517332
270.698553747
76.2662704548
0.638100400608
10.6109280971
17.8816877112
381.479740088
56.276376097
66.5844889318
25.5035004541
11.3530780431
17.3638154479
0.0
242.964808738
9.28289778206
62.0913000991
14.5384620323
1214.58306301
266.949875819
31.7048930802
29.5407375156
367.735306609
517.57695159
1.28182871966
2.11058545746
83.969118975
9.2137627537
175.935399604
5.55927881906
30.9183312259
2.47383389716
824.989564945
9.22731929794
1.96391034338
0.0459293487277
208.04599598
4.39557613549
43.9554645615
17.8925909664
27.1148625437
330.887056181
2.02888356841
85.2035053686
9.86481160667
4.97605285485
24.2790175903
27.7642600646
27.8135657181
0.327680084371
1.86056038263
497.311872774
7.72104106784
463.038075928
2099.76898648
529.156743031
7.24728726671
390.58729206
15.9404374384
373.414913983
3.31411983426
1.68738473504
289.701998073
227.824042277
250.325243499
3.45964571042
87.8091289595
615.03635845
644.515364037
646.259605923
650.892921445
128.837039382
606.620426776
114.853869023
456.986820634
373.643314418
0.0
0.4451969128
1.49516074809
21.8258710911
323.53612997
1.10032053937
38.3070104596
90.039056637
871.898457119
7.6835658702
84.6099396105
1.64914746994
134.466609162
146.238635748
173.637634533
5.80306565202
3.18568524573
2.04563231619
199.238161907
500.338722183
0.0
53.2048469956
82.6067097101
0.230695562699
82.6347053685
36.9774805565
6.70847878971
0.438186561569
8.5522379836
27.3853540952
8.72218907046
80.5879226988
12.717462212
11.5901301187
12.0968369221
1.15323011367
1377.54396386
935.606366749
12.8977073464
21.416711155
22.9296337655
106.523892535
181.117431596
148.471583801
37.6819812454
91.3056295023
0.0
65.914636092
626.173799294
0.0
0.407219620927
315.029141834
24.583500921
31.9998444311
75.9288664789
63.9714443882
101.284049413
8.60663598836
391.289905989
8.93895877072
0.140345379467
97.3327742313
2.44464994892
2.44055955458
0.913539253883
61.0727327739
1.36046560237
587.183803441
5.70952549677
0.664016273286
25.5243864584
21.4016505596
285.823290014
0.0
543.8775099
3.12907914211
58.2313692469
687.634428871
69.5551115977
36.036653039
45.5494006339
0.137011473772
9.02194602099
575.176282388
8.76905900905
46.5238628861
6.62826198382
20.2232376307
339.792614528
46.6062364656
5.2942031907
103.270772686
301.064580203
7.83922400796
34.027719348
8.10501372588
16.8510946714
1.01813663986
10.8496080738
0.0
137.908824393
0.46334706137
1.77690032609
9.39591026732
4.49563458963
157.177500555
7.22145619217
3.13891684174
124.965389651
28.9945437904
0.984193954081
0.0
81.5709027005
49.33810663
1.55539197205
82.9319317642
249.127916122
172.08651594
99.0884337396
48.8279833543
5.13379189424
271.447902609
212.750125757
49.1074356141
0.0
156.048880869
0.0481039746308
43.8567260572
21.5725299629
467.454546994
235.017964737
51.4730938671
94.1454454633
0.0
8.90818820471
300.115367713
4.55924434987
49.4283351948
192.511893361
108.585309578
102.307281751
11.6681957298
66.0960025702
9.46678142594
621.039559977
12.8038871341
27.2073293331
102.241159288
0.0
48.4940694911
132.735600248
186.606293373
315.325006998
123.196827437
20.008032233
0.0311376526806
56.0133679811
464.467127601
473.739706789
56.507753392
6.73811462276
272.161806965
1368.52113527
32.3791833173
10.7858197912
22.7588068031
208.666617923
106.197776753
38.2633293773
45.4433505221
8.82981241101
2.75594056182
6.72904345365
260.098321372
74.8610236259
0.293862364262
243.99685562
7.6979581224
0.598359084337
81.8185924794
92.736891507
571.941862761
546.258196391
6.7081351341
0.0
0.0
895.705821893
2.00706478466
1.67078326823
11.3968684704
1.36995629911
34.4120546297
399.606583676
677.045619698
586.645180181
34.6656445735
0.0
2.65632841367
83.4359730052
816.257925345
2.64556016606
776.790941089
10.5257204746
219.364590191
164.605837423
0.0
7.14177495347
7.26264465559
123.664415521
0.0
9.09325790675
219.371783528
62.0792409114
1.03079945637
3.0479172833
159.97911384
78.3480959547
9.86742026516
63.9738165045
5.39514421493
3.79905360027
773.303430264
0.121663011011
1.72629815371
13.0544589338
553.224582019
2.00810021455
262.165997857
0.254896504637
89.8055962087
1.63700794719
0.774302944787
623.950540544
0.857536779121
70.5529413153
62.5899421532
10.8276743663
7.93812876112
12.5260984798
0.0
0.736168330055
207.068196475
20.7389397312
1.81815461964
64.2124061043
1111.94085763
2.36448558399
87.4443117544
0.353272385211
8.9943810477
4.03144512571
66.1065922955
97.2747064749
219.076278757
1.9351671223
6.5898595855
817.005507951
90.5548346095
2.03877928783
0.104003799023
0.0
76.5217170315
0.727010131281
4.55739441157
1.84383729744
34.3508147542
5.45888005662
57.7931079291
424.370042979
29.3283092569
2.43367416903
20.4117159946
810.724813447
0.739044772117
261.676399078
6.10896042558
1.89600265652
358.3506466
6.6313258744
130.555835133
171.869861164
2.25006277179
11.1304528084
53.4571337261
194.538652513
797.882047482
66.4117618218
171.060578987
477.14305881
2.06804468691
1.59649005851
8.82451364321
673.447170596
229.481551289
4.54200354974
578.439958488
0.0
0.711518850604
93.5927490601
0.0
1197.53382298
228.96824362
1.86076456762
402.38176672
420.2521707
498.116601513
112.97027702
150.836271339
113.692730367
957.948415256
0.0
325.590246563
13.3967957066
788.38407373
174.583890246
59.2759361271
142.287571445
200.004600941
1.96355441436
31.7829296815
107.035967283
22.3955103854
138.427426366
12.1096559457
55.1244134923
44.9236026577
0.529846652862
0.0
551.484464001
157.626881586
0.73962385413
217.845140356
40.82360047
60.3475948961
19.7198346075
0.256242117175
140.889040406
0.405745695417
95.6935258275
8.99858636584
217.644791369
9.10272070935
0.0
4.18691023613
1.79951018719
84.7341867333
7.56802617727
1.02961339822
2.76428202065
29.7326211943
187.866651427
6.84728999235
215.494220242
7.0718131433
1.24516579891
15.8650552421
360.037753509
92.5220710485
2.59667180868
7.45915764304
404.008257466
19.0508197071
425.478518645
420.995025809
83.5759870025
1.81183046386
392.501495073
581.251345873
20.8035871529
152.39628704
0.0
650.861049619
32.716821604
580.971142705
642.954982365
287.546756355
7.10058872158
1.24516579891
5.85287674702
20.6291618485
178.215648281
134.087419788
0.0
0.0
0.330550947607
13.3396942033
7.37104233702
168.255935286
792.397847372
361.982036431
209.678244075
402.611932294
324.329181114
0.191802227797
79.6833385745
91.9004393383
471.458347927
113.316748818
234.840967595
1047.10127669
2.75055476437
19.330038772
7.33760397699
127.051590066
82.2165322831
12.8755761484
158.515143185
579.334183851
1.14229784862
255.627558301
29.287104057
2.86390755798
250.74001908
0.0
413.828850191
47.4414021573
242.643944862
1186.74116467
0.0
0.72157970323
0.0
1.92913083389
5.13327641084
85.7884116749
438.47815893
136.228433273
5.55927881906
1.83416138372
0.0
0.0
2023.87391988
0.229548556322
252.868628604
1016.35165359
17.2259280987
20.5871075515
1.71801136737
116.235785206
0.232117047255
22.2061963135
3.95035244433
38.9266114773
0.0771506837802
698.807259548
88.9228844248
362.671701909
1.74263741576
22.0314318166
34.6375261809
679.293433088
1.9466873955
0.352540443399
3.42440650576
149.890011161
32.9903335311
10.5858133437
341.1719466
148.023667769
3.6521397125
241.415658356
794.716980457
2609.13728094
1.56781043603
4872.46448524
415.042173174
4.63688708601
20.6042523958
0.409747944322
0.34082044828
204.907803269
188.803983253
25.4391788358
0.0
53.4288647051
361.396840026
17.9154351381
7.01349768779
133.174197412
139.054710541
1.98606608815
212.097740218
5.65570768979
0.0445357582954
8.38608607645
3.91119690466
60.5475087352
113.781065479
0.811730164533
35.9062468939
15.848174834
24.8292369954
136.559417137
113.711924872
36.6427789632
0.752804385577
147.791494933
35.1821600667
52.8424041383
797.755731731
11.1503915281
16.8109717635
7.73055184835
7.64034783032
40.8457495202
0.0
2.56366971274
3.1024224015
105.743065712
0.0
198.73590589
0.0
1874.83678718
446.138568214
53.3287437681
0.0
0.771080615588
43.2929523393
121.501885625
23.1708933907
43.7142506824
4.279901435
1.55622879577
1.10015540616
174.349541669
21.7224910047
13.4375579478
378.808636715
36.0325135511
312.870789363
197.615364342
61.0604839062
16.2948914187
9.55917903784
57.2088063675
422.406516459
0.0
2.35664733516
18.9328019002
111.573409586
112.364155559
10.3507183197
3.37067795997
700.074393643
127.727025078
209.641351306
226.143484908
105.745894176
77.3712247661
79.1132128066
9.3908558521
13.9500421822
1.4460972156
102.423481977
2.79103025398
25.8658964493
82.8567414795
92.1058260045
3.95698789854
387.099838138
1.86582679323
14.8875436043
454.240136459
2.28916475474
0.0
95.4398120338
3.74191527678
18.6132166906
240.416747462
523.07364269
5.91829069922
600.161196489
252.457945648
600.470841348
1344.54212121
229.253291441
1.23347369791
32.3754588939
549.239059547
48.8918173833
1.1248718315
1738.10091851
1.92638716785
979.909912042
43.7492522293
0.139119153778
6.18673816927
0.730676534933
4.43058214527
1.68785670361
230.941454981
639.242480884
913.1438491
1.39001998457
3.77567609288
411.725738128
243.688328757
557.79182752
113.079437885
162.63098812
115.167451417
0.610869041046
226.475410478
1.98857767508
217.05142868
491.749397288
6.30752084173
1.67830463981
0.570084484539
267.715609689
7.82413998149
3.09960844227
1.78775560335
0.0
4.11533391406
2.49274388167
2.79614826785
100.552649862
35.7796711697
0.0
0.978091835526
13.632690734
249.296048512
102.526666805
6.20325149065
1.09881425667
20.6181626376
356.827879595
0.369767854349
12.0764608225
53.281705349
9.39140034539
2.78280929777
2.78182519308
86.4613529522
129.268057155
139.813444102
9.1417401257
114.218639486
1.34241587264
5.85177660278
2.05474142132
32.5740449726
0.0
560.368710121
132.130680467
153.302133095
280.957455769
1207.00530847
1.9466873955
683.145617184
0.0316442099715
130.194212362
550.020951925
407.224938663
75.4725732835
0.0
166.245738548
79.9524465774
1.50024082595
152.807900543
64.215478921
1.80514814752
1.87931527581
47.2392612515
1.91811265493
7.69693161864
134.157426229
0.209689055837
10.0489708445
63.5987398405
226.614131304
11.3827484649
2.3034242309
144.442804238
225.097289011
63.4770087678
336.16237505
1760.43175358
15.3639395369
1.91261639674
50.558720021
213.215362925
480.270137386
948.785470019
732.32228713
690.257500794
20.3873733507
1.82314320477
75.9743539847
466.922391823
233.564451032
135.692024806
775.125910704
0.0
0.603252829444
4.0735674844
10.6448049527
23.3769238532
0.0
4.06842603947
101.347579954
593.052999366
170.811301475
51.2899243127
74.0717950933
390.644104579
426.123910568
2.2492571895
476.985292993
41.6515148052
139.287859671
0.271947624724
1662.77667278
679.092826359
2.08112703104
710.348746777
738.498662073
0.0
0.0
1.48115120328
35.2139392842
2.54945375141
21.7451109077
192.848493986
0.353229986143
3.38007604822
7.25896821006
14.2564044612
544.688183434
2.60240460903
25.883059146
101.999531461
9.88438435558
1.33627916538
4.14156666399
60.0345469535
160.036521063
48.3318517712
2.34187125982
67.6236175736
0.676935715734
256.720549379
4.33260570856
51.3619859925
16.4649194934
8.02346692815
14.1912326301
0.457952337799
11.5838796035
4.32870276274
36.8571955151
5.01800115421
89.3989456279
2.48039571088
10.94741603
3.89598121792
488.605636911
444.190480534
879.515129532
27.1499076053
656.869019926
242.5176425
97.5238746425
250.54092756
188.995118253
0.767470000185
564.494499868
210.046254598
2.29250312349
23.7362927781
1.02003120876
3.99518276457
2.25069652628
102.802714866
172.665079123
390.083451656
5.13169648766
136.902837318
67.8987540546
71.0742757974
19.7652306204
636.879472572
2.19676044821
685.42425358
6.84912207843
1.65836592001
302.351437675
105.387013957
330.857589945
735.042247618
2063.7261019
2497.9728684
56.4023850125
1.35710826561
8.75641850784
513.780391725
189.458634911
0.0
66.6557896599
3.18341354827
270.459786741
0.626021129175
667.549176776
582.116107231
126.570889512
0.0445357582954
0.0
28.2725769168
3.99154425504
124.162667056
15.5390443421
466.373118585
104.439804263
3.26500609235
122.241661224
3.99415068199
10.0699896248
33.5256117277
194.113508128
1.37089912048
7.32541424483
451.220481501
102.83147817
66.5306008317
183.687137597
0.944771746585
756.108796025
67.7514440703
10.1885653142
0.181588515372
6.42648147001
323.733609211
511.931812427
4.57400257297
114.177070547
5.27254730864
2.06124075219
171.340286758
1.55849268287
32.4666548269
272.900056197
39.685819238
153.270610503
525.723590044
3.27236009919
1.89110779564
0.0
0.0
154.147285999
49.0185760928
9.59267876497
3.42409297582
10.1986105461
523.374548878
106.960818282
2.44117880412
13.8936090221
406.16076556
891.849791755
14.3274206693
2.54002330599
92.4931448416
969.506450397
18.3413181595
0.0
6.44359953599
3.39320971754
3.31890311863
2331.7567601
16.3427476935
5.16420653123
207.635708006
851.254413198
9.30358183285
17.6265557802
1.95600180137
18.6446065062
142.005690166
0.0401987799039
268.921139054
0.0657419870856
939.003686945
2.27375938796
32.2765016998
1.36435515902
352.608024167
789.872537658
516.142128064
0.852519184104
1.63200150983
7.84700535278
2.05935622519
1.14611488054
20.6973585185
409.780755621
1075.85947022
1.56908240808
968.87423231
176.866821223
42.6463074106
182.936131824
619.724348686
591.1895313
0.388646597437
68.2567595148
143.526958697
4.06102070745
1.09471828352
94.8009183244
6.88652586711
1.44983725974
211.286680628
35.8369110278
146.558758755
63.5222508054
39.8413345578
1.68535404281
28.784363798
11.4368786859
5.84749429688
708.823721465
1104.89636176
24.2495033756
27.292852717
56.5984237999
711.745020626
123.94356764
693.690847924
133.274352938
560.455034624
81.9919075976
167.577862605
106.557152372
690.230735824
229.254602465
6.51830557875
391.841257896
36.6519661719
164.503195973
129.711531326
29.1179808678
637.747436175
9.2849786837
73.2457184229
26.51139214
471.953396101
203.015102162
172.506613721
88.9452990271
43.3838860676
0.881662964804
344.639561104
166.988048049
2.20044247258
311.482545677
45.4981981801
4.26796163419
27.327701404
96.1783100811
13.1131816435
718.298171543
42.3199372343
130.471587068
8.57682274868
47.5313272341
467.035355214
4.77229855282
58.142930369
6.23629486987
410.989225027
4.24973338208
780.071735255
86.8451035729
94.6191959173
3.87324862268
26.3179385802
27.5094148851
9.94604599021
27.9677488145
54.111524295
5.11635806678
1.51737228111
106.928104053
0.798592032159
96.7623036916
171.38852574
0.182984337334
300.201084124
401.256649419
42.1157154268
581.998722063
37.0562055846
117.382077494
60.0397531128
193.167965388
3.05925791834
327.7329058
416.817870705
1.35494256583
0.105854853087
86.1683173695
59.0563078369
1.8245367952
15.5798813395
6.72904345365
227.106055337
101.188618036
171.827153029
811.602180716
465.833903971
8.67284436522
458.951785376
1.00654495772
0.205560725493
326.548018088
11.2110735211
0.257836545301
1.16613505118
756.953947813
4.92198846381
0.861096069334
1.44544560886
4.207228316
32.3655631744
0.766199143897
31.9790454566
1.8495187726
342.049169936
1.88670498712
4.23621477384
32.3084973758
2.57270071431
8.44837923402
52.7136482094
1.91865491669
222.172202945
192.065922108
115.699395708
6.7567657498
45.2923116512
206.760677147
49.9480629754
610.83634467
62.9214236489
17.9715157164
61.9994291282
6.61622845876
560.923291052
9.94842145381
2.52452756226
0.0
0.0996634733362
48.1449298992
23.2522672448
19.9753079625
211.955572794
98.0984835535
18.4843067862
6.93662817678
58.6859408168
247.388340365
47.8205826049
71.395958645
150.388657679
78.272724916
64.2004127467
43.2030004842
53.6274842568
594.239514979
2.10562588222
1.11539563972
160.718407427
0.0
245.652920833
120.252025803
181.494277863
46.7610945999
812.717183606
569.812976526
12.5180024894
32.6228697314
706.410030647
1.04076100592
10.3968317697
313.567830049
2.1084666198
60.1216658814
19.6937904217
0.66726649661
1.07656813495
64.7021934477
0.0
0.51503822034
0.0
50.2530852207
88.734339115
594.963241415
19.5007162219
0.725994785169
1085.70896572
0.523340627392
64.7823031403
4.68914282204
1.41313640298
1.60369455284
680.616024048
1.96002636557
80.4028083661
17.2086103107
448.031328458
647.335794698
36.5949684348
95.3610211756
46.1478076962
2.74076057957
387.520000634
136.628468483
273.949632862
3.52579941477
1.54750909262
14.8578151628
1.17960010269
0.0
287.397945667
27.008274633
1.85684376955
4.60034243633
58.6454307384
5.51781029863
1.25829612094
785.008716253
30.5977038918
255.544154869
52.5353199593
203.505541112
202.571323386
63.3044211283
0.642698468001
12.8997625855
37.1800488004
1.11843163617
235.402102529
0.796755483036
3.96677315722
3239.74132096
8.59382923817
2.45755934948
80.4422897092
0.0
0.0294796259532
22.4026959117
0.854515287615
12.8653724779
129.70989673
145.388276685
118.094736656
47.0222047996
59.0317331137
2.27849915751
188.652447866
1.7170105262
662.49882848
273.478115054
2.02888356841
0.0794804010127
124.444205798
63.9441795557
127.407303745
62.8578852976
92.5900568386
8.23965754641
34.2746794165
495.695753062
141.400440117
8.82784085432
862.276512954
1064.84461178
953.145475567
0.737663455099
1.20789924932
3.18273293164
0.771717717379
67.5562041706
127.556420152
0.166119549996
39.8833531503
1454.95442115
184.379804483
83.904183686
192.826595983
0.179498687606
79.5252134804
36.5392850688
0.0
0.0
118.138407697
154.534949607
35.1642219135
8.13814636631
133.367868546
304.248143263
74.1305668966
17.1106249479
44.2016157003
34.0373829884
0.0
239.108935923
317.680178176
1.7452025594
9.68818043505
29.5351241021
2.20786788837
971.389813668
317.430790201
51.8975732561
9.14097247942
176.431300223
0.0
10.7460572754
13.3922500801
3.30739511886
240.239457989
6.62177492635
608.482929705
9.93048106905
0.0
160.675727186
123.407329885
87.8576301465
2.14366454117
71.1951890143
57.7707881668
9.08198087032
0.0
13.9388733749
3.77413968452
18.1747422617
370.893558541
0.0
78.0107946291
3.71527527265
0.456634619383
358.680936457
5.15803300372
366.35516226
111.411408325
0.972364613998
107.597624395
15.5244333999
3.89311704929
8.17733314739
1053.18550619
93.1493786544
20.8306266009
444.617146823
88.6200937094
8.74646476866
360.875383925
16.6197988271
9.47159372021
2319.86720107
639.177142804
85.1296205289
5.90937908449
483.405930086
310.57422374
15.2259216431
7.19627784013
47.3603306755
0.591694620244
546.826090629
27.5898336444
780.872153794
51.6265271694
4.44443213571
12.3589736256
312.622035145
536.429948402
0.0
1.29656797476
3578.1321453
439.639913488
126.297129885
2.83785444621
4.06105194887
3.30082437902
489.159614213
179.023189863
39.0785150658
88.4900367986
2.73864174191
53.4091524856
237.458953862
5.17904843671
4.7402292364
29.9362259839
0.0
964.802225781
12.663682341
739.820151774
1.47573974323
11.4986597076
507.846846288
177.570859985
596.488114984
1.04015960861
190.337358951
12.1539808245
5.64378908851
79.3865562534
93.6842685649
271.517069994
465.295202607
0.203219850611
33.2468545896
3.53923991947
40.3981168925
1.73238576733
1.72885102394
75.1622533862
2.72085310118
298.846523149
24.0118565971
0.0
47.8417810233
0.334960450722
1.60827030493
29.234857247
0.0
56.3211640182
44.4194453772
28.4887798084
1.10926339551
1988.8367702
847.318723021
10.6347764573
2.65610191339
100.624818656
89.5568631897
394.603784819
32.389429387
91.8498985331
3.34973282018
11.5693244497
4.55793221027
2.30402562822
253.132093068
10.9178716898
25.5868983058
177.442581604
14.3475267538
21.8469088394
207.355692284
0.0
0.600359650908
21.2143147388
0.794734832695
3.33789901704
697.069977805
0.0
874.603015588
244.352390777
503.804561504
51.8228292775
367.137795506
3.1858704627
0.0
2.57921231861
542.024266704
268.837304937
35.2574362654
3.56410474155
794.176809631
1.45803032182
25.6797243715
57.930962921
5.18110479153
65.1684459612
22.0316627799
287.66924838
2.16950565759
179.072113926
166.243629752
75.5839288579
2.4675978868
81.708613759
2.35717397622
40.8709914708
244.523269064
9.22789280117
88.5327572072
18.9291488857
1.49913175558
228.021496971
0.0
1.96007880651
171.100850292
29.2847788028
18.7378342473
20.8331605031
790.442000661
18.0932334
87.415398937
220.100812078
775.782821786
19.6759448771
195.298785243
13.0519094108
1.19129220369
2.55569868789
0.830017552194
12.6666402339
134.596480856
3.12382612069
45.7664459281
0.874692781113
194.553167499
2.86939042699
322.264642161
523.563223617
4724.8770057
8.30587484935
449.106256419
7.64225801993
126.381223974
1.87131412529
2.82299245696
31.8113738776
577.376981486
745.690416603
351.170147907
1039.35388237
6.48699386674
19.309730734
34.7911011854
38.5937029182
5.71588535702
120.430924209
0.0311376526806
9.96952503221
1.64910507086
76.4176228556
18.2924074869
6.85587691947
29.5133220549
7.05846636289
9.4709510396
4.34258399458
11.2202484564
6.25836581651
176.922989946
234.152462512
8.49866006609
1.99837409141
1.89385034591
7.57811157673
104.653763352
130.991775659
34.8183001878
283.735711629
0.0
19.1522170792
126.470843331
762.822900502
2.182999719
970.480638171
0.0
1.2954968404
27.0206462349
71.2790454455
0.787785848539
0.0
388.61864083
48.716765019
46.8228611164
5.80233259444
0.98600930367
2.32616240498
213.332994677
73.5692244306
174.438909979
196.299424457
186.757338938
39.8997905997
1.57704896988
93.8109368975
211.258151634
16.038655996
62.5814690343
303.577536167
2.06124075219
12.8711264778
0.418584802788
1.54644018979
52.9173846592
9.60937953485
169.245132329
0.0
20.258649779
1.63049745866
3.42135377283
11.1846365862
0.526642175902
1.91898518311
141.965399893
3.75368436556
0.486656507105
110.995142081
107.840550973
1208.97531759
0.0
75.3499763772
7.72334623825
0.376946686089
38.7238714055
0.80486039969
790.905968088
8.11974628637
548.086533482
28.9260659477
90.4490255027
419.603922417
72.7659852373
77.9579709688
127.722517387
100.768801429
4.06135208964
1.75536829392
43.9516720762
236.735784192
105.574933322
111.022419187
1.68947567858
27.1150287927
646.460965794
784.546951347
1218.1844488
0.174775654538
158.457047536
53.581236915
73.0510698786
68.9131249877
25.5116600432
0.497390166001
42.9218511458
461.710987318
4.77148739169
5.75745541206
141.658644865
164.558729827
228.499786356
1.09125271756
50.1254182784
6.72904345365
4.74041668492
37.5010487999
3.03853704731
4.06245558117
2.05242955632
569.019284933
393.197937708
20.6363484906
33.6740932653
125.032813096
1.2531200873
0.0
1175.16278579
20.4980628133
2.26627595239
6.89435853711
41.3100951911
9.60139400507
172.006417406
19.2366570555
1.78296227711
2093.16743592
1.18099815618
9.18663627607
7.757118212
181.453829152
13.0566357912
20.7217569509
0.0
2.84509129773
294.709868083
1.63121712706
5.7584317064
437.274829854
5.763156971
13.3766840432
197.164472565
85.6224349428
0.0
174.186882106
1.12175661574
0.0
632.202615438
0.734477946144
59.1102349889
22.4400327545
16.7549012271
32.413700622
34.8199961506
7.58258914151
182.846515815
2.8870072399
1700.10438526
479.386265207
10.3127097864
0.782786105761
1.1027841484
2.88871659182
387.746052382
144.909568887
0.0
100.233773163
535.48203243
0.999860409852
5.1795962773
17.4163043788
180.329924688
3.43427879411
1.0854150353
1.7452025594
226.675743845
0.0
0.0
83.6868259776
31.7337277941
1.2787391665
6.76613482814
5.69915780877
55.8473845545
179.803212219
13.9892133426
80.3233313124
0.0
337.494756848
1.39112793918
566.984149733
5.0773174509
17.5896016448
0.0515818140046
35.5592841594
2.33574794173
88.5752421896
209.227251878
38.2450286005
0.944351103202
0.0
6.38896498907
26.1310981591
22.4256795541
128.973195064
49.7906586654
1.70686264391
94.9413206079
272.915515119
228.78437225
31.0135584177
0.0
180.091004822
465.575805221
50.3542203879
146.028922145
428.727840429
12.4979008678
5.92792979269
145.528445773
104.126414897
0.0
1.1758935315
121.080369708
1.39495612875
7.44343428326
2.18555147346
59.4072694729
2.70074924818
19.9020724979
2.19397438311
13.6891540198
59.5037083855
35.7312882538
0.0
614.028265926
13.1767133002
165.220095041
155.628886856
595.810545513
428.410709903
12.3233617555
611.682671358
972.630633563
6.63950108423
1.40328308263
2.61216420511
325.376785106
21.9149559968
3.60144493163
6.82208820925
381.522800804
1.81297300717
1.50785926908
0.462891829267
268.955370722
12.5059544592
134.332850143
75.4842709634
294.545226921
1.96009889029
212.440950635
340.830680962
57.7171801237
1226.72117877
3.48251889207
4.45131975278
6.74682651555
13.568614584
56.8539217018
37.2617138691
675.70144538
509.044251767
4.58283608414
103.651635708
0.0
10.4962966368
0.226801542996
1.29244522324
33.7674381617
0.671544339457
319.409127386
3.08203291266
0.878686103896
0.327138938367
384.98717959
0.223995394127
0.154659528112
20.264151616
747.106140465
36.3623939239
26.0921635409
70.6760603995
696.914898749
0.648141169466
138.601506899
79.1541189815
30.9882327847
36.860466938
66.3365570321
5.64263873483
1397.75094814
6.72904345365
11.2144866461
2.41648246255
0.0
145.899249058
10.808948483
0.0
40.132718808
11.4983517563
17.5996178668
23.300059921
24.3496388174
7.29831900859
103.771539157
243.402516637
1.73393444908
301.241936622
1.72123815963
610.579409663
28.1260111477
0.0
1.20909869666
33.8226573695
54.2642535498
6.93673752173
9.66395271473
711.310353187
14.5022922796
397.37765907
815.563221072
6.44075433536
2.56135003739
160.088288094
50.5557119187
698.502400204
50.9912976321
1.29533170718
53.6375830454
537.622045071
294.815804387
13.2189137625
7.15036188059
116.426882271
130.507907449
53.0521813396
41.6880873489
3.25766101163
1.04803579344
33.4922146511
2.26224692513
1.62485949833
25.4178175157
23.0464989871
1389.83683399
1.14988058728
446.525026797
435.802739779
3.08933782583
2.10310760071
0.365943012073
420.25081393
7.04225429804
127.985489799
290.482846097
0.0
86.3012261757
5.06005545125
427.096952452
0.540774454859
10.8799401442
13.8791665605
4.23553862028
37.9483634346
198.067120837
36.1173016459
178.387682501
1.78769869935
6.38350778266
13.2381674026
216.268231972
1.5616023198
85.1686689552
1.35727228306
9.02525426406
95.3625609313
3.49399453466
34.5147831094
52.1517579028
252.641552583
0.0
358.45832796
307.104668921
33.105717017
1.54644018979
6.05655294551
5.13820920772
30.7436314434
704.121396995
17.9663441459
1594.28935495
1.61244215011
0.280777788601
2.36140607271
7.59708069679
104.070251752
1308.17298472
13.6434366663
235.131960212
53.1256723143
882.45738499
447.615629023
3.08023095226
5.30347519752
26.2366617976
31.6037601445
0.444858836016
1.95305729764
5.90958773254
42.3652663015
16.7229044354
4.99006239965
31.2802708733
697.489824536
35.7076675097
0.152000660217
71.838724306
27.3262810352
2.04381696661
65.4389598279
25.908892452
146.705279895
3.15402318351
0.698427580353
0.0
67.0109778135
79.985016872
189.005853028
51.4766576204
50.2574188518
60.0275990851
463.513949682
47.1176261345
111.196304462
163.758461915
34.5681758098
60.9585554299
681.424357825
170.860932932
208.613675991
11.4673636162
16.4622650885
233.828390811
149.262800627
18.3310308066
2.05686025896
10.9943953136
8.7511119297
53.3686569122
572.378111238
61.5963713105
49.994922872
157.689629976
169.263905074
6.11752280586
579.335123325
240.81337401
0.0
0.0
632.822921619
2.0380384199
5.80822718071
56.8613058343
866.790665895
16.9987527744
53.391002337
0.0
32.4160682754
454.771615475
77.4218235912
8.51374855561
139.111543145
60.3487151243
464.540422201
1.82314320477
7.06613389967
9.4877310288
26.7954681299
26.8873134382
3.32790957337
310.961501294
67.2896791636
3.72327977044
272.824777766
0.540492166326
502.780292621
282.79044002
0.737479353881
714.033126519
221.934626459
224.175156135
0.425765866057
180.111318439
19.3867307895
6.74682651555
108.695953294
0.0
44.8752264365
22.9593912168
0.627934666077
5.36632735336
9.60823699154
5.92700370777
0.162028039894
24.2948726102
1.45775138058
382.901699959
8.23167871118
0.820035918882
56.503343889
10.0372129134
91.994176984
5.68455132971
0.480850066265
3.15221006545
166.538459485
9.71398026814
70.2042033989
1.64910507086
1.33182503167
396.967733719
5.37923563816
26.0936173826
7.03022858334
12.0513661528
0.0
24.698522899
13.9928652413
233.769808688
42.2652022685
1391.5594702
664.256885767
2.95829792613
0.917115280579
582.667217017
645.143917953
6.87616822099
5.13537181742
217.007008961
1.25477476673
3.04755242817
896.640739203
48.550066387
12.0161336428
541.668324293
566.534391573
970.418415306
0.0
4.01486932149
2.9803387471
21.7995011021
1.28909681261
45.7340943232
7.54335326678
420.309353654
245.268351241
238.353507258
13.0876005003
5.72142959311
1.5122776983
31.3923918624
31.0487741914
173.264542815
1.91516368814
21.2006298816
38.0171938591
184.871859061
1.5360948171
3.16683997558
404.517667768
85.9971155103
58.5510459491
41.8037486603
1.85018711581
1.93821092911
2282.29682755
168.598964949
73.3625166987
53.9616223888
63.8012779586
382.943829013
27.9992278912
1.10685780626
521.126282489
0.0
59.2482104836
211.015719339
322.353727067
46.4640154852
55.809320233
12.6980545963
78.8403134344
129.342846879
0.779592786452
3.81495994551
11.6132844731
53.5444010508
463.472394131
1.16685025652
696.744998986
3.15808679949
0.802860948885
85.3516209353
77.3229523109
991.732518484
311.669078147
45.4736669716
77.624857109
38.1619029953
83.0221212774
299.962688667
41.0919095852
56.6878836026
5.49635971731
53.961768554
49.1314513392
3.13406326418
62.8961861613
2.85574239002
8.61037714826
0.771419808135
0.0
480.745274736
1.37003440265
95.163659091
144.391543764
15.6025179789
0.0
553.979385855
2.50498717054
15.9453836245
2.08635550563
0.0
33.5113187787
542.705685563
13.7723700019
2.83055622762
6.32988635031
52.6279206404
57.97846773
208.139402244
89.4550786472
0.54963028133
14.8576411034
2.99079458052
935.981557222
329.16738344
7.58404856207
0.768656058334
0.911733946185
1.6205872343
2.81451264328
132.164745887
0.0
10.0372988273
142.060465299
71.0897614992
21.4664965873
0.0
17.3061794932
24.1301522295
449.612852762
0.0
0.390499883032
496.378726182
12.0902460985
12.0359005347
514.050900012
12.4284188365
116.725436427
9.6724994743
158.818362355
171.518729932
4.30641758924
0.0991892732289
1.81454065694
799.349561806
4.35468111826
733.858761306
2081.64802633
0.044703123039
109.088481638
275.570695411
32.1238271175
0.0
566.835663733
1.80326808357
1.63200150983
7.18344208006
9.71869772238
3.94533596508
210.824304282
20.1842650765
352.137303015
60.2010157379
315.478308639
46.4753393838
303.402011834
35.1655764521
126.742366965
697.766037732
95.3358673699
21.3592849641
166.925598684
25.9331993917
155.085501511
545.516900005
108.357752662
16.448747596
239.873302981
26.4189253508
1.39883787504
1.57283807293
625.459077081
1.88808853567
0.0
155.034610355
5.21298442788
40.2388380974
2.22101717841
1568.48091146
94.4059587288
82.3344898386
0.644155657035
153.297724707
0.0
44.4144545607
30.0842589838
113.381982016
0.533305524231
0.890138315424
157.788059413
3.50337477067
6.47973693144
84.5110448993
19.4554172804
0.193970159109
3.34648036534
0.0
0.0
0.0
1.51234352845
170.488439264
0.0
135.164399641
469.147785032
63.7652086249
3.86483910219
8.16242652755
79.5027352795
59.8045431651
5.73698447238
3.42595965058
54.6868774217
9.51306000908
911.15969878
170.69911354
12.5829132315
8.57100738172
46.0331304895
0.0
592.396058158
149.511611749
8.79224795218
0.336954322701
0.0
0.190811428514
32.7734321706
14.5986240788
18.6211832524
24.9940845734
76.4628448094
432.09578588
22.0591451866
130.829401732
60.1999033203
1.82416301394
964.667609854
483.48774913
4.36320221524
56.0073785548
370.731074154
22.1482546392
7.49952044039
0.0
91.3158934242
21.2348425825
0.632934408854
29.4861554097
468.748535319
8.1017489976
1047.89681599
2.90635572003
710.385324901
112.380340845
317.804106189
1.85679244437
5.5433825157
109.167897324
42.9148742675
297.218507152
1.49333424085
5.07538383023
7.7807121778
89.5877598372
40.9181883286
19.0319632793
5.95452851352
153.23465163
0.616904213704
8.49314595566
287.052732452
5.24317925919
57.9828783489
12.2543037149
67.4706227669
255.121150522
225.840476618
94.3567267158
10.3125680843
461.40294135
98.9440236282
4.95282151265
0.250740280169
207.555933043
56.764533308
84.0189401119
2.8335944556
13.9548321611
1.8216871315
0.79618309561
1.33699548648
0.0513910181967
1598.96015237
229.333581888
7.1839151644
0.0
54.3798334102
276.665225131
6.91998319513
561.125195415
3.70739462475
1147.72809369
145.54291055
5.71894924761
358.894985924
8.75904390278
19.9115922046
0.105816917079
94.0922279379
420.422997662
103.737546262
0.128221477435
73.6385368655
0.760254348202
2.40490640112
0.509759536324
0.811552757904
13.2789229492
23.8490095857
3.85823377363
32.0134099015
1.89110779564
4.08074296885
60.969260079
689.47881624
2.91284389326
194.557924006
2.7535595194
47.9353992821
146.963758004
3.78667976689
2.03400381381
441.066510479
163.261958782
18.8293771832
0.98479423563
8.1779345447
22.2399872553
0.25228226734
247.932255698
112.423446193
225.221749244
6.70867181704
0.842765166837
178.664222614
266.773168775
5.24602445983
1.34327947472
14.697490896
5.49131534394
0.0
92.963688587
160.059156586
175.468836907
189.546782574
0.692958100529
684.681099447
1.87940565277
23.1352078801
2.65233843818
798.044858789
1.87931527581
9.11473191914
44.092524013
100.176065799
104.487243242
1.8586446142
124.550479062
1112.06490056
14.0781755142
322.089508346
458.349942872
41.573568581
10.1748626047
2.6122980969
503.449590925
1.11550275316
0.0
65.8639111855
0.0
20.4481133635
108.712428679
81.9967500176
0.0
16.0363430153
2.86390755798
0.803968903488
1.16689153982
259.215429951
147.87925431
92.6051241286
189.605653681
546.53007707
162.970900335
0.942702002593
112.476764137
3.51755279598
1.89015270084
1.17841069725
57.9046185947
9.94647444395
1.52464148981
604.997297829
3.38456365487
66.4063291623
12.69911011
13.0295517126
0.852519184104
0.0
41.4892613808
8.83655609439
1293.75870174
562.589523115
122.281454981
15.2726911628
1775.14282668
57.0866133681
676.071516722
56.3118886641
161.289952448
93.9167627406
6.72573967361
0.0
0.427848999233
10.9849782574
4.6961074269
332.02048593
12.2205529407
0.0
0.656008428184
107.079216565
170.670206302
326.998709027
1.64910507086
123.399291915
0.0
420.809169493
840.082067878
26.3243497655
0.0
27.1846659153
444.301618533
0.500911520208
6.5794349935
100.924028881
1.37693540892
79.2866283436
7.10723756495
133.70520446
125.340258783
0.0
200.701592532
410.835150159
1009.55902046
141.78337065
0.873100584518
72.8938998793
0.0
14.6886919735
5.32618547747
516.346064235
464.605801565
181.230003354
5.1505160952
10.5077678164
208.551876002
0.0
0.949890876214
22.7213059428
10.8495478225
451.083649665
11.4785859802
54.9512891699
24.6769964457
338.730341573
18.9741342973
0.0
750.157757625
10.5193226783
221.2338011
15.0864978855
9.23197426938
562.260876778
111.29281032
0.0
0.0294796259532
7.95897906089
512.253398203
0.536358257157
1.7150300434
0.425765866057
311.789451334
6.73025629015
668.087382741
26.6487037548
5.53053448221
0.0
569.170095072
73.1564505316
165.874628429
64.7128300352
30.4993135064
392.95554335
546.512478109
58.7976880247
3.76663616518
41.9227382985
10.5405356017
3.49664336067
433.441889356
98.9164865491
49.3499225808
0.0
4.36871074683
79.6741413239
146.99708702
4.99903203416
0.0
8.45078928633
66.9894457815
31.2672186549
0.0
18.7121392959
0.0
1.91261639674
1081.75043807
594.644033333
3.30767517587
295.415933074
207.593453987
180.168916458
14.9303075279
302.78815589
340.650040847
24.7983771682
40.4010714381
152.093120312
491.705493053
104.464644539
92.1872288686
56.9165540519
84.2238079473
1.41753697996
0.0
2.47858482435
49.3807868712
3.25102221014
569.578853333
3312.67972871
1330.16935474
818.49880314
99.9086638015
314.839092473
56.5715517167
2.59638170979
36.2619092476
164.62639874
229.047612445
1.36604442716
779.484446791
205.857942961
568.756415172
0.0
625.429183507
11.812045727
3.91357459978
14.2506102938
0.650379393971
0.392299611909
348.169248959
257.227491609
8.61080448624
0.963025661299
590.107942223
123.992902303
76.6459976271
202.539923529
208.883512589
0.0
1.41045633555
18.6396446994
4.39305115939
367.67305585
0.0
37.9123242265
340.109131384
4100.87424847
248.983217028
672.153084082
611.474320105
155.054426341
8.18870056077
90.43159837
144.843793427
3.10047427589
6.46944846278
18.6163118226
1.9735639418
36.4540930669
3.64496534383
2.29812434735
0.183789919634
6.09848450839
0.0
12.4833646819
778.3579783
130.645592845
25.5494097191
148.186809342
5.23541799815
2.29552796229
7.6430803387
181.756367705
212.053571546
2.73312205266
2.611932126
76.1461829039
73.7935378177
94.9605820583
0.586816495848
16.8888343054
9.80986018251
80.549684318
56.4306227921
101.141571807
125.660245668
103.610573326
108.87941741
238.756040667
544.166508644
6.04038662703
0.8301670647
82.9504657361
0.0
1391.45485942
57.7157965751
211.43671531
343.142965482
22.1301067222
64.0611831322
67.3053233041
1.9451621448
211.83437171
40.6107772304
292.231819941
313.187056289
25.8132345749
615.894396207
10.7143126466
208.817993755
17.8570360002
765.982869597
0.434312625635
635.38388337
698.72260646
1.27640163891
547.129279673
89.8389631599
831.82610789
505.052975295
362.882253452
3.660140863
0.0213557412946
7.32553586321
23.3539089695
927.917073659
378.507169296
60.4594391757
21.9210837781
0.0
37.1951584895
475.365427658
128.152310049
0.0
0.250955622806
18.0133379344
9.30890068441
0.0
674.908423247
127.026255506
193.393624387
8.24515268883
0.670537919466
0.363890004551
25.9704793304
168.600318371
384.687905766
81.8349495936
6.88607175077
5.77922063909
139.413925491
76.0482745289
22.8666410231
9.98990447918
226.289672433
9.86435525882
9.27044472933
778.256198221
0.0
3.63758567438
13.2841949386
189.576482006
638.002382889
78.1228107363
105.383126631
1553.181028
165.983947732
491.072903415
0.0
60.1066030545
45.8029314422
212.525805675
53.2667217414
696.405273104
90.9586790414
9.38362681095
140.477128993
40.240482735
516.605833286
699.64515998
111.631744009
560.196540893
672.43669703
168.638413934
13.7500156509
1372.01708797
41.6032624339
16.2442736256
381.425253938
524.571291594
100.591363559
466.905840564
224.511842674
405.185347097
7.7259906012
38.3993734828
3.01028141551
199.990095997
172.566785809
1.41510795965
2.58057689915
162.938815398
150.314096684
0.0
431.388205681
3.74911753958
0.0
67.5826578421
0.44108755046
0.0306244008
36.1876651315
1305.70171597
1265.03440181
32.7234871838
90.1344087945
37.1570104855
3.27602538707
8.04201986788
2570.8255932
351.407250192
3.1366451443
152.85463659
335.525958339
866.2744829
100.305148648
448.223372807
0.0
1258.14077521
290.360066205
392.620135477
71.8434417602
3.18396919922
2.42620970146
3.00397957502
502.599790861
71.110245828
17.5923642788
8.29680702756
172.776902203
193.730129057
504.923768597
26.5021870792
4.49539916321
29.0984003085
1.96002636557
0.881022515717
5.53242458805
9.0986849875
87.8839510419
2.5221476356
349.196470158
400.060646457
0.159427191776
6.27397871556
0.0
2514.95359152
26.2553597867
293.414791885
3.83424594282
1.69800123861
11.3789292014
441.065859988
36.26328387
164.032252784
498.92256652
4.86159433816
7.59069740546
0.0
51.3207618247
22.7396089512
21.7072440766
464.839181658
707.163144099
1.7170105262
6.26907492857
6.2989662718
3.23776022783
6.80076594091
1010.53997981
224.193111024
0.0
8.4735564703
40.7558869262
37.6017633239
4.00978031753
613.855876892
794.675361308
31.2063559079
162.554387508
2.44419025376
316.538404736
2408.85470837
6.81275037232
1.17587567926
1023.87724276
158.130599256
398.657789596
36.257548838
37.0876902402
429.480071311
927.539427388
8.4718694337
73.3068958154
1.11599815279
1.20962199041
249.076912274
122.513974819
133.144829363
434.716844964
136.450758367
10.6730828999
27.8889043995
230.995789387
97.9092096494
61.0823618255
277.667710935
58.5737774288
0.0
9.88167193096
91.3168540979
4.91640629172
3.36062826501
14.6428909378
17.043035254
0.148561872617
15.4892801092
868.076279289
4.65262160344
428.901033929
21.1724478903
0.0
0.0
4.86495836951
552.866278649
0.0
162.414151473
1009.61603382
255.352549016
148.977017516
799.378970023
286.805447697
423.928331716
39.2922666219
0.288754392284
17.3957173996
4.8148928801
14.610196793
39.3553251943
2.81647415809
151.55116984
374.048993167
103.827328521
11.3759891608
83.5739752782
131.676260641
0.0
221.211291658
350.261530292
72.2788478355
11.7329034028
1509.07757395
115.69295886
19.6666929539
214.708989495
10.376137677
166.750553014
179.568484282
3.46794588596
404.094068717
886.31182851
22.2854055837
63.298821104
161.389413968
317.823450207
25.1497806471
152.313731591
13.4492321966
4.55847112476
20.5784269001
111.023635371
139.053208722
11.7664388344
18.4847854493
560.162814666
2.08396553709
45.4296656647
3.38236336638
209.369102425
1022.84355682
27.9862359241
14.4701794484
147.23346071
0.291146592354
520.420230886
9.44394952761
45.9614001919
112.891204989
0.808500024979
1.11778895555
1.51444786115
323.054348241
3.53398912958
1.31474601746
68.5688177739
0.0
30.5918438944
14.3461521314
52.5827712114
13.8163322569
464.949198315
2.57706781836
0.0
391.337947481
727.469279719
369.717801133
33.8418340218
5.45362591943
64.5799580494
525.726062578
143.302600679
86.2864824575
353.718768183
7.87705625037
3.10697025947
5.17609946992
100.399862587
4.03896315
201.605820726
27.0387729524
134.970167277
559.523434483
32.419644302
639.806901746
0.0
0.0
92.5364197857
268.916775297
159.971910462
41.3235055702
490.683261555
5.92700370777
61.9442032258
0.94206713233
1476.2275791
524.14957707
0.782786105761
0.531550425952
0.056981000636
160.543309316
9.81485880952
0.530465902414
1762.05142811
0.0
24.5325584404
66.8883664024
6.84657255549
26.7988243509
430.092579411
1.81131609621
722.503741834
5.71894924761
67.1102541165
548.879086993
1507.32756803
7.26110601571
285.53866172
34.385473761
4.75869291493
587.568786982
20.6152025131
25.1481036523
84.5299459577
0.0
0.504599123394
0.0
3.61882631815
118.451158846
80.2355462729
1.99850575167
62.4303219342
149.268622688
20.7408912041
89.8324002302
10.3679323415
0.0
110.012590533
189.574883115
1.02540138551
258.533554744
139.920489476
0.0
11.1949998111
16.9954802358
43.2945110629
68.0575050929
3.35990748084
859.421109757
113.335773726
16.1892731077
314.082165336
369.951623069
165.308325271
712.762204402
100.370616157
1.97491848046
27.873226786
177.02603084
2.89006889895
250.484905001
118.206037558
0.536358257157
511.106196567
10.9100702611
43.4966865576
87.3199128877
0.0
598.805118074
9.97158138704
1.04261094422
1517.73326342
111.526563079
50.6933337159
160.520520933
0.0
10.5846641058
1023.14014723
98.2243820087
766.634455134
2.28068605683
6.3973856672
158.950232384
0.442242367191
93.1217802082
147.343269834
4.37442346342
7.92134542462
51.1004718859
2.24959303474
664.998455517
147.217742929
12.5172906312
44.1225871841
274.963261811
14.097107814
3.67388374
92.0737656142
156.319237413
7.05846636289
0.0
7.26037407391
2.79339567569
695.302279192
25.5280562092
593.211325298
198.546861833
7.76537487268
0.143490720883
9.1389574079
1143.14096525
597.164910112
7.77176262707
136.735817345
11.3393630602
48.6580835927
2.29643173191
1.68535404281
84.1275062739
79.2753010979
0.500098127553
350.696051566
5.55927881906
6.88846395083
122.148601963
7.62925935817
6.54183036712
8.15728173533
12.8775566313
494.694717751
39.780413791
101.981603349
13.9198930972
5.80254235824
385.782306056
566.511143495
1.4710312151
3.63030865534
0.258504888511
0.627663535192
76.508390335
181.771082413
220.861431282
211.415090669
0.469519473117
839.938060557
5.85287674702
258.729239833
420.661605114
204.638032503
191.059275615
231.623044551
77.1365771639
348.283068143
22.2343838836
0.0
777.161910622
956.015613556
10.035558234
630.783689331
5.03492396132
17.6847909007
631.753632735
0.327754840623
35.5616317289
0.913844973484
346.300826896
755.511330669
9.99455610329
2.94445797759
75.1826484537
5.24207018882
68.772961478
8.26899323868
166.028126445
39.2204202849
1.59692297532
21.7074560719
0.0
239.150947821
9.40686596348
121.881331625
0.0
3.13373857657
256.660074918
6.31769438661
14.9319242713
44.2768294161
4.89403855162
591.00995674
5.14803017087
266.027072369
713.075777869
95.7245195467
1143.08206737
84.3392126327
56.5250856849
7.52903800235
336.441239302
5.80910194043
240.236770111
594.545360659
70.5307074669
168.497256278
174.092281975
0.0
18.6362895942
128.806635904
25.0491922047
18.4239461335
96.4565305365
201.893875535
8.27068139106
1.73364769749
2.00269991215
557.96548183
474.763387665
3.99471860636
9.04092853023
28.8249966105
700.508673912
0.0
298.243298214
5.02653452461
31.8664781615
17.1981433197
207.814852996
130.270116737
8.39472321296
0.414805706875
824.543564681
166.708688397
190.415921078
45.2705084881
47.6383157044
22.1181077858
6.13504589453
182.475719225
4.72602554848
1.62304526451
80.6870405631
17.204194113
2.56483791865
1823.38821002
0.0
6.87395677485
1.12335550693
0.67346903401
21.0493098381
70.9771629627
1.67901091903
36.3294431531
1.28339636942
12.4364311447
768.704730234
5.93195881995
193.911543513
84.8539350917
541.849379473
1.67041395003
13.6288748179
617.66305103
112.699980727
5.15803300372
22.1484231197
391.405644288
59.5551618866
5.80658700622
2.58055904692
1.87686728748
123.952678977
8.47310904854
94.8002243187
0.0
170.359714576
362.454693435
1.10258777377
1.36277412007
593.626638678
8.69288238807
126.687329627
64.8426225096
4.53262554527
979.44341406
243.868933168
16.1658532013
9.73602778371
73.9822873125
0.0
5.16939372253
4.99964570488
525.426471878
0.982194503277
129.334085894
74.338306711
47.282271759
570.43041296
0.123375710222
153.745950922
310.493420041
820.107154897
1.64910507086
1219.8646681
0.0
1.63210304444
60.8252985053
21.018952105
453.112440626
0.0
0.0
139.518301955
1.33778991113
27.5429994103
0.72251583003
35.4633439938
466.917881901
179.474601588
119.366635068
10.4440442481
4.93786245187
10.6653930478
13.0610073583
643.720327949
1313.35587697
1.31474601746
693.581545358
4.0625950518
5.29562355951
11.0979193337
278.190846262
6.81063488196
0.0
4.48845017906
14.2699509636
0.0
2.50883767541
45.5302317919
41.3661690749
13.9310507468
550.432234047
146.437133681
2.26091247024
1224.9879294
61.0731389122
0.327452468321
23.8489482188
35.2406451185
397.170277417
47.5518059842
206.276847989
3.74215181895
438.018101144
3.46169425489
535.265085323
67.6733572597
411.2786009
52.8892908133
2.2612003376
121.257036584
7.26823129074
734.841904211
32.7810472665
1.31204586626
56.9016295799
658.254977411
0.508216433387
31.9989518192
1.20204483058
0.855959087465
662.671639273
48.6654933878
5.85639029089
0.0
0.516860264517
426.444806803
21.8313316449
35.9655096337
32.6281339105
522.734586266
14.9299493673
38.4038298481
2.30091152821
64.5509448132
14.3149519959
314.081148875
570.508827805
0.904783846261
21.0189766519
4.99364623671
97.2463136043
253.751083762
103.847701274
333.149951365
214.612387682
80.9851048982
0.0
1.96355441436
284.71313289
0.326198348508
45.9824167407
193.008074038
5.55927881906
96.2596459993
0.0
1130.80455128
481.714385779
134.899956651
54.4465851646
503.986420036
6.4154331654
21.4497668075
1.90166851097
25.9725122541
18.4062032391
302.664666372
8.66559970333
173.24782754
232.483354008
15.4766976277
20.792611373
563.106026334
57.9588012569
148.582602414
56.3495446156
0.0
6.42161561903
0.766199143897
1.75328516075
16.4051501961
483.315643501
403.493672247
9.91844196514
0.928132343771
0.0
657.289107665
758.326057539
119.72227399
604.447832681
38.2600758066
505.561667045
2.45622601035
698.748218846
88.8273280823
0.736329000209
221.66142583
6.03510794301
8.1956662814
622.593242598
30.1946494215
426.715459025
5.09744919803
32.1007910342
0.0
915.959463003
68.9413906614
7.55505987271
90.4013388242
3.86016739432
235.888590555
3.91962316163
52.0105678892
6.63671725067
12.6282568036
2.11027973786
0.789096872364
7.0521801431
0.924594253087
0.0
646.378962648
12.7810608145
111.349233438
72.878146394
10.1780815866
868.962780212
44.99140881
1111.30202194
9.30102896263
1.28284518155
1.86905581702
99.1651983686
70.7652111355
293.826236908
123.657782298
502.011844095
1.9524347008
349.513380879
4.44443213571
157.634444241
61.8698040184
24.1371949379
8.19006067826
243.656073108
17.8631102247
6.548832908
43.9925715566
2.31078046927
1.6384818727
1.85046159399
0.0
6.39245621761
777.090763869
0.711085933801
2.93404454323
4.11578133582
213.009608056
126.53760959
1.61286279351
121.438221193
0.0
872.484905411
14.2059886217
0.645264727404
47.3022372571
158.627525263
839.850382631
33.410361018
550.547653237
26.466162376
103.867400104
2.01664808988
1180.98855726
24.8676282361
88.1507058965
362.643307923
525.511378244
2.63584073752
6.84669417388
0.694107338437
7.04940858296
24.1225237445
0.0
3.53252636172
11.1814745083
8.50200066636
41.6488726737
7.7253345314
0.0
90.3790525348
88.8744736147
30.1193207819
22.3264534607
86.6256415319
9.26162126008
8.54850463404
526.927980212
1131.42046692
2.17920834967
688.354762265
7.32541424483
457.411130427
2.85537753488
454.952822398
11.4262778032
9.79974465739
15.2981004782
0.708388014134
40.0799877561
