5.49492099923
39.7264209945
227.590870969
23.5679639968
215.020797971
2.2003689997
1.03624199986
50.1947979931
2.69367699963
177.683927976
1.15688799984
5.24211199928
99.5497249863
25.4149019965
40.9212579944
18.7811409974
0.0
117.931383984
11.3163109984
273.081244963
112.360311985
123.425874983
4.57398099937
358.492724951
11.6362859984
148.07992398
40.7482609944
68.3029089906
12.3678929983
235.839155968
1.90799899974
101.623369986
77.7191059894
298.260318959
2.1722179997
18.7236839974
12.5131149983
0.156725999978
43.606363994
88.8763149878
219.96137997
5.03164399931
190.349038974
130.051514982
0.0
13.5612029981
633.416589913
0.533449999928
66.8425939908
40.1275149945
17.6477159976
1207.74067283
0.0
274.758786962
3.30599299955
0.0
435.07134294
26.2274379964
96.5141449868
771.116591894
19.2980659974
88.8907109878
6.4530929991
21.2865689971
782.850973893
1.4983049998
41.4026299943
4.91068699933
27.1400269963
0.925768999872
0.964122999868
820.244915888
0.440004999941
675.358794908
82.4947609888
1.10935899985
84.2884999884
1.40750599981
79.869858989
0.165416999977
454.218063938
3.89064699947
317.001454956
0.248705999966
5.18345099928
431.127491941
1152.58885884
0.745293999898
0.905731999877
8.49551999885
15.8382959978
6.38302699914
159.221909978
21.969399997
176.734947976
16.4691799978
11.8752919984
69.5705599905
893.053661878
13.5712629981
0.0
0.880857999879
628.813045914
213.524884971
1.04008499986
58.410044992
0.0
508.73698993
14.409321998
22.9590539969
50.814997993
0.0
40.3025669945
1066.53445285
3.97116299946
4.67776399936
219.91086397
537.619950926
118.555414984
35.3602139952
29.206971996
98.6043059865
175.907594976
1.41443899981
44.5649119939
98.9581419865
1.4580749998
0.0
0.570050999921
41.2384769944
7.66861399895
495.671678932
8.37930199887
163.149681978
569.783750922
675.648429908
5.77023899923
1.03592099986
34.6871689953
0.347140999952
156.179429979
120.215834984
519.410233929
3.53453099952
4.3497419994
423.711853942
0.509489999931
469.987204936
73.1614589899
17.3409439976
0.0
7.68375199894
823.850994887
37.8675309948
73.25850799
827.643998887
3.39429899953
3.96964799946
39.7757359945
735.627052899
151.821758979
189.695149974
131.707437982
36.8686359949
26.6385789963
5.50856699924
5.16430499929
32.2742039956
2.06324799972
544.327623926
44.175475994
13.9656029981
34.1581849953
4.47749199937
10.9049809985
6.6879209991
120.037748984
27.6802419962
495.262926932
1.60511399978
323.425648956
20.2076849972
8.8764139988
79.5116929891
17.3236729976
28.2590849961
98.7918989865
67.2690509908
68.6819119906
1.28624599982
0.309456999957
261.417637964
8.0082559989
538.668665926
2.27693899969
58.626292992
1945.63770673
459.564987937
388.421867947
1280.98427482
1.82008899975
1.77540399976
5.15169999929
0.477271999935
19.1600299974
29.8386139959
0.0
0.0
7.9321279989
1.88716599974
14.982528998
0.0
242.574538967
1.91383099974
8.55944299882
2.37236899967
0.625221999914
215.523790971
0.625221999914
2.64891399964
28.9401259961
446.444057939
2.47548599966
17.4024209976
76.5595909895
209.595321971
48.5062459933
5.31726599927
27.3404519963
301.761183958
32.9945209955
79.479439989
0.667063999909
4.51982399938
1.04721399985
1.66430599977
422.598844942
144.16289098
266.868629963
140.616820981
150.853292979
567.165424922
83.8417449885
1.59161699978
409.752426944
49.4115299933
205.723504972
263.364129964
1.59440899978
9.68794999867
367.35635195
268.180765963
32.2707139956
8.45745499885
1.24823999983
3.01634199958
9.40728899872
130.433182982
248.021449966
540.892039926
100.203565986
172.022762976
220.73271597
10.4067119986
13.4323399982
0.21977299997
15.5934389979
29.8300179959
0.0
30.0391339959
189.512374974
237.291181967
32.1257569956
140.511729981
626.365925914
31.5437029957
8.14106099887
952.05114887
174.051979976
4.96942699931
769.096116895
3.04591299958
13.9403529981
5.1493549993
117.228122984
4.16956399943
109.398331985
47.1413439935
14.776869998
50.933944993
762.152710895
36.344498995
4.14130599943
2.69211299963
598.657233918
135.684686981
1.52038299979
7.31364499899
3.12132699957
242.875989967
45.6216249938
212.014242971
0.0
72.0690989901
24.7102349966
226.028080969
231.507850968
32.4878589955
2.53871999965
29.099810996
0.675168999909
2.32241199968
37.8868159948
13.4332459982
67.5574409908
1897.65702274
78.1446529894
531.536810927
3.44159599953
542.291146926
0.330968999955
30.3267019959
5.69548699922
4.14020099943
96.1094539868
161.773608978
6.19571999915
13.5606449981
38.7958909947
5.64133999924
51.7759189929
1693.49218477
0.0
27.6802419962
2.62888699964
123.852125983
518.508034929
527.524046928
5.16594999929
1014.76664586
0.342969999953
71.0102389904
71.7411829902
7.27941099899
397.065291946
315.925343957
2.1418019997
26.8047179963
0.315739999957
461.704726937
60.7156729917
7.09387199905
7.39475499898
205.159129972
22.5585779969
456.555307938
42.7614569941
93.6681189871
592.071423919
27.6802419962
2.70883999963
1.34764199981
413.117550943
152.863031979
105.934759986
6.6240939991
0.641968999913
378.211449948
1.60608299978
46.0262549937
4.70975399935
6.11724699916
281.012824962
11.4982639984
1.33444399982
172.940170976
4.59280999937
14.357334998
44.5425809939
13.4004559982
2.61770399964
181.174406975
7.83460999892
99.8702109863
26.7026839963
14.233791998
3.54405399951
35.9470169951
29.9663939959
1.32739099982
6.6555509991
2.85674399961
32.3495039956
1.25002499983
43.3971519942
252.459844965
0.0
47.0054989936
605.899499917
223.250270969
15.9127149978
30.0603829959
34.8192619952
73.8555769899
464.662636936
76.0226669896
74.6174799898
902.586500876
569.617078922
474.812249935
540.045213926
425.888301942
3.39138299954
476.623753935
1.71404499977
165.342450977
1.87037899974
14.9817809979
4.60835799937
16.3710759978
0.0
0.0
30.3588329959
1.72412099976
414.632560943
90.9951949875
0.415298999941
0.367152999949
8.7016539988
3.32180999954
65.660595991
3.07073099958
81.5063709889
150.005627979
40.3104279945
1.02189399986
221.15589297
6.4288469991
0.0
0.273574999963
3.35629599954
33.7998369954
27.6044269963
40.7213409944
1.32713999982
2.10758299971
2.61222499964
608.417935917
0.0
76.9757179895
0.0
324.409304956
0.0
506.816678931
261.256068964
52.0250969929
59.4404919919
123.725571983
97.6695819867
438.84317494
585.60402592
6.18537999916
427.474808942
19.7078989973
117.119949984
8.79329299882
0.0
0.641167999913
485.631444934
88.9736539878
32.9723489955
4.4605269994
0.0
73.43292899
0.0
76.8116479895
1.4564109998
39.9704299945
21.943120997
35.0427559952
71.4174839902
579.043912921
162.585450978
2.13502899971
2.61517099964
2.31085199968
27.6957459962
197.596754973
8.73899699881
793.312592892
1.10306499985
1.81270699975
1.4674369998
4.88247099932
567.547565922
0.0
44.076555994
313.747890957
76.5788899895
417.813026943
609.554607917
45.9181489937
4.24786999942
140.703036981
12.5159479983
2.02069399972
1.58297699978
113.305372984
158.543253978
131.227521982
3.20911999956
4.3897369994
205.150211972
44.6544799939
34.8629679952
0.185928999974
1.63468499978
419.460068943
30.8972299958
15.0841499979
151.142994979
59.5511569918
1104.98513985
1.77589999976
176.829277976
126.707667983
76.6914609895
5.71563099922
85.5672139883
2.1510209997
52.9386519928
9.99130699862
19.1311039974
389.545213947
40.5282479945
1.36581199981
100.422020986
1.03269399986
143.00442098
18.7338159974
654.89799991
307.429310958
174.162119976
124.563364983
0.0
5.42699699925
323.260228956
181.946484975
0.303372999958
0.0230489999968
205.442174972
643.255034912
37.0696769949
263.764228964
20.1762129973
205.259181972
178.512460976
289.83016796
15.0788629979
39.1135759946
7.02072799905
11.8938529984
457.783034937
46.6977289936
46.5335929936
86.0654129882
5.33293999927
151.331321979
6.08153099917
20.1420379972
85.4401809883
0.0
1.79547699975
266.039590964
93.1053799872
3.21361099956
527.468485928
25.6272339965
38.9104359947
206.011115972
0.535744999926
3.29582999955
0.604246999915
3.38362999954
27.0827169963
893.526703878
2103.56723171
3.27911099955
191.059614974
161.366499978
111.577573985
1.4469699998
504.534155931
404.287024945
9.00237799876
0.713985999901
89.8353579877
72.7213519901
39.9790009945
82.1250299889
2.58364799964
79.2202069892
0.0
7.69682299894
26.7043019963
7.71947399895
230.347313969
168.280937977
50.829859993
1.14984399984
51.496289993
0.0
117.459922984
107.161547985
114.498830984
601.218366918
9.29644199873
150.595806979
200.257836973
341.572997953
142.12461998
467.018050936
542.014025926
161.933833978
478.092039934
2.58732799964
638.418426912
32.1011479956
92.4614959873
58.8145589919
564.718696922
5.03141899931
0.0
1475.3611358
14.2149339981
0.0
27.6320619962
70.8075539903
25.4116429965
1.27297999983
151.146522979
1.30336899982
1.4398469998
34.5571619953
4.5207419994
175.585615976
130.615038982
63.8997189912
250.261288966
26.8072159963
75.6157029897
76.1184099896
130.767905982
350.441566952
1.4301499998
0.786075999893
0.886408999877
26.0015019964
3.18768899956
0.0
49.2517079932
143.126487981
8.55569799882
24.9917819966
119.407337983
0.652221999912
686.646476906
776.654667893
17.0918089976
1.69588599977
3.03735299958
1.86136399974
306.188562958
0.608406999916
0.0
1.93355599973
154.454965979
11.3370669985
66.8182479908
258.761151965
10.0790899986
0.0
327.733309955
138.629864981
305.122074958
37.000107995
0.0
85.5184319883
44.2171879939
146.89936998
116.571125984
649.814127911
7.99924899891
17.9825179976
21.2897829971
8.69338399881
6.00943699918
5.62508499923
455.368232937
35.6683959951
2.74113099962
17.8177909976
38.6993819947
1484.3224638
121.370521983
136.648627981
203.495876972
649.849317911
14.376917998
327.705950955
318.510939956
241.180571967
6.36724399913
13.0717049982
0.621286999916
0.0
376.926653948
650.985234911
11.2328529985
17.5960599976
12.7424029982
0.814673999888
4.32434499943
58.8755189919
6.35496699913
3.45679499953
31.3370939957
0.881408999879
902.830007876
0.225484999969
53.6046429927
4.09688199944
480.854080934
46.0132759937
55.7937579923
4.82653699933
546.890988925
68.8209659904
502.035472931
694.546320905
100.712084986
80.628453989
25.8064589964
35.5564609951
0.702420999904
299.076890959
139.259055981
16.3488029978
147.39323798
1.13759199984
0.898360999876
3.05130499958
0.313044999957
187.984013974
185.163035975
123.042657983
89.1393889878
24.1229659967
446.754325939
270.846090963
24.2779309967
6.64868699909
336.011645954
139.891814981
53.1553389927
472.665649935
768.010906895
954.943727869
2580.69054865
507.93235393
96.3175749868
0.509675999929
13.1535979982
40.5811899945
468.184497936
176.443245976
663.111063909
484.480391934
61.7631029916
191.827399974
127.378050983
9.50612299869
1446.2329948
0.0
32.1304889956
598.597603918
576.276408921
0.194294999973
892.405659878
551.692285925
83.5613079886
0.684272999906
978.731732866
7.53268899897
26.3503599964
5.9292419992
7.97047299891
164.590619978
0.319389999956
17.0837899977
6.5338849991
35.2010049952
0.830657999886
0.14849799998
0.855986999884
663.424607909
62.2452459915
0.257241999965
41.4347059943
14.363601998
4.65547799936
3.71816999949
115.398836984
534.205287927
40.7245249944
30.5197609958
28.2908039961
46.4355269936
2.22607399969
1.62929499978
28.6455229961
0.0
6.09802199916
0.595810999918
34.2113399953
274.278475962
2.58611699965
93.7682159872
2.15250999971
1.74467799976
794.288685891
871.47384888
135.698449982
9.45913099871
33.5872659954
52.2213399929
0.282666999961
228.385312969
6.5739409991
17.4005449976
8.90604599879
269.730189963
299.454389959
486.559028933
547.294924925
9.13062299875
170.361127977
35.7620039951
110.896368985
769.735790894
16.2253569978
242.589188967
50.2607879931
325.824804955
1124.25038185
7.17176299902
341.944066953
210.402918971
22.5608919969
123.082387983
5.60261099924
62.6876809914
465.785142936
0.0775169999893
52.3195549928
4.05363199944
13.4941599981
304.698203958
77.3853089894
19.8161309973
204.480040972
33.1386389955
179.324786975
361.345055951
5.56678399924
120.301002984
13.4296669982
12.6004969983
163.368179978
41.0019409944
151.242795979
3.08831899958
11.4049909984
80.139431989
26.9453979963
354.826210951
34.0928699953
9.10510199875
1.86192399975
21.840054997
0.241286999967
3.68904499949
1.11015499985
22.5066999969
0.0
35.3878929952
252.411636965
124.831106983
22.007675997
5.49524199924
16.5648509977
1.09700099985
52.9225949928
31.8033739957
0.0
0.0
35.9127749951
2.49197499966
7.56653499898
507.16738393
2.22094499969
413.555469944
496.044285932
41.2804639943
20.2889419972
174.150212976
0.0
494.635226932
974.200261867
6.17632799917
0.0
12.5544889983
8.51706399883
81.0074629889
266.535275964
31.8613609957
134.872723982
64.8553059911
1.79612999975
0.0
22.093213997
370.485015949
32.5007279955
26.0753709964
8.41744699884
9.97744699863
7.51594299898
287.67531596
0.0
514.268618929
42.4860079942
30.3298009958
74.3601189898
19.6265979973
887.588102879
11.2331949985
22.3702019969
16.0975799978
1.07171399985
0.418692999944
702.808761904
43.434772994
19.5286839973
596.418715918
62.8995179915
381.981230947
271.076006963
121.161707984
550.732025925
776.637507894
1.15688799984
13.8881979981
383.562096948
341.431186953
2.48691399966
3.54509699951
221.37425397
132.248351982
29.338562996
42.2268049941
106.561774985
756.488764896
373.076741949
4.3941309994
29.125252996
350.703451952
222.964489969
91.8219259874
136.825254981
16.1983319978
6.58328299908
427.182188942
3433.71035153
91.0885689876
13.2980369982
186.997975975
1.89973099974
27.1400269963
18.5574919974
135.763242981
371.551257949
544.701211925
1.29137299982
11.8648579984
55.8196219923
24.2072439967
10.7549619985
1.92059399974
0.591918999918
43.993728994
10.8540859985
179.074476975
263.704444964
258.553216965
10.6684749985
34.7416859952
159.812325978
66.508907991
0.304607999958
1.4607559998
1.09733999985
1.4748009998
2.2007309997
99.0423899864
37.6678319949
183.036840975
629.760469914
114.278853984
17.6381709976
115.583619984
2.49583199966
16.4031309977
92.5920649873
106.133157985
12.9107549982
2.07630599972
1012.74994186
2.8995389996
2.2214289997
4.3326979994
558.452737924
0.838539999885
18.2739969975
15.3833659979
22.6399049969
58.344591992
1.39783899981
7.80738499893
43.696244994
2.46184799966
89.4482959878
10.8111549985
746.052135898
4.4090239994
0.59512199992
6.89334799905
125.113152983
0.794667999892
116.120647984
44.080008994
0.0
15.2145899979
33.3637709955
120.711775984
1.81728399975
0.760266999897
191.176831974
47.2843799936
76.6524669895
1262.04009883
2.00583199972
77.5161939894
6.25480599914
36.8058739949
16.1620779978
91.1265629875
12.0814999983
8.83136599878
503.721518931
370.122324949
413.254694944
144.55212298
127.046956983
0.0
12.2363649983
5.75597399922
6.81017199907
0.764303999894
385.951637947
298.290134959
14.346929998
2.64946599964
271.629048963
110.414107985
10.0729939986
16.4254179978
44.6381909939
2.77645299962
679.018295907
39.8543219945
1.91275899974
101.011295986
0.828493999887
0.917131999875
5.00270099931
5.29132599928
49.5339439932
23.1940649968
4.3977319994
17.5122429976
8.14580799887
1.77184299976
97.3250569866
6.90285199905
4.83445999935
4.3682519994
272.340171963
162.488558978
2.64167299964
74.8213109897
908.454005875
121.971873983
112.574413985
4.83525999932
13.4695819982
1.98155899973
6.17318499915
56.3440479923
1.81680499975
0.0
8.46672799886
1.03687599986
6.00455999917
3.56791999951
850.495225884
10.9244879985
160.783771978
2.9457949996
1.04941099985
4.11989999944
28.7432999961
180.150237975
238.580078967
637.713539912
0.350228999952
0.0
0.764303999894
71.3646839902
277.905153962
36.553084995
106.565433985
4.3006439994
11.2615979985
7.53721899897
30.0703529959
31.5293279957
638.996143912
644.675755912
59.1500409919
3.74634499949
29.125252996
0.0
29.013120996
33.2357299955
7.53254899896
2.30619499968
8.64220099882
71.3509329902
7.06766799903
8.77850299878
4.26650599942
57.2350519921
250.300662966
0.666606999909
789.898370892
13.1548569982
683.770515906
6.90715599905
55.4437759924
14.428842998
3.88233499946
7.18124599902
50.7815939931
4.10854999944
28.0354649961
0.449776999939
75.8260799896
13.6020509981
21.2049389971
64.1439089912
56.6113469923
0.0
36.1031869951
0.919008999874
521.611031929
7.68392699893
7.00702799906
27.4662439962
37.2126379949
99.6748819865
84.6812729884
254.778458965
866.217936882
5.44002599925
510.88899393
169.432689977
16.1722249978
12.3197769983
2.23237799969
27.8164149962
41.0246099943
4.88598399933
77.2643729894
1.51164299979
0.675875999906
4.70848599936
22.8054439969
177.291157976
115.375824984
326.064287955
481.437742934
0.381264999948
32.1296029956
54.6664949925
45.5843159938
3.47092999952
135.253321981
220.45762697
608.847260917
177.327502976
526.928653928
1.35523699982
1257.54679783
747.439055898
58.033268992
0.264179999964
7.00850599905
120.454455984
19.3969269974
375.554634948
0.0
10.5552159986
29.6325789959
0.245769999966
410.309689944
9.78944499865
25.8431369965
0.0
52.9508749928
32.1478019956
0.723356999902
55.3604839924
71.3298709902
13.8948529981
176.372137976
2.79231099962
542.180343926
79.2429159892
7.86827599892
37.9178609948
144.25355498
2.23928399969
396.734832946
212.632303971
79.4866889892
118.355571984
41.0790439944
106.734757985
87.153203988
0.352315999952
20.2482759972
32.8568119955
186.974126974
0.0
6.18526499914
0.0
19.8407949973
6.46253099911
0.0
2.37623499967
1632.03254978
470.303685936
42.7819779942
14.757434998
337.175456954
568.628046922
0.579912999921
56.8810649922
649.683846911
2.55724899965
188.596326974
28.8355219961
98.2969979865
417.453920942
1.4889099998
8.92048899879
22.9645259969
27.6802419962
25.0748199966
40.6153339944
4.19449199941
2.85828899961
0.0
0.0
140.961560981
4.02670599945
0.0
0.0
29.307318996
1.55143799979
723.024701901
192.410828974
71.3354389903
382.835851948
355.251245951
7.48515499899
5.30525699927
59.4960319918
52.4565249928
88.4726679879
10.6111019985
771.853514894
0.0
0.0
13.6903819981
0.237309999967
1.28559599982
0.0
507.02805893
22.6718209969
0.0
187.472846974
11.1701679985
36.315220995
0.0
2.8711999996
5.30085599927
32.8992319955
130.321384982
1.11805799985
177.557630976
51.457183993
3.73029199949
5.57893399924
8.14106099887
2.52998099965
6.62340999909
9.36437599871
531.381417927
157.167219978
179.522035975
138.033611981
47.9429729934
0.0
39.2674419946
126.948436983
299.436486959
8.88862199878
0.478638999934
20.8086609972
6.32200699914
349.832056952
28.3665189961
18.9910569974
78.9155249891
6.71568999908
215.67193497
17.1501739976
3.55716899951
2.13267899971
0.283964999961
452.488763938
15.0449319979
304.435027958
35.7881899951
46.4101159936
4.07048899944
318.613409956
183.486440975
3.28933799955
18.4212009975
404.432851945
0.0
18.5230649974
11.6592969984
215.33593197
276.636022962
10.1727969986
11.0855879985
340.753126954
4.73343399935
1.21452299984
52.7803819928
402.107637945
0.0230489999968
1.88897899974
16.9820839977
2.56366999965
37.5138719949
429.262116941
152.020700979
347.487789953
95.1386329869
0.0
590.512245919
0.779653999892
39.2502799946
4.81139699934
6.5555709991
172.272969976
1.76290699976
948.65582187
4.3744519994
556.670613924
176.179989976
86.6900049881
38.8574379947
0.301511999959
215.36609597
178.132933975
564.708346923
119.913961984
15.1739569979
407.487787944
45.7328149938
5.70939699922
183.482273975
246.594907966
519.062877929
18.5688729975
0.0
21.1409349971
2.15946799971
0.432496999942
5.21537199929
281.841149961
487.875304933
0.324554999956
28.1234959961
1.25197599983
14.139592998
5.38677099926
54.0450299926
10.8324209985
272.296705963
10.9506309985
1108.73623385
38.6376639947
17.1113949976
41.7313119941
0.848145999884
8.18887699887
2.14150399971
16.4094639978
300.171229959
6.24827699915
1637.03743178
117.675958984
783.552615893
2.76627799962
207.225614972
27.6753299962
492.783610933
45.2254129938
4.69043199937
35.8644279951
646.398246912
128.502003982
412.438290944
6.57444699908
419.652235942
133.964441982
1.71813099977
121.131051984
0.400205999944
342.438388953
0.0
152.901419979
31.5001249957
33.6696729954
0.0
0.389728999947
213.427954971
1.38818099981
1.55965799979
27.5774729962
752.246905897
115.178328984
80.8066079889
83.7727509885
206.769185972
436.85347294
118.490524984
341.727438953
2244.67846169
94.2965549873
0.301864999958
288.499721961
1.42277199981
318.484131956
36.348382995
1267.41351683
190.334121974
17.8625969975
15.9362659978
119.131347984
27.0237389963
308.238370958
7.78631999893
67.4817149908
3.07039699958
2.9156639996
7.53185299896
23.8108669967
0.0
4.55726199939
1.55529499979
17.1583239976
23.9434159967
855.201419883
273.180685963
352.029166952
64.2666579912
1.64797799978
8.57117999883
21.997330997
0.334019999954
0.0
163.564422978
152.540691979
0.994593999864
0.938977999871
0.0
0.671672999907
22.9908089969
99.1906239865
94.1715279871
90.3551019877
2.58549099965
70.1057939904
9.01690699878
652.879785911
478.508302934
594.984398918
848.493200884
412.497216944
802.60258789
588.37001792
795.706143891
844.944114884
3202.91921556
2.1948349997
24.6458599966
148.92809398
12.9468169982
191.931977974
0.793778999891
91.6881839874
4.54329699938
42.6568279941
1.29209599982
48.8000579933
1026.18306386
3126.25448357
9.85656899865
372.791854949
0.0
243.691842967
18.5055769974
0.793819999891
1.08561899985
27.3321569963
260.304504964
49.9182849932
22.087642997
273.595342963
54.8355369925
263.520829964
431.034033941
17.0428449977
52.0312549929
0.561489999925
5.01462799932
124.625481983
14.749741998
30.6485359958
59.7233709918
27.6802419962
383.747468947
464.183101936
113.134224985
16.6874189977
972.540482867
69.4059029905
8.08472799888
26.8319579963
0.310194999957
139.548864981
141.390850981
5.16243699929
105.116171986
112.813561985
37.0375099949
25.3375609965
10.5581329986
6.38480699914
10.4675399986
450.183052938
39.3006879946
4.06650499943
373.345172949
3.12837699957
149.517947979
735.565858899
124.632896983
329.066655955
248.426156966
181.419860975
229.088398969
984.077612865
77.7328179892
0.228181999969
9.63575099867
122.625952983
557.079039923
6.27820499914
6.11978699915
32.0404759956
2.1846359997
591.002099919
442.786197939
45.9662069938
4.46430699939
330.955450955
15.1905259979
7.96292899891
1.04954299986
25.1393239965
4.32577899942
3.75327199948
98.4765619865
30.6126679958
1.82198999975
366.66676495
31.1794749958
66.5612599909
24.3907989966
392.458403946
66.8860329909
5.76354099921
618.686020915
0.0
2.40395799967
4.84368899934
251.935363966
374.092687949
0.725837999902
485.146854933
66.7750259908
331.403499955
5.53844199924
306.076166958
6.32471299912
274.787402963
20.8315099972
228.789789969
644.790049912
536.045634927
89.9292439879
22.5466589969
3.02668699959
174.932335976
6.5739409991
528.090599928
2.94786699959
175.551156976
488.767536933
4.31513699941
11.6776069984
581.151653921
62.9948149914
11.9033059984
30.7997659958
794.371128891
384.620723947
1.02729299986
327.310542955
17.4320719976
765.630326895
504.956982931
564.820314923
75.4517129898
381.552176948
1.42156099981
7.69256399895
66.7015439909
20.5078769972
149.981647979
2.47600699966
26.0479779964
256.050968965
358.215644951
26.3904359964
292.06908796
18.8043959974
56.9974419922
102.181437986
335.495233954
98.9014689866
0.0
538.209889927
3.26085899955
765.269287895
1.90160599974
30.6276229958
102.569114986
75.7052859896
2.63644899964
10.5490199986
1714.68279976
426.100645942
93.6894299871
5.08108099931
280.047904961
192.311468974
0.0
0.0
32.0748179956
30.8930959958
22.8487989969
0.0
0.866958999883
6.29047299915
59.3180639919
390.611867947
1.31371099982
717.642337902
507.596340931
146.18638998
439.74118094
453.625278938
14.476255998
5.25434199929
36.257352995
3.02175999959
0.0
0.0
4.00147699945
35.3451949952
0.632519999913
20.6005259972
60.1697219918
149.36275298
21.2960619971
5.29356299927
96.1051079869
47.3115589935
10.6195419986
68.0529289906
26.7641609964
4.15651799943
28.1180849962
232.473942968
3.72115199949
239.307969967
3.17252999957
12.1732739983
2.64691599964
157.904821978
11.1213359985
5.50643099926
728.2571689
0.0
3.20088299956
17.2180549977
36.679717995
0.0
5.57110499924
169.467543977
19.7404949973
628.997420914
0.404396999943
159.457442978
511.75183193
1007.91711286
58.262074992
10.0453269986
9.46828899871
4.12576799943
26.2417979964
1.89176699974
0.0
161.576047978
11.4338249984
2.74793599962
19.6035779973
97.4416139867
53.8317159926
30.8922079958
74.7053399898
24.7943639966
2.67425199963
103.107886986
41.9066739943
61.7736249916
259.708177965
12.0292439983
22.002942997
4.05703099944
6.09659599918
24.4251869966
15.2687529979
53.8055789926
137.751615981
10.2209299986
81.8400219888
64.7025749911
82.8046089886
381.774568948
2.2178119997
40.8228569944
403.857560945
215.43082597
66.5535809909
0.0
8.93474699878
3.32680199954
12.4510829983
10.9027799985
63.5718779913
28.3884009961
190.160978974
0.617145999915
825.076074887
38.3925639947
324.257327955
0.140754999981
45.0332269939
401.880529945
373.288249949
0.0
3.90399199947
28.4502989961
8.67038899881
2.84500499961
3.69684399949
22.3327459969
3.47265199952
0.947678999872
0.483908999933
0.0
2.8939399996
18.1072589975
40.1131849945
65.696720991
0.127985999982
0.852250999882
41.6535299943
11.9067459984
1.70054699977
60.2921239917
11.3006989985
41.0569319944
4.11543099945
467.698343936
210.297740971
59.1684249919
338.565727954
1.58962999978
426.986478942
9.17821299875
2.59625899964
45.0211019938
316.437307957
89.4606679877
97.1832439866
107.902298985
199.392624973
3.23121499956
36.639976995
3.21721799956
1628.63187878
3.30394499954
702.999637904
519.360484929
52.5688799927
37.1423769949
453.783594938
2.62267599964
97.6447959866
276.977159962
0.629495999913
21.1867919971
8.18597899888
5.72557999922
739.675601899
47.0944549936
0.0
0.0
1292.56751382
8.69943099881
73.4157449899
0.368415999951
5.50445999925
162.297633978
38.8900149947
556.166772924
89.7032759877
7.34462499898
12.7405269983
30.8369489958
13.5989399981
292.36756196
15.3616369979
7.60411799897
158.657675978
314.743476957
183.931043975
0.781650999893
70.1257879903
0.0
9.30248599873
0.457021999938
1.95033399973
115.702840984
198.442447973
51.7852679929
1.15634599984
36.302526995
1.37833899981
2.04972699972
9.4197249987
303.207790958
4.00609099945
96.6130289867
20.1958759972
152.601420979
71.0910169903
1.52137599979
48.1820819934
16.7763139977
67.0675659908
0.299461999959
482.680378934
367.73928095
33.2610949955
4.84942199932
270.353706963
5.97564399918
94.2209169871
25.5915619965
1.08824599985
0.0
988.604329865
6.88470799906
29.430746996
242.245902967
28.2732849961
2.59086299964
10.3587939986
39.7587099945
6.56898599912
202.767585972
49.2726399932
0.122606999983
54.7865679925
1.28098099982
18.6741119975
212.256983971
68.5425439906
41.4002329943
52.6174349928
2.26834699969
352.821911952
69.1624789905
527.795333928
131.880529982
0.993186999865
0.431862999943
85.8626749882
126.417393983
3.59695999951
0.478638999934
7.83430299893
1.71135899977
155.640160979
4.46859699937
159.603712978
52.9795429928
16.3051949978
6.5686029991
502.820332931
0.0
636.013971913
403.055169945
1206.68476883
8.7393969988
1.65402099977
63.3060379913
16.7656539977
54.7913549925
165.623009977
359.875969951
2.08461099971
365.09685595
0.589631999919
33.6727009954
65.1140109911
58.2027499921
9.01196999876
202.817078972
1039.64897286
46.2694339936
53.2821909927
33.2583559954
15.1176859979
157.685107979
2.34760199968
621.584828915
28.8549439961
56.5493859923
97.7889029866
1.84315799975
27.7836879962
0.21624699997
552.772358924
3.99868199945
0.671208999908
11.3590989984
219.30326997
122.755792983
3.85214699947
0.0
0.0
182.440615975
150.499029979
32.1533279956
0.482632999936
0.380648999949
28.0462059962
2.25220899969
68.0195669907
7.50973099898
22.206066997
12.2270619983
0.0
0.0
2.40365499967
113.916181984
2.22666699969
176.347843976
55.0211619924
20.0983979973
4.92555099932
4.99694599931
8.06237899889
6.35316399914
204.568867972
6.16734299916
203.737873972
30.2426099959
27.6586709962
425.633192942
3.13061499957
109.455127985
5.50791599923
1.88890299974
429.562105941
75.4810779897
380.624769948
0.207840999971
54.7512129925
1.70054699977
146.03286698
663.335232909
6.44181699912
24.0959039967
55.7178119924
27.0388069963
5.96911299918
57.4797999922
197.923754973
8.19113299887
313.829164957
0.377790999948
0.0
4.14783799943
21.1702029971
3.09160099958
1.17042199984
1.39836999981
21.3160089971
1.81884399975
18.4307189975
1.04735899986
0.855639999884
0.818488999888
307.403233958
69.6344599905
31.0477639957
289.441413961
1084.12982885
134.872814981
141.482857981
17.4571189976
6.42525299912
18.2195099975
368.95100795
103.259782986
422.405174942
326.746177955
604.556930917
0.0163959999977
0.494470999931
410.773342944
678.871987907
34.1981339953
7.48524399897
53.0902129928
0.589095999921
30.8045649958
12.3112119983
0.0
0.286812999961
54.1746989926
223.624176969
127.767797982
283.701077961
78.0457059893
9.66774999868
591.919511919
4.2768739994
1.39503499981
0.0
0.0
74.3743329897
9.44794699872
725.081610901
706.760963903
1847.97868475
33.7987149954
415.289651943
38.9904129947
79.5985499891
28.5232439961
290.31032496
141.338095981
75.6209489897
37.9812879948
16.5346689977
2.73609099963
2.2090229997
0.0
9.62752199869
3.00808399959
1909.62727374
18.3563069975
124.416189983
0.0
248.298066966
133.983225982
3.70132399949
73.0567449899
244.101453967
8.0109709989
588.24269692
476.616605935
337.349860954
15.2385769979
0.415675999944
48.1995139934
0.87673699988
6.35804899914
4.73546399933
1108.66324985
23.3775889968
194.223542973
0.0
12.8033619982
185.333885975
129.302660982
4.66208699937
7.83663799892
120.115254984
2.1734169997
167.288846977
12.4509109983
104.134824986
0.0
44.8726839938
285.490872961
7.67039999895
186.210367975
3.41887499953
1364.53823981
218.96270597
472.062767935
7.04769499904
0.0
2.54919199965
13.2979429982
208.650830972
188.978492974
2.51039099966
24.6396019966
27.0228439963
0.455040999938
215.56555297
154.075245979
60.3052269918
232.447881968
2.50454299966
122.095257983
1357.14395581
0.0
156.349264978
3.39332999954
40.9797869944
31.1159019957
7.91028999888
872.30939088
133.169855982
46.9926429936
142.544493981
3.70638299949
253.283464965
5.03102999931
63.4551289913
11.9246159984
13.6956189981
2882.80529161
3.96383199946
1.91180299974
1.32722399982
8.50835099885
31.8034619957
137.076278981
14.254815998
0.0
51.384609993
0.845100999883
3.01342299959
0.561545999923
0.967721999867
1.52714599979
100.853217986
0.972795999866
84.2481629884
25.6835349965
5.96536899919
37.1612309949
0.0
2.84671399961
1.4607559998
295.544486959
1.58776899978
136.828401981
16.3395379978
53.2474219927
14.0722359981
2.49072899966
826.901005887
358.233012951
216.154776971
0.0
177.951015976
1545.49868579
1.32233499982
202.073877972
83.8963749885
588.915203919
24.1824019967
516.020310929
0.149937999979
4.56899099938
414.488501943
6.52536699911
6.00465299918
14.922180998
39.8791389945
213.888555971
0.0
4.19315699943
1.24420099983
8.12723399889
568.598458922
72.2043179901
38.2024539948
1.82614599975
3.84240799947
4.58017799937
5.45448699925
67.2721799908
924.892245873
51.8948649929
48.3223299934
66.8892819908
19.8257539973
177.260002976
3.05307999958
1.4437379998
0.623504999914
169.455766977
1.52372599979
2.8939399996
58.649413992
5.26469099928
5.67041399922
313.721258957
112.225210985
58.364057992
507.96813093
68.4555689906
639.879398912
66.4324199909
71.3115109903
128.218958982
194.008895973
5.8517449992
19.8629679973
173.508062976
1.59868699978
103.300467986
19.2070749974
4.22635199942
0.0
131.644560982
31.0774299958
9.84991699864
3.6451839995
18.4550829975
791.412631892
239.246972967
0.151928999979
4.12361799944
223.31174697
343.180151953
253.590496965
4.60756399937
37.0582539949
180.694864975
272.794149963
308.876684958
2.54682999965
0.0
184.789484975
15.0064339979
1.54688399979
736.030224899
433.380125941
256.305319965
290.83452396
97.7920309866
0.0
20.0240819973
0.389104999945
22.7487099969
14.113624998
333.987022954
53.7074479926
1.10322599985
21.854425997
19.5856269973
285.874646961
34.6857619953
32.3734499956
48.9165999934
4.56345999939
32.2064909956
5.25120499928
303.499010959
8.1231719989
32.0159499956
40.5464899945
771.411278894
175.821571976
35.6296179951
37.2851809949
238.997193967
628.769235914
1.95855699973
6.08187999917
119.975050983
8.14996199889
130.763240982
26.7778939963
5.33855199927
1.57199399979
699.258587905
8.33922599887
5.12102499929
1.14040199985
164.620111977
5.52853899925
31.5568569957
12.5544889983
65.429996991
314.124859957
1.30631499982
75.7536079896
12.6673939983
25.5864769965
44.0347059939
13.4028709982
20.2399069972
6.32965599912
1.30086899982
208.971181971
25.6516639965
317.963487956
1363.89058981
352.495816952
14.804620998
370.961938949
5.00402899932
436.18769894
13.8265429981
0.66618799991
333.568654954
263.294710964
170.082197977
8.14106099887
67.4106779908
475.393969935
468.341293936
376.205510948
552.036660924
156.695054978
426.093863941
110.142395985
315.911614957
201.373223972
0.44678099994
4.63775599938
1.60100399978
0.121932999983
295.49590296
5.9165139992
99.9669959863
59.9367479918
1021.70142586
1.99542299973
47.5147429935
4.42453699939
82.4342159887
150.776686979
228.968090969
8.86065099878
3.33622599954
4.97530599933
179.016020975
339.106981954
0.0
11.7761629984
96.7138579868
1.63929099978
125.435894983
22.9267159969
14.623138998
4.2506619994
11.4202839984
23.3579699968
10.5929439985
105.440539986
17.7957809975
1.77346899976
15.2906469979
2.1656459997
1398.10738581
770.413873894
2.06540499972
15.3730389979
18.4254139975
114.617422984
113.826798984
181.122065975
63.1260239914
91.1215339874
0.0
152.180986979
656.65323791
0.431338999941
1.30438899982
370.723007949
16.6779429977
6.47621499911
58.6421659919
57.7324039921
127.119395983
30.6845069958
309.232665958
34.0897689953
4.4604299994
18.5300759975
1.84562899975
5.68800199922
0.619544999917
104.841404986
0.0
441.657983939
41.3884859945
4.76403699935
81.1809729888
52.7420999928
123.671892983
0.720793999901
380.906738948
9.23507899875
84.0945249885
687.736612906
82.6434979887
110.258888985
22.6653529969
7.55927899895
10.8569209985
394.874499946
2.36598399968
51.440826993
1.83679599975
66.1952059909
309.944185958
22.1715659969
1.03803399986
53.2552039927
189.374040974
6.04214499916
30.8608689958
1.81804499975
14.852983998
1.62902999978
2.59231099964
0.0
90.8632769875
1.52851499979
1.27549099983
1.51337599979
2.55480399965
89.0714789878
28.3669279961
0.0
110.411556985
41.4888679943
3.43691099953
2.60449299964
25.4865979965
26.0917349964
15.9855469978
30.8941309958
119.914047984
94.883879987
191.760993974
21.3484309971
0.960258999869
286.930336961
191.433114974
40.1960299945
0.0
63.8040449914
0.162233999978
51.0778259929
15.5095199979
390.449590946
332.558701955
23.3485809968
72.0637429901
0.0
15.2230689979
231.608659968
32.3841539956
10.7836209985
295.875053959
148.837999979
81.9005519888
8.0251799989
100.195871986
39.7114229946
590.922837919
42.9422379941
44.4584449939
198.049000973
4.56775499936
40.3296229945
73.7150119899
221.450805969
158.810344978
222.461337969
30.1013939959
0.259939999964
27.6320999962
447.418281939
265.237872964
31.4811599957
40.9601149944
276.708973962
1146.92793084
16.4923359977
6.35877799913
12.3346849983
79.1089079892
8.22170199888
0.440602999941
137.387907981
6.58357299909
4.18599599943
27.6802419962
261.848917964
61.3726399916
0.0
254.927546965
1.31306899982
3.21435999956
45.2237779938
56.4011859923
381.381691948
666.744596909
24.8816369966
0.237309999967
6.88270299907
800.52580889
0.14357099998
1.30270799982
36.1716449951
1.90027299974
77.5761619893
493.833572933
534.573517927
542.336340926
24.2861649967
0.355642999951
2.27635999969
166.922784977
592.753054919
5.30957899927
770.450734894
10.8546709985
172.683639976
96.3208459869
0.846302999882
29.7174749959
13.7845559981
127.363539983
0.376611999949
3.6247219995
222.241929969
40.2651869945
0.412029999945
54.7953749925
121.977312983
73.9085199899
41.9198359942
120.059881984
6.75546699908
0.469059999936
588.897916919
7.33859199896
1.31606499982
8.98818799877
451.717387938
2.01620399972
203.954223972
0.437233999941
106.645344985
1.79385199976
8.39754999884
504.818132931
6.12456999915
87.8950449878
65.1263909911
63.9771719912
5.49644599925
75.6181819897
0.447293999938
0.0
175.577242976
51.7793569929
5.16280099929
13.2516489982
1030.01338186
0.0
57.2103419922
2.78120999962
1.30389899982
3.89744199947
20.2121649972
8.83330499879
411.763879944
6.79175099908
27.1400269963
615.040793916
156.768924979
2.24196799969
0.810394999889
0.0
65.956156991
3.15969199957
4.67920099936
0.0
14.895796998
29.9909089959
28.0665729962
389.871617946
59.2777139919
3.6172239995
6.31647199914
573.222590921
0.801568999892
353.209412952
4.89124799933
1.30751399982
174.712403976
28.941039996
86.4134909883
131.785603982
3.31406099954
9.81399399866
18.2304719975
224.945385969
661.325996909
85.3049179884
130.201233982
466.765815936
0.266293999964
0.0
26.4487729964
716.253328902
230.593397968
1.4887929998
299.164872959
0.561489999925
5.48437399925
87.9146269879
11.7957039984
874.14506788
205.238178972
4.67977099936
406.250447944
336.268416954
350.587760952
55.3975579924
106.244656985
76.3702059895
731.9469199
0.0
452.022293938
39.1373019946
550.211968925
138.843374981
70.2582649903
110.687198985
286.661234961
1.34626299981
9.53864699869
74.9925519897
92.5029359873
103.208861986
14.251201998
14.461770998
178.001983976
0.14844899998
0.0
375.196991949
110.225384985
5.74817899923
296.02759196
28.0782069961
69.8789989904
8.50929399882
1.98224299973
62.7989849914
4.59911099937
87.8792839879
5.8238679992
140.729638981
36.756674995
1.42156099981
6.63127099909
1.50855699979
71.9070509901
20.0322089973
0.43481499994
7.84951499893
29.005478996
309.930914958
25.5223099965
259.707408965
28.5319479961
8.94633799879
5.55077699924
117.080346984
50.2244169931
14.728161998
30.5206619958
425.708993942
5.85127199919
294.79396996
256.835515965
58.081148992
8.81585899879
479.250688935
550.765693925
62.5709199914
259.220287964
2.35868999968
468.865123936
12.5731199983
491.262066933
550.843057925
98.7819779865
7.84286599893
8.94633799879
26.3967579964
12.5544889983
263.739478964
83.1187759886
8.49551999885
0.905731999877
2.41652499967
47.9363769934
10.9659829985
247.621743966
609.354822916
333.653474954
189.746456974
256.649249965
255.564653965
0.968169999869
50.970561993
60.4711389917
419.597184942
51.273963993
150.734616979
1096.75218585
5.56659199923
71.5108359902
5.47534799925
108.323458985
46.8649669936
6.58225299908
85.9308369883
462.624999937
2.8840829996
184.370679975
12.5281979983
5.59360399924
188.528607974
0.647081999912
406.556545944
117.077949984
406.732975944
939.180443871
1.17603699984
0.0
1.03626599986
0.0
5.38584799926
71.9474209901
367.860900949
202.448298972
26.7778939963
5.74106499921
0.0
0.0
1369.80797381
0.893307999877
478.007683935
754.565160897
22.8250129969
28.0564859962
5.30532399927
118.420433984
0.397050999945
21.4127979971
8.42208199885
24.6742609966
0.0
570.314318922
32.1880189956
381.494676948
5.83288999921
55.1123389924
23.2958149968
541.840353926
1.4607559998
0.0
2.42142699967
171.641161976
52.2764149928
14.9895629979
326.612112955
202.063072972
6.89876799905
277.000093962
455.585731938
1948.84427473
0.517305999928
4491.87265538
340.968636953
2.45094799966
7.283833999
1.61657699978
0.590839999919
164.686444977
87.872101988
70.9986899902
0.0
36.416916995
303.385040959
42.9139379941
154.577477979
65.936050991
153.455917979
4.95278699932
183.155320975
18.5104319975
0.595810999918
1.4522209998
5.9502509992
22.098163997
95.9467609869
1.83170099975
51.171169993
64.2802869912
46.3161479937
197.552038973
27.4829599962
39.5927269946
0.774566999893
67.3021729908
37.9052409948
55.0574839924
638.509921912
10.5776489986
22.3184379969
29.9721049959
25.4183269965
29.7072169959
0.0
0.0
4.58886999937
98.1574499865
0.0
144.85027598
0.89445799988
1874.07347874
353.872274951
33.4731039954
1.04735899986
2.24704599969
39.8797699945
85.6924249882
68.4847019906
15.8972779978
2.46730199966
5.42922099925
13.6371289981
158.124817978
20.4243969972
10.7461169985
204.572193972
9.91040899863
118.706256984
59.9285829918
19.8536819973
42.3071519942
0.0
8.68648299882
401.533097945
0.0
11.6304009984
9.36807099872
125.688435983
12.4597319983
27.8307139962
3.91617599946
766.661271895
221.14881797
164.729886977
178.807798976
94.992604987
90.3404199876
127.279292983
30.6525079958
13.3486549982
1.4674369998
107.175134985
11.3891879984
19.6471089973
54.6648219925
83.5014589886
3.10799899958
344.681097953
2.69123999963
54.0177829926
518.982938929
3.19031699957
0.391770999945
31.5560759957
10.0506089986
13.0013279982
328.454959955
477.419452935
4.94565199932
538.670774926
508.29822193
680.405025906
1002.70176886
261.210766964
0.0
11.8981599984
484.078960934
48.9714839933
0.0
1367.53249881
0.80880499989
1187.68200884
37.4933299949
0.235299999968
5.58997999923
1.13075399985
6.98917499904
4.05121799944
166.931137977
615.485916916
627.295630914
2.9341459996
6.09230599915
252.237380966
87.786743988
661.655856909
61.8149399915
128.088462983
118.557175984
0.0
247.187915966
0.58161499992
177.545937976
407.822938944
19.0874589974
13.2862979982
0.0
156.410191979
8.33715999886
2.2320049997
3.20024999956
2.54437899965
13.5924759981
4.91151599932
9.02868499876
170.902671977
22.7875539969
0.0134949999981
0.707766999902
33.5318629954
321.848020956
144.75945898
5.22381999928
0.705447999904
34.1370429953
278.004892962
0.617703999914
6.63026299909
13.3061239982
6.77752099907
14.9904049979
3.25105499956
50.632240993
77.6320609894
102.424892986
3.57753799951
104.766853986
8.72385599881
7.81697399891
4.4381599994
2.22881099969
0.578876999921
477.390739935
204.856766972
91.5852279875
169.392357977
1088.24420785
1.4607559998
556.003659924
0.317013999957
127.266137983
452.733608938
321.454255956
97.0374279867
1.78321899976
123.969223983
80.106211989
0.0
167.045249977
68.1883469907
0.588539999921
1.21130199983
35.8260949951
15.7570799978
9.03385899877
121.392095983
0.701092999905
2.06135499972
98.1149989867
225.143820969
38.0089939948
10.9224579985
74.2744749899
142.431444981
78.7236209892
205.487753972
1978.02486173
35.4020169951
1.68036699977
56.4421729923
88.7000729878
358.122862951
949.90242687
745.010727898
700.145429904
30.4877779958
1.81221899975
102.667687986
161.437440978
115.652413984
120.209437983
486.514093933
1.11397199985
1.01804699986
0.0
24.7244939966
33.4875039954
0.882703999879
8.65674699881
29.9530059959
496.010372932
125.319739983
44.9084149939
314.929183957
324.355385956
89.4085299877
0.0
385.391312947
20.3220899972
156.699751979
0.455138999939
1667.96809877
296.074122959
0.0
617.646476916
637.884782912
16.3932059978
1.20186299984
0.0
20.8457319972
3.13472499957
55.2969659924
149.998224979
4.67022599936
12.2217519983
17.5169249976
3.96092799946
276.938976962
5.06431399931
32.3649579956
121.270284983
22.6503729969
10.5643959986
5.27584099929
28.2832389961
39.5425029946
30.0419919959
8.59955499882
94.2558809871
1.21298999983
255.317192965
10.8716629985
24.7250909966
21.978718997
13.0519559982
10.2315459986
1.97551899973
12.6697539983
9.12337299877
36.509779995
6.37887099914
112.562644985
6.26883899916
32.7912839955
4.78577899934
234.888114968
289.68648396
808.71049089
12.1431309983
383.858054947
158.096955978
93.3612199873
128.843482982
184.319201975
8.80835399881
386.200356947
254.435904965
0.0
37.1914869949
1.74972299976
2.50183299966
5.8049509992
107.903480985
170.395849976
187.097922974
0.393455999947
87.6344589882
99.5679849863
183.650882975
9.11461199875
646.352731912
2.29939299969
525.420980928
7.23221999902
2.65470199964
138.274052981
133.524907982
373.507510949
521.803682928
1777.36636776
2185.7543427
49.9258489932
1.74285899976
142.42570998
473.954732935
179.599185975
0.0
68.9611959906
3.05392199958
141.38953798
6.83799399907
423.335681942
526.364090928
60.6816879917
0.595810999918
0.613589999918
30.6919869958
9.06287399875
82.4145249887
9.96104399864
344.975823953
103.938221986
4.91969799932
26.7686339963
0.21765099997
18.9026689974
21.715852997
179.660125975
4.80115299934
0.0
372.788054949
108.070940985
62.8289129914
181.554581975
3.26520899955
654.662590911
54.2046379926
15.3130039979
0.101413999986
11.5220619984
103.694812986
1033.69094486
5.77253699921
78.8162399892
13.2372699982
6.4767549991
144.15711598
4.92747099932
8.81422799879
260.246949964
40.0591069945
231.617192968
426.556626942
5.8519559992
1.29209599982
1.09514699985
0.0
224.738071969
60.1464429917
8.7258519988
3.91492899946
38.4855129947
352.257084952
115.626546984
6.43447699912
6.09601099916
319.089086956
705.908469903
10.6377709985
4.3071789994
79.0278199891
810.873494889
18.3120199975
1.62929499978
5.66018499924
10.8347339985
6.80506899908
2333.33522468
36.233305995
4.13032599943
165.938300977
675.751142907
52.0328719929
40.5461349945
4.55303999938
21.1977159971
101.389700986
0.0
100.500225986
0.0
527.084270928
4.60246799937
41.5425619943
1.23477299983
388.039826947
776.085711894
838.675412885
1.4437379998
1.73880899976
4.63077399937
0.549290999924
0.384183999948
64.4285649912
438.93664894
1058.80738985
2.79522899962
614.302117916
197.381194973
66.6371049909
162.694793978
500.707273931
413.596216944
0.677760999907
32.8632659955
32.4992669955
4.02131799945
0.0
68.0192369907
26.3358499964
1.09276399985
294.05925396
10.4246009986
109.443193985
47.2732909935
60.3604909917
4.67512099937
83.0315279886
28.4401939961
9.01502899877
491.376637932
668.985399909
7.97768999892
3.91292799946
60.3081989917
473.442756935
127.298630982
509.16198393
134.166963982
281.908714961
61.4420479916
166.969960977
102.121776986
563.301262923
228.170306969
31.8757269956
210.883657971
30.8981759958
160.610057978
79.0854979892
154.659704979
613.422442916
31.3886449957
75.1901569897
92.6766239873
371.431298949
195.578400973
141.434612981
66.1630719909
11.6169039984
0.0
245.117427967
183.058369975
0.482601999933
69.2377399905
25.7604019965
0.510963999929
3.73927899949
60.3738639917
31.3533199957
663.825273909
87.1329659881
46.4067139936
30.3283259959
55.3574929924
411.702957944
23.5712989968
35.7313859951
7.68231699895
453.872706938
8.89404999879
524.770580928
60.1079609918
85.1061099883
11.7859739984
18.6997779974
40.8489959944
15.0490239979
80.232971989
100.626247986
1.98819499973
3.77894199948
90.1676479876
3.37430899954
67.4902669908
153.530723979
0.0
305.688893958
313.864519957
31.7967729956
502.947296931
37.6880479948
57.4437279921
51.029841993
127.987993982
1.16081199984
447.429516939
430.009557941
6.89457999907
0.713291999902
28.1956539962
16.5688599977
0.345536999953
29.9591199959
27.6802419962
268.228315963
49.4686259933
158.639688978
600.407930918
284.175105961
4.39331599939
381.855497948
3.34386199954
2.40822299967
277.712921962
1.08280999985
0.525986999927
0.163258999978
698.489609904
6.5987219991
3.83792599948
8.29061899886
10.5332989985
54.8223819925
0.0
24.5196749967
7.99559799892
333.665313954
1.18490899984
7.237110999
0.0
2.2232909997
17.8805649975
50.7071539931
0.770922999896
177.014264976
206.132593972
54.6740939925
28.1381809962
33.9690909953
98.1815639864
95.8080159869
673.651873908
34.0279429953
11.5434359984
37.8072629948
25.4104219965
372.332870949
12.5720049983
3.50350399952
0.686922999906
0.207840999971
78.0752879893
21.1935739971
177.521538976
78.7898399892
141.560007981
19.3176609974
29.9463069959
27.3199749962
206.472357972
13.4108029982
46.7951899936
102.976003986
80.3492809892
65.879443991
51.110649993
2.2218209997
456.277629938
4.91128599933
0.0
56.8625429922
0.0
197.617024973
55.8814999923
86.3413529881
38.0113789948
695.654419905
461.579610937
11.1886609985
17.9504209975
534.388084927
2.03182499972
36.777829995
313.421594957
0.93536399987
29.291642996
15.4898449979
0.0
6.49671099911
73.7816599898
0.404396999943
1.82506799975
0.0
46.8304239936
55.4767679923
548.636100925
18.8296629974
0.577501999919
1030.66941386
0.0
17.4439109976
6.02520499919
3.41485499953
1.61192399978
674.888601907
1.24400399983
114.117391985
33.9225159954
162.365764978
499.934241932
53.2647409927
27.4933789962
61.1784489916
0.914600999873
334.183647954
282.975514961
267.504429963
22.266308997
0.0
24.2720199967
3.05006199958
0.0
223.433520969
102.523252986
1.69588599977
4.16421099944
10.8426719985
7.28209799899
0.480732999933
666.480080909
21.631067997
178.406155976
71.2772779902
106.759338985
317.712215956
51.7679739929
2.34617299968
13.4069209982
42.7829679941
0.0986059999866
275.380177962
4.93478699932
6.63970299908
2859.13527661
1.11450299985
8.68128799881
49.7675839932
0.0163959999977
0.368415999951
35.5336919951
2.45196199966
10.1736759986
148.62434798
130.912532982
168.993164977
129.980142982
38.3433159948
9.4255519987
248.578521966
2.26425399969
551.499467925
169.070889977
1.30631499982
0.0
102.523807986
77.0937029895
131.288152982
70.3950569903
137.092485981
19.0553079974
17.4570839976
428.859557941
83.5034759886
16.5394289977
717.280299902
857.305802882
898.909094877
0.0
1.69937099977
6.62246899908
1.57698099979
45.2327539938
91.6356509874
1.4834949998
163.047025978
1343.32182482
357.555969951
46.9912969936
126.057726983
4.17356199942
49.6684339932
12.4905179983
1.15982699984
12.8425539982
29.3842589959
60.4495029917
70.1919129903
29.8047439959
144.98169198
194.143451973
81.3271369889
12.8510129982
75.4239319897
14.1492779981
0.0
328.472287955
526.417589928
6.14335099915
2.23977199969
11.2272179985
1.55269299979
1008.64729186
167.865630977
54.6976269925
3.71363899949
148.72426098
0.0
5.66665599922
65.2961619911
3.77898699949
133.911117982
19.0608339974
620.148843915
3.04719699958
0.0
118.648357984
88.7860349879
81.7525419887
1.13158999984
72.2225639901
75.0473469897
12.9513389982
2.49865499966
7.88586499892
3.12437899957
34.9140689952
423.687931942
4.87376899933
52.0370219929
2.85550899961
3.96473099945
320.334753956
0.52070799993
208.040346971
97.4993879866
6.00593499918
153.770581979
0.0
4.24725699942
37.9906139948
694.792515905
87.8575259879
40.5392859945
428.696508941
94.749641987
29.560952996
247.005742966
33.1874759955
24.6197669966
1853.53559375
477.964853935
14.9868669979
1.68633799977
533.311897927
237.500879967
21.0113289971
9.01109599876
18.4135649975
5.49375699923
566.987370922
22.5124559969
628.864736914
59.3360219918
29.268713996
4.10751999943
225.919486969
590.590518919
0.431412999942
2.86815099961
2823.43627361
323.167042956
131.514570982
3.6207879995
114.874165984
3.38278599954
530.871782928
104.225207986
23.0869779968
106.439902985
4.95009399932
61.1766469916
156.138706979
116.106348984
0.258652999965
93.5305709872
0.0
1062.59161885
19.0033959974
667.241887909
1.84979599974
21.0864689971
363.80051295
124.719376983
644.333932912
1.84411099975
217.01581597
13.8755319981
7.9713819989
58.3462639921
61.0271259917
359.198519951
277.800158962
3.46398699953
24.5703799967
3.6741489995
40.8921709944
0.0
2.52521499965
97.3659929868
7.53866399897
182.744838975
50.4629289931
1.52782999979
44.5370999939
4.06181599943
6.81827799907
97.4376839864
0.662517999908
73.8448459899
33.7384459954
63.0657919913
0.0
1527.69690079
580.43635592
10.2746999986
7.05650899902
114.256086984
56.8207399922
382.614703948
10.9929659985
45.9901189937
7.40527099898
2.01251999972
7.51492399896
8.78176099878
329.803558955
143.66375598
12.8182809982
44.005290994
45.2143549938
35.2347369952
106.737057985
0.0
7.67947299896
24.0666269967
7.63094799895
0.694610999906
625.311691915
3.34550299954
731.8402759
353.274788952
365.26720695
41.2078439944
484.233178934
3.56033199951
1.68346299977
1.37867499981
412.074914944
348.161493952
45.8079859937
0.0
544.296738925
2.13156299971
26.6991029963
55.9040019924
9.37198099871
42.0311959943
30.2800179958
191.205782974
1.11126699985
163.593816978
41.6027539943
59.8300249918
9.74158299867
76.9536159895
16.1834749978
22.4752909969
189.468959974
45.9284059937
56.3107769923
13.6279419981
13.6909329981
62.3962249915
7.47545299898
0.0
232.541986968
2.2252119997
12.6588859983
19.3428849974
639.403141913
59.7998869918
19.0658649974
180.183319975
817.022522888
13.5345289982
342.251180953
2.9144019996
0.0
4.62595999938
1.30622199982
18.1101429975
85.8009749882
0.0703369999903
54.1518829926
0.0
211.316398971
1.30435999982
253.855625965
664.820007909
4275.44346242
26.5270679964
654.86300891
28.7904679961
14.588128998
6.65228899909
3.08344899958
58.421156992
479.953447934
553.038384924
370.103344949
952.45702587
3.33959699954
20.1640199972
71.0003999903
76.4064909895
39.9421079945
107.429883985
2.70157199963
7.66503599895
2.79801499962
86.0775949882
11.9742479984
26.6213139963
78.0379209893
5.05679799931
35.1349869952
1.75584099976
25.0879109966
10.0617689986
212.527085971
211.027841971
3.10667199958
2.52303299966
1.74653099976
27.8297969962
67.8595679907
123.004194983
31.6212549957
84.6875869884
1.04496199986
43.3170419941
45.0446629938
761.672006895
2.58203099964
619.147749915
0.0
3.87957799947
48.9404789933
66.9884459908
7.97885599892
0.827714999886
278.355601962
68.7250429906
42.4540829942
8.19643299889
4.12105599943
13.9733259981
112.262310985
37.3271199949
170.256275976
105.117743986
156.959319978
36.6879689949
2.73527399963
33.6615989954
245.037326966
8.86167499877
38.0216529948
286.742722961
6.4767549991
57.2734239921
0.819113999889
5.40938499927
27.5082499963
5.1023109993
207.374313972
0.0
5.37074699926
1.95531099973
6.78854599907
2.9169899996
3.73785899949
0.0
143.65809598
1.11443199985
0.833598999886
26.4944929964
101.108690986
1049.45236886
0.0
73.35661999
33.9465389954
0.320686999956
38.4014499947
1.69146899977
685.417391906
35.8949069951
314.324778957
38.0466929948
57.9539589921
336.534156954
141.420350981
58.775951992
59.9943549918
115.026176984
2.01352699972
0.184902999975
110.189996985
213.459407971
159.601877978
77.5881589894
2.29195499969
13.9290979981
526.540659928
809.904061889
900.518668877
0.890660999876
95.067169987
35.5665039951
33.5067969954
42.5168539942
18.6429849974
0.0
38.1044009948
281.406203961
71.8076399902
3.56582799951
103.387228986
64.1787569913
237.444152968
0.0
13.3688609982
27.6802419962
10.0256819986
35.3480679952
0.404396999943
20.8454469971
2.15339499971
340.316467953
406.872747944
14.239447998
19.3235529974
99.5966559863
5.99500899918
2.02621999972
957.175674869
15.5026259979
5.65291899922
1.72235699976
29.7684029959
35.7165229951
133.368926982
15.6714869978
1.79055599976
2265.28290269
5.28158699927
21.4013759971
37.6726989949
174.940087976
8.90081299879
16.6586179977
0.703257999903
0.0
236.631802968
1.99349999973
19.7924109973
245.387912966
28.7167129961
5.60529999923
160.000771978
41.2900139944
0.526515999929
237.247245967
1.30950999982
0.0
487.073314933
1.51620699979
58.349236992
14.2488469981
39.6894019946
50.0741209932
33.2313809954
107.397556985
88.9090119878
3.07958299958
1494.93272479
398.212064945
8.92991499878
0.0
1.54753399979
1.01867499986
201.032996972
61.5749699914
0.0
99.9147869863
536.718046926
1.25985499983
6.19854299915
48.7932659933
168.181593977
3.38375999954
4.15993999943
6.80936699906
285.241144961
1.09437199985
0.317129999957
86.4148899882
67.4312169908
23.7399869967
28.7148649961
30.5169319958
252.679462965
289.44753496
1.54587399979
90.8638129876
1.35517199981
209.787477971
5.8599169992
430.248904941
8.69469199882
15.6732319979
0.0
47.6190569935
0.0
37.4129669949
202.321074972
14.0886829981
1.66415999977
1.24425499983
12.3619459983
16.8320329977
36.535665995
39.7557969946
35.5585639952
5.44710799925
80.8456369889
278.135226962
222.21047797
0.610974999915
0.36120099995
138.566376981
528.771747928
135.738912981
77.7663519894
422.959626942
0.258652999965
15.4923339979
177.476203976
131.517068982
1.33664299982
3.81029099946
63.4783779913
6.85811499908
26.4182679964
0.0
93.3536759872
9.50238799868
30.8922079958
1.39638199981
26.7375549964
138.263140981
13.7167169981
0.0
597.467044918
13.8284119981
61.2851369916
81.2898579889
472.958660935
262.357121964
32.5316079955
600.591197918
896.843148877
10.8566599985
1.87694599974
2.55734599965
259.552633964
18.8541109974
1.87750699974
6.95771399906
371.997640949
8.03794599889
21.4967599971
0.645863999913
388.282284947
7.57667399898
207.285271972
56.1367369923
190.160056974
5.75918299921
147.62831298
316.955805957
21.3009199971
1098.23613085
1.69588599977
1.49744599979
27.1926159963
15.5721999979
56.0778229923
25.5080909965
572.337342922
685.404286906
3.60612899951
124.668638983
2.43096199967
32.5375029955
0.387707999947
2.51738599965
15.8104239978
0.0
178.657605976
1.97354299973
2.03448199972
0.600919999918
254.897367965
17.7993319976
0.0
0.676139999906
517.748623929
30.9906879958
45.2460929938
105.378490986
597.510284918
1.84687299975
79.0705949892
85.7874029883
7.66464799895
143.84720398
10.2913119986
5.57717699924
861.723349882
27.6802419962
11.7249989984
6.29816599914
2.52460699965
125.032077983
15.6658969978
1.37422799981
50.2787659931
3.07955599958
6.26759799914
30.8098669958
5.90963699919
18.0712279975
100.107064986
161.764324978
2.9128159996
302.243304959
1.30207699982
589.820600919
26.7600419963
0.0
0.0
6.47770799911
32.0937939956
28.1334849962
12.5612329983
529.330551927
21.814036997
416.664141943
684.311843906
36.614939995
15.8033309979
139.709957981
27.5241709962
554.660030924
79.4834909891
2.87299799961
50.6313049931
380.592513948
156.418828979
36.2001539951
9.12368799876
49.0677039933
191.923098974
70.7038879904
2.9275519996
4.95347099932
1.28237799983
11.6639109984
2.25556399969
1.18070799984
19.7468519973
25.6639929965
1641.78882178
13.0708669982
399.304010946
249.088599966
1.4845179998
1.68160499977
7.82029899893
326.290927955
3.97220699946
112.576959985
193.373375974
1.10573599985
104.211631986
17.5233899976
239.900005967
0.961262999868
10.7211119985
56.5797639923
13.8262879981
36.9965599949
241.501820967
57.6451649921
100.250019986
0.277717999962
0.934269999873
10.0077629986
84.5080429885
1.82012599975
104.653502986
2.48691399966
9.78219799866
86.1167609882
0.167279999977
32.0183519956
40.2980059945
249.156313966
0.0
263.822842964
217.64480497
7.17058699902
5.40938499927
15.2818289979
8.21651499887
45.6185919938
788.437590892
57.2828839921
1271.43233083
4.06650499943
11.4059999984
2.98473899959
30.4687319958
73.4844779899
1079.57020585
4.28405999942
199.257159972
143.60205098
1291.20211382
448.774980938
0.604056999917
3.49997799952
43.616852994
21.4107729971
1.56251299978
0.0
11.5068349984
90.2153889876
46.8492749934
3.32970599955
1.85585999975
487.740637933
10.4915319986
0.772463999896
43.2921329941
86.4538129882
0.951506999871
88.8147969878
60.7339599917
388.249856947
4.50622599938
7.216541999
0.0
29.313145996
57.1805959921
184.313181975
53.1575399927
21.4284869971
59.9160829918
263.307175964
6.22631699915
93.7629279872
184.422115975
8.03009199891
143.93613298
506.545125931
121.747374983
272.941800963
2.56969199965
12.6378589983
190.288390974
96.4952239869
119.610046983
8.63852099881
1.98823899973
4.4151109994
61.3667139916
324.551979955
30.6123749958
21.0343799971
200.033945973
140.139885981
27.2990679963
479.974923934
284.925183961
6.23625399913
1.37371999981
559.510164923
0.410116999943
1.17030699984
47.5413279935
474.123858935
0.0
26.1522039964
0.0
89.9502769877
282.762172961
26.1474389964
25.2198479966
125.113791983
42.3694249942
399.113740945
1.55529499979
9.98506199863
16.7447709977
28.4126349961
4.64446299936
1.34626299981
120.507785984
150.981474979
4.82184399932
248.896557966
1.22495899983
570.092735922
388.327376947
3.51661599952
519.179763929
263.852935964
133.569463982
1.22354899983
48.2080109934
19.6246889973
27.1926159963
214.803522971
0.0
29.001237996
45.4127199938
2.25735999969
6.91022599904
47.3575759935
31.6446119957
6.37466399914
13.6743129981
4.28889299942
467.169015936
32.1920659956
7.65030899894
33.9297799954
17.0933339977
46.4684809936
0.0
1.23504199983
5.58694199922
103.691912986
39.0717789947
116.206961984
1.56037599979
2.36858799968
551.946146924
4.80287199934
3.00721299959
2.49730799966
2.9276189996
0.500363999933
32.5679049955
2.48384899966
92.5692349873
20.5855579972
1491.5423068
577.034356921
20.8684699971
2.60350399964
888.391082879
475.589165935
29.7772749959
9.07001599876
317.052865956
2.83888999961
7.87797499892
815.442155888
58.1881449921
27.1978559963
592.986513919
563.519902923
923.304436874
4.14056899943
0.930312999873
11.0933179985
28.2237219961
0.912578999875
6.45407299911
27.9525929962
412.980049943
178.556840976
97.0950359867
14.0961419981
3.22796799956
2.81974199961
20.7125419972
94.2457469871
135.358475981
13.1620159982
0.941452999871
10.3723379986
107.495055985
2.33414899968
4.52333699938
416.776282943
12.7561089982
22.9191879969
44.0973529939
14.9961729979
4.83770899934
2028.20399372
124.479302983
121.480062983
66.8444449908
176.436526976
255.176658965
17.6705569976
3.6761649995
426.766833941
0.0
167.700743977
180.904130975
356.926315951
255.802240965
48.6580929934
0.413361999943
37.2538909949
9.72030299867
0.658554999909
21.5316199971
16.9664809977
7.33924999899
293.67015196
9.65766099866
502.292465931
4.95937699932
3.37685599954
91.5393179874
197.400027973
936.271578871
365.40221095
32.2931039956
144.32487998
28.0865689961
71.3627899902
294.526582959
79.9367689891
90.2919819877
1.26882599982
9.20897399874
74.1224609898
0.650553999911
62.8642809914
7.95411399891
9.73308099867
1.32360899982
0.0
557.477743923
4.81922499935
97.5325799867
107.485075985
5.16076199929
0.0
535.646483927
0.762195999895
16.8258249977
11.3010929984
0.552553999924
48.0023209934
440.165161939
22.200399997
14.0125809981
2.46375899966
52.9794679928
29.6961099959
254.052595965
88.5438419879
1.08698799985
14.2405619981
0.0
731.5797619
323.768017956
5.63587899924
5.27603799928
0.0
7.31312599899
5.34956199927
115.788295984
0.506753999931
7.99180299891
114.713408984
26.4652789964
13.6858079981
0.342131999953
5.32170599926
25.0698539966
164.450054978
0.0
1.04977599986
349.274252952
8.6774039988
7.68673999894
612.476579916
8.03192699888
81.2123859889
22.061605997
112.540233985
109.036445985
14.608771998
2.58794999965
2.54041899965
574.520391921
34.8998829952
354.092408952
1410.04045781
7.99899499891
150.598963979
316.972837957
11.9079319984
0.0
375.972122948
3.41410599953
1.73880899976
31.6248589957
7.45653499899
8.0124159989
297.368981959
9.79066699866
146.05566198
174.219657976
317.140441957
41.5381879943
515.768819929
41.8832099943
115.157621984
752.331452897
19.6873039973
28.4279129961
83.0461179887
33.1321399955
225.407532969
413.514921944
55.3143829924
51.6383509929
271.556875963
23.5452449968
3.6363239995
0.0
627.322948914
0.874370999879
2.63644899964
100.411586986
4.51113899938
40.7885899944
0.0
1650.39986377
90.0389069877
95.263393987
0.36651199995
162.732056978
0.924544999875
72.2886339901
49.4322909932
134.247096982
9.85712299864
0.0
84.2082759884
0.0
18.5334619974
82.8943659887
6.67039199908
0.431862999943
13.6577979981
0.439606999941
1.16242199984
0.0
1.31695699982
216.99141797
0.0
83.3620409887
319.489693956
28.7298039961
5.8284689992
13.9227549981
57.9400579921
33.8479379954
3.6841259995
0.674135999906
92.3810459874
62.6434519915
1031.68081186
92.8332239873
17.9562229975
22.5733579969
44.3150049939
0.449776999939
477.664182935
320.246889956
25.4927159965
3.17391699957
0.720457999903
0.0798019999892
85.8249099882
12.2353569983
21.720689997
102.190004986
89.1712229878
291.09771996
21.0150799971
116.069915984
48.2289389934
1.53098999979
939.121932872
602.681239918
14.795181998
16.3597739977
315.448171957
7.61667599896
32.1304889956
0.0
58.233585992
35.9732229951
2.06486599972
6.89246899906
420.243584942
33.5025529954
917.215788874
5.06280799931
540.508623926
106.455504985
182.445573975
0.646221999912
27.0005579963
184.283240975
51.247648993
380.125126948
4.36091499939
0.0
7.02765899903
82.9794849886
27.6551359962
20.5089699972
7.253152999
200.419368973
1.60936199978
33.3677389954
232.368936968
8.80948599881
73.9657419899
4.15300999943
39.2245989946
499.010499932
200.056926973
66.2986179909
3.40051499954
473.673915935
102.293278986
9.23142399873
0.0
163.410289978
45.0621769938
41.1191089944
0.707351999905
22.3191449969
1.59706099978
1.52942999979
2.86319099961
1.39876899981
1175.11565584
192.671664974
6.02065799919
0.355642999951
69.2295059905
139.524479981
11.2712539984
717.206915902
0.720457999903
1230.57492783
76.4237889895
23.7011059967
415.997922943
12.6161579983
27.9963809961
0.713029999901
93.5885289872
327.028926955
60.3025779917
0.649750999911
51.6964029929
2.98327499959
6.42918999911
1.15577599984
4.98545199931
32.9914089955
52.8511169928
10.1458029986
8.94038499877
1.73683299976
6.43584599913
37.6068719948
562.609692923
5.47132499925
169.829930977
6.87078599906
66.9606299908
185.120785975
1.05790999985
6.5163169991
372.071010949
136.696972981
46.7673999936
2.95304999959
31.4852049957
54.6537019925
2.9087149996
227.241366969
92.0498609874
334.290622954
29.9188089959
2.82930999961
168.814664977
276.380213962
20.0414399973
3.39880999954
7.21152899901
15.9691899978
0.206031999972
124.609361983
168.457357977
193.747889973
118.121115984
0.601068999917
445.877839939
3.37958599954
60.0001069918
6.09980599916
740.582366899
1.21130199983
9.06187199876
60.0851239918
14.335444998
89.7100899877
3.09997799958
30.1300789959
1042.82674486
0.659448999911
322.298742956
400.781211945
9.4377479987
11.8474139984
6.00218399919
345.449726953
2.09948399971
2.59063799965
85.1623029883
0.0
16.3503499978
126.654488983
114.113232985
6.51172099909
5.48180099924
5.59360399924
0.421521999942
18.8629129974
323.476843956
210.783985971
158.304123978
211.663390971
444.503720939
43.2447189941
2.48815899966
158.140380978
4.32502699941
10.0444559986
2.29111299969
66.030377991
40.9700759944
1.12872199985
582.79338892
6.04030399917
83.1358509886
4.70608699935
4.33147699941
1.4437379998
5.27289799928
84.0484059884
2.02369699972
1288.63144382
477.320566935
110.435030985
61.2656629916
1531.13092379
36.574333995
537.855577926
102.938425986
120.325101984
49.8102879932
30.1647739959
0.0
1.36498899981
6.50096399911
0.802524999889
410.552244944
13.5922959981
0.0
0.0
109.908119985
128.699211982
441.578696939
1.56037599979
80.184435989
0.0
374.381697949
1039.93476586
28.0757129962
0.0
159.614137978
294.35001796
0.0
14.2298169981
62.3881929914
0.0
43.757355994
0.447245999939
276.111336962
34.0114619953
1.14059899984
80.1357449891
260.172075964
1125.40470385
244.210333967
0.0
55.8841069923
0.0
43.482035994
3.15360399957
467.386679936
578.927056921
110.818908985
10.0234579986
2.57154099965
129.587922982
0.381469999948
2.73632599962
174.558386976
48.1821119934
431.802299941
125.735211983
177.231253976
4.34273199942
397.832365945
51.195387993
0.0
573.680718922
0.818074999887
171.720863977
37.5270099949
5.32455299927
470.387573936
147.11164198
5.87852299919
0.368415999951
12.8673989982
491.058978933
3.00385799959
2.1859429997
0.112123999985
190.512614974
9.20981499873
549.294301925
8.65629999882
1.72412099976
0.0
390.251003947
73.8142529899
159.877904978
79.1929519892
92.0700169874
303.376989959
477.084553935
47.8956959935
10.0305339986
41.2226639944
8.36873099884
9.99931499862
435.59746994
121.272302983
17.1300139977
0.0
8.36648699885
51.445722993
99.9481959863
10.5592259986
0.814673999888
24.9328829966
64.0966459912
31.1982669957
0.814673999888
17.7787099976
0.0
1.68036699977
647.078575911
419.537121942
4.45702299939
187.036003974
145.33610298
159.213339978
7.74743199894
261.289363964
257.269715965
4.00217799945
13.5143779982
78.0214519893
428.865380941
102.462189986
27.9327999962
58.611615992
53.2299809927
2.1825399997
1.62792999978
2.75019199962
26.4381309964
12.1663899983
326.244336955
3682.94230249
1115.52937185
640.429334912
108.026950985
126.101748983
67.0795079908
9.18387899875
6.26234999914
347.983547952
326.230790955
2.39942199967
700.973207904
364.85338895
472.971684935
0.555435999925
684.172720906
12.2461019983
6.17919999915
13.9088719981
6.88102099906
1.36888399981
361.98602795
143.08066698
27.6106629962
1.22326199983
398.530885945
120.399965984
12.7767129983
269.062754963
47.6109369935
0.0
3.00721899959
32.5623659955
20.3944329972
448.524652938
0.0
12.8670409982
365.87599895
3468.58486452
118.382992984
404.284726945
477.245203934
120.990715983
10.3628639986
126.655239983
80.7262209889
4.19340399943
29.7964679959
64.4577699912
2.72485599963
31.3979269957
2.9353419996
14.865540998
0.937623999872
11.7745019984
0.0
7.9364929989
620.158409915
202.971376972
13.9986739981
92.5400099873
7.44051199898
27.1352829963
28.7751859961
121.827510983
90.6778359876
8.23081199888
1.96491099973
67.8829569906
24.1304979967
44.3591019939
0.0
9.15627999874
2.58163499964
48.7043079933
12.9917119982
155.439829979
42.8925169941
93.3909059872
90.1452329877
198.501324973
486.208997933
9.22200699874
50.409367993
60.8487929916
1.30435999982
1053.82796186
72.16983499
183.765877975
173.640815976
17.4920739976
63.3956169913
55.8774179923
3.17233099956
166.143819977
70.0811249903
211.345333971
340.403730954
4.72425099935
401.350070945
0.629535999913
97.7494079866
2.98496099959
853.294218883
1.71518699976
488.078521933
599.221546918
5.66302899922
567.808172922
74.5482849898
495.697031932
305.736460958
327.965090955
10.0809429986
19.3775639974
4.00530499945
14.848773998
791.904440891
354.759578951
62.3759529914
17.6621389976
1.89442499974
50.1049989931
298.436893959
85.2850559883
0.0
2.57073399965
8.1057839989
25.2180439965
0.0
671.112037908
107.616119985
262.461467964
11.8796229984
14.2393299981
1.30513099982
8.34019599887
119.676602984
433.746714941
53.3180799927
7.83177299893
32.1530139956
70.6184929903
79.434877989
52.0982099929
32.1799229956
101.465721986
6.13496699916
30.8922079958
494.933459932
0.0
11.9043089984
2.75840899962
169.453031977
442.779958939
83.3623569886
107.913306985
1816.75450375
173.195184976
727.8001539
0.0
89.4513019878
81.7855209888
114.471803984
39.8420959946
436.12741394
38.7083969947
11.7748209984
167.077791977
33.4558059954
320.917801956
429.305287941
159.007413978
386.176141947
505.774601931
176.617745976
47.4889269935
1447.5530828
1.91739399974
46.7756709936
294.95974396
1132.18206785
90.6192799876
215.264637971
274.074396963
327.342310955
3.49021399952
20.9631859971
15.1600379979
120.270923983
164.533135977
1.66867199977
5.89151099918
126.172126983
61.4973449915
0.0274299999962
438.76762094
0.207840999971
3.23031199956
60.2895969918
0.0
0.460139999937
24.5452769966
1193.56245784
1189.36419184
25.3713939965
118.003424984
53.6349699927
9.93782099863
5.42597499926
2078.89525672
243.870816967
2.63332499964
105.077598986
315.226885957
565.486686922
71.8270219903
226.122037969
0.0
1037.84710986
234.482958968
234.223940968
87.6977459878
0.0
0.415551999944
5.77164099922
577.765237921
126.937241983
43.600635994
0.965694999868
47.7192159935
241.850909967
457.993598937
0.854217999884
7.81304899893
1.4747539998
1.24400399983
0.738746999899
4.03909899945
5.65726199922
89.5390789877
3.96057299946
353.831289951
218.04302297
0.355837999951
30.7002979958
0.206031999972
1721.55198276
5.00427899933
227.195896969
4.07809699944
0.0
4.30001399941
251.718275966
72.2670439901
231.555932968
484.174778934
1.39360499981
31.4535109957
0.0
49.9788749931
8.85518899879
61.9813319916
472.583470935
672.145254908
2.26425399969
25.9989969964
25.3003159965
10.5434229985
10.9150149985
766.941071895
100.227013986
3.01653799959
28.5537999961
57.0414729922
67.4836539908
2.58559399965
516.389904929
742.774136898
173.114155976
98.7085909865
0.605939999916
186.080345974
1785.50133276
25.3513949965
1.36480399981
681.531988907
237.126747968
263.345421964
9.65779899867
87.0957199881
419.358898942
841.747710885
19.9211279973
53.6083789926
2.59741699965
2.01814499972
174.564867976
52.2827589928
116.141809984
372.282009949
93.8742649872
31.3562739957
145.68230598
272.496491963
56.7286349922
30.1841519959
345.013138953
15.2690109979
0.494470999931
6.6510389991
31.0377369957
9.5233799987
3.23226499956
35.6676749951
38.9081319947
0.0
46.3205899936
660.49823691
14.643806998
439.39851794
58.647633992
0.0
0.537819999926
2.1696909997
404.170877945
6.72550199909
267.300342963
723.660410901
284.082602961
90.7025229876
625.803532914
76.8171779895
318.017797956
210.298560971
0.244348999967
61.0259739916
3.14971799957
125.513329983
29.156359996
4.94932599932
148.70136798
341.712129953
133.668429982
42.7283849942
300.191469959
128.070994982
0.0
248.726705966
191.357435974
92.6943099873
32.1316149956
1373.30686581
101.106844986
9.14901599873
153.009000979
3.70623999949
60.0440699918
248.263670966
8.24865099888
319.659002956
617.884588916
15.7779549978
75.9886449895
283.085524962
258.605144965
55.9913149923
77.3641039894
50.4058149931
37.0003339949
51.035152993
144.77554498
105.920515985
34.7996549953
31.8372509956
504.545463931
5.8751099992
58.715909992
34.1696539953
204.644142972
993.713626864
108.924200985
10.0517809986
61.6361779915
1.76460999976
543.901865926
6.91217899905
42.4418059941
66.7386999908
2.58444499964
7.86458299892
6.43201399911
162.217822978
2.65845299964
2.13419499971
18.1855739975
0.0
39.6290399946
32.1809659956
49.5753609933
10.8852559985
495.506820932
1.71872799976
0.0
350.562745952
857.413330883
362.42141895
49.6280839932
0.0
39.3913769946
558.539581923
82.2070659888
124.259992983
374.680318949
0.608731999918
1.64194999978
33.4072559954
10.5562819985
8.65515899883
209.571104971
56.0765669923
38.2980309948
239.618089967
108.439839985
551.555027924
0.429140999941
2.81500299962
66.4667059908
276.638382962
22.7090209969
34.4638019953
448.050314939
31.6446119957
86.5979479881
0.0
1146.48200484
372.131963949
0.0
0.0
0.80839499989
173.691170976
9.24890399873
1.88341399974
1790.18901075
0.0
26.5109859964
77.7289999893
35.4819839951
69.8349189904
220.72300097
0.152286999979
661.327910909
23.7011059967
68.5391339906
596.754436919
1422.01598981
5.20655099929
239.860144967
12.9369339982
10.4152309986
545.023357925
15.4297809979
19.4718569973
80.9271479889
0.299484999959
0.778379999894
0.268252999963
10.2772579986
95.0749669869
74.0307189899
3.6515739995
35.9899449951
90.5158799875
20.4651189972
61.1907029916
8.31269499886
4.00131799945
31.9514549956
231.043455968
0.0
296.350828959
116.469246984
0.142257999981
11.2133829985
4.76022699935
13.9451099981
87.600815988
6.43018499912
794.039010891
90.2218509876
38.1071719948
311.729777958
212.318592971
251.232437966
403.983321944
76.1987149895
1.64750999977
1.86965299974
191.753341974
0.977697999866
202.946545972
33.4401839954
1.82308099975
569.793051922
14.1091729981
55.0192529925
89.7185769877
0.374029999949
682.016124906
19.7826429973
1.39434299981
1377.86443781
68.3425189906
117.786434984
159.466054978
0.0
15.1990969979
914.978027874
15.6170239978
527.744478928
2.14677399971
26.8353969963
165.189378977
2.29764399968
115.270125984
256.648854965
11.9261339984
13.5262709981
71.1167389901
9.25698699872
524.428117928
61.2632469916
19.1435289974
23.8452139967
178.506214976
47.8526719934
34.2869659953
52.5159649928
111.295842985
5.05679799931
0.681084999906
30.9537539957
0.0
705.743538903
15.1298819979
456.718560937
536.609200926
27.6610839962
2.48488399966
32.0057899956
1368.03585481
340.431882953
28.3032699961
117.296588984
18.9846299974
80.0053229891
1.18450999984
4.4086689994
33.2561069954
35.6133149951
0.282889999961
207.129027972
26.7778939963
28.3665189961
120.862897983
29.277837996
29.087101996
26.5785129964
28.3227689961
544.777682926
24.1011009967
65.1897469911
33.0933149955
16.4151149978
462.899088936
369.868289949
3.48661999952
6.86334599906
3.99257299944
0.0
22.4378519969
159.315469978
272.375711963
344.917879953
0.827123999886
691.829720905
26.3967579964
410.975461943
424.458144942
182.720813975
85.7691679882
126.451396983
84.3550239885
399.518776945
40.4498819945
0.0
699.450624904
899.265689876
34.9910359952
480.776886934
7.345731999
40.1373359945
535.956929927
2.76060399962
67.7754299907
20.0269419972
277.024084962
695.877514905
34.6898439952
0.0
94.876453987
5.61209599923
81.6504139888
6.44566199912
192.832407974
1.96911899973
1.17581499984
9.19898499873
2.73342299963
139.277363981
10.3577369986
139.926640981
0.0
2.65845899964
248.906618966
17.7469069976
114.771699984
40.6761339944
8.28406999887
484.717332934
11.5012879984
391.420837946
567.822761922
115.015596984
842.531254884
132.628868982
39.4095349946
1.95017699973
232.096739968
0.105075999985
114.106767984
441.30115894
64.9008639911
139.566974981
175.338024976
0.0
13.2568749982
214.037718971
28.7631179961
85.8646379882
71.76644999
167.267101977
27.3470129963
5.52853899925
1.34985099981
566.723476923
531.006733927
1.82876399975
32.8314949955
20.6602009972
586.46306092
0.0
288.94754396
1.24765499983
60.9999459916
10.4525879986
163.599660978
109.888920985
28.3275259961
2.39284899967
658.57678891
161.184580978
93.9157229871
38.5728899947
42.3337059942
30.7429389958
21.1999449971
161.925144978
10.0695589986
5.41218999926
53.8993929926
31.7652259957
6.79529199907
1336.39325582
0.0
17.7497759976
7.00729699904
1.36616399981
34.8226259952
42.7880419941
3.82203599948
31.1742669957
1.71833499977
15.7279339978
632.731012913
26.7621019963
165.582268977
40.2117309945
471.639297935
2.28899799969
29.645282996
342.967830953
42.9608759941
0.52070799993
10.6635949985
354.244726951
25.9963969965
8.93897599877
65.7328569911
0.15026199998
15.0968849979
43.0781119941
79.1254919891
0.0
26.1859879964
438.92883794
1.77410799976
2.30457399969
421.404085942
28.3665189961
88.7187339878
110.828584985
1.69397499977
1072.13461285
226.924507969
10.6380509985
9.18373699876
20.6737709972
0.0
9.17749399876
28.4944729961
598.857043918
6.16681099916
24.0708639967
142.276363981
31.8618799956
528.623208928
4.58324599937
114.256671984
279.068450962
684.253312906
1.56037599979
802.55372589
0.0
7.39825299897
210.308755971
29.449333996
405.536743944
0.106003999986
0.586561999919
106.666440985
1.4469699998
31.0824879957
0.0
16.5253339977
322.032042956
26.6259689963
189.155080974
8.47897999884
4.80931199933
58.238155992
2.59954799965
470.833023936
1026.52341286
2.13419499971
802.32035389
8.32191799889
0.57307599992
18.9084389974
210.194440971
3.30074999955
0.108864999985
6.26407599914
5.69440099922
2.9419859996
25.7597059965
70.3310139904
84.2110669885
33.5535479954
476.587126935
72.4700689901
0.273883999962
1110.46134385
11.9876569984
3.41078999953
42.1441169942
18.3575179975
239.456463967
57.5108229921
105.137404986
20.3378379972
294.54309396
7.78683299893
293.20666596
11.0720549985
417.214391943
51.7256299929
6.5625589991
149.58603998
5.93240499918
723.261589901
13.5141699982
2.46453999966
115.050102984
779.909700893
0.0
23.3945329968
0.394700999945
0.58134499992
639.782337912
69.1532509905
0.945369999872
9.71438799866
22.8993419969
394.550737946
51.6035209929
58.509269992
58.7142159919
471.686603935
9.4338969987
13.7659189981
2.2263399997
103.594426986
30.9750659957
260.679125964
497.214313932
1.88829099974
21.1431879971
29.4888289959
96.8761299867
148.22399298
43.5198469942
180.081407975
410.359339944
22.3849819969
0.477271999935
1.34626299981
303.319764958
0.116394999984
58.561218992
169.092304977
26.7778939963
65.947967991
0.0
855.193633883
402.192351945
41.5867889943
23.3934929968
446.001639939
2.72193299963
23.8415299967
3.72462899949
36.2276409951
12.3581429983
367.02420895
30.1779659959
286.334754961
121.362350983
2.81316299961
47.3762009935
371.107650949
35.5291699952
125.561342983
113.020004985
0.653962999912
27.9283959962
0.0
1.4207239998
21.1884529971
364.69388495
290.71139496
25.9959039964
0.391537999947
0.256923999965
664.853769909
707.079560903
105.807591986
545.466134925
7.14283899904
420.350994942
2.8931239996
675.642013908
51.2740129929
0.0
21.599728997
0.0
28.953251996
589.65099692
3.85332499946
275.602899962
38.5275579947
141.817306981
0.0
700.410511904
104.187397986
1.59597199978
52.7675239928
22.080416997
215.73409497
0.0
49.8022709932
28.6620859961
41.3827039943
3.6974139995
4.04846799945
3.72378499949
2.98285699959
0.0
531.314050927
2.75435099962
83.4126379886
92.6753469871
9.26446999872
549.832571925
47.4888539935
961.983322868
12.4443449983
1.79612999975
0.0
222.25824397
70.5112689903
117.440814984
230.529310969
532.197144927
1.77255099976
367.099970949
29.285109996
147.71188398
39.2199199946
53.3482459927
16.2336819978
301.988077959
40.1739729945
7.07532899903
97.7789749866
2.43111899967
5.58317399924
3.10055099958
0.0
4.03707699944
436.49139194
1.85246199974
11.2518559984
8.14106099887
156.006418979
164.995046977
2.23177999969
99.7300539864
0.0
582.97386092
13.1449529982
4.83969299932
22.9872659969
107.793192985
542.735223926
5.19827199929
596.199626918
14.756965998
58.9743799919
0.0
1334.55100882
24.6704009966
123.781716983
350.086259952
344.868169953
4.51416899938
28.4963919961
0.704364999904
28.5001619961
171.310692976
3.43916099953
0.07401699999
3.83593799946
39.0058109946
4.08049099944
29.6691179959
0.937341999872
100.399865986
1.34621699981
22.033197997
88.564841988
83.2130369885
13.7658549981
8.21363099888
290.39110996
786.976458892
6.68886999909
564.600565923
0.0
295.70904196
6.37709799913
314.132598957
19.3885679973
17.9204689975
45.6194549938
29.5096179959
36.589224995
