9.30251885997
28.0016199363
267.060940936
24.3285969603
281.961302808
2.08935261169
5.27344434914
50.4911297604
4.55653035218
72.9829578108
3.80214861199
14.237040235
142.744795188
22.1360940026
147.090129544
31.3404050152
0.397346282096
250.32520595
30.3179227589
136.648393361
252.816411156
256.532878351
19.080654531
332.638118064
14.5674682897
205.859742796
70.9051105237
88.9554428744
39.1372079829
309.761154107
6.10841341444
143.875172933
138.289157021
626.286763949
3.46414949614
65.5615745082
91.6440148052
0.435014242276
51.5329772867
74.4998987238
453.94345556
3.15626730095
139.48465676
252.85317957
0.870989525943
13.4765003933
632.078072318
3.53564411117
88.2570975701
76.6176034867
72.7639619337
1072.43260566
0.0
426.554865622
1.98720621069
1.56127466765
353.541932473
25.9914345396
158.76460296
934.112429315
32.993356167
160.951096548
26.0660110656
59.2629821572
680.303808708
13.3545468148
104.70502497
14.5087861298
21.954949141
0.147232399423
5.70169697876
756.183087854
0.637755362848
931.319710244
190.412150798
2.2064852519
147.262549236
0.865193245044
80.1685327323
0.531518815454
387.432097573
0.0
184.358194964
1.95496699029
10.2515987195
455.969965791
805.93478064
1.61709944558
2.67222707656
37.5349875174
23.5670245712
9.74672735091
190.644964505
81.7702083217
123.763873014
7.47465102398
11.7114963914
144.743330819
973.703855208
18.5697537717
1.70615165759
18.3614923835
612.772579865
104.351029949
21.0123134071
113.541578906
0.0
501.014643728
13.0944220843
52.9737227764
37.6571599044
0.0
40.2332270671
1371.06941963
27.4545657152
39.984184345
115.917233185
582.049752632
179.89444801
66.6162845439
29.3118225402
130.153199399
307.078500018
8.51132580216
52.2897730713
170.609472447
7.01428645476
0.0
3.32117742753
78.423205767
16.9679337402
322.995928277
9.90362164864
189.84152532
529.12578091
476.41391045
17.3771157046
6.23492621907
65.6388310812
0.0
281.331015538
158.923811193
541.090237126
14.8036656637
16.3006335051
403.7051326
8.95590183423
508.073336875
144.170873356
19.8013898115
0.0
1.49738257649
828.409042513
114.890098745
196.385985524
1258.77028562
11.0571258814
10.4950210655
55.6156713286
870.514730021
125.74429187
177.078812679
95.016085953
56.9040660156
40.9246949189
9.41728607988
9.04689329051
47.6054227838
6.97001562537
865.1090152
77.9005422616
14.5353348982
37.3007794418
12.527943958
30.7983018732
2.48430773127
228.472011357
22.0587902356
462.439802274
6.46700913465
267.730033112
9.4589741105
39.1753564637
127.298588976
51.229421208
101.975149711
144.768924266
114.85084049
132.767211966
6.56836324857
0.446352242514
182.842659861
24.4860032414
462.590206682
13.4242466278
105.060724695
2085.02072189
613.539626757
365.760824397
1423.47206358
0.884890303228
28.2402127632
21.2507546412
18.8109894625
96.58833537
38.5018223306
1.11835471582
5.60070325538
19.3007902147
1.10433094812
26.0936524466
0.0
304.72177482
0.549669912709
42.8335319223
1.16146142662
19.3346797949
128.219433955
19.3346797949
11.0860844039
43.8553363011
432.602558955
10.7588655411
12.6801260067
89.8560788112
554.219767252
61.0663577389
8.55591840878
39.6011035211
346.360317557
17.6657570503
51.7161200275
0.0
30.3574513066
1.55320449417
2.46019588919
412.696966228
161.443032472
133.962585854
106.102452091
357.967495194
518.983969729
180.873195733
5.40116989646
373.069049366
140.682912343
126.027934942
250.763213436
8.00621703344
27.2661958817
426.375772985
390.711392474
53.739549776
7.22244058373
2.24408313614
6.66694578772
23.3093753802
100.771433926
309.51997848
553.303256971
40.4927597273
81.2432272806
445.936962513
19.1522721364
12.3734994578
0.157326194287
10.5435050317
31.9349936021
9.0132182285
26.1025478
155.113330695
242.62153104
32.3081765577
146.946701267
711.012101617
31.1959799435
6.570552764
1197.25980376
371.340512022
5.99599159319
650.469152478
8.3433966899
37.4938615243
27.7727190402
50.8263158281
14.5407021428
167.531109564
104.715810943
3.04355087475
57.0933768687
687.534010558
23.9569756969
6.72099292509
10.2961627238
568.514833222
336.247054454
18.990941603
12.3105412357
15.1928187819
191.006584932
108.057274639
432.331586755
1.27702665408
64.1039364278
51.4197217049
164.495687498
111.138424828
23.8540470197
12.7818090484
23.3876745115
2.84997683057
10.1034295908
50.6840545297
1.84220480021
92.341244615
1809.4316069
149.366110101
492.12434012
24.1689639807
571.294581095
0.789767227054
48.6904613981
53.0902647766
3.51372893512
62.0007073509
349.589097719
37.2469225106
36.3892188099
103.122663166
6.36395603687
54.1404270272
1473.92583428
0.0
21.2213685126
3.13696209595
119.380583244
363.975757226
482.297790558
14.6095696253
951.238182642
3.85020354188
92.7076130438
73.4513296283
0.251309463929
348.919357697
362.926187046
3.69844337898
15.7807487249
15.8189987444
582.980511212
44.6484714634
1.45924982695
8.25287431334
195.25855383
37.0521943588
372.751541025
74.2330066602
151.959467428
695.313314563
21.4621294031
29.9244235026
0.180309670807
570.86154328
161.197120285
122.94781587
70.0478873435
19.77220676
226.510440067
0.0
73.8598594576
32.4472415354
30.4310453395
324.980616045
27.430546831
6.85602067088
382.200193951
7.96681862671
41.1243612791
53.2032486355
32.2116519629
5.1161410368
206.435103405
29.1131215118
179.896288576
27.1892482149
7.18774870562
1.6398869955
52.7642829687
18.8466952965
2.106418247
3.87416093088
12.5737807701
98.2282466776
0.0
15.9865360034
262.544166521
3.36263377856
54.6290908331
873.197402702
199.407315177
19.1510851359
39.9728291833
22.8049673708
179.322177894
541.791507028
133.398380191
131.077788435
847.246439161
746.348832799
538.521638056
668.277774337
623.989207154
7.2931085888
435.64055667
0.0
198.534146146
3.75972692921
20.7038334213
47.7570499454
18.6246990252
0.0
1.54973216009
29.4056885399
16.3357401184
353.632792358
89.6224871177
0.342738537251
0.527095450828
23.1096289332
2.98523911621
89.8147211386
15.0869254636
122.090524044
167.373771929
16.5904761525
8.79223305281
153.703970644
8.22066369537
0.439836610692
0.39406987461
7.53883342972
35.1818075916
41.923337056
46.471056432
2.45019648232
24.3019023195
6.46825763042
776.99054642
0.0
142.653550601
0.0
334.44187835
0.0
437.31167036
301.425151143
77.7570896721
52.314022205
209.148058902
235.055612546
448.179708486
539.922311551
1.05979268608
376.782072829
66.1144679139
157.777281661
10.0867872714
12.7545237676
1.21917825478
466.392039237
82.2833271988
31.6240266357
0.512195018877
0.0
59.1812450147
1.10674499257
169.079560335
2.56874923279
57.4808653259
26.7187383664
40.6697643883
67.5019399619
657.242533599
316.386509112
3.70505768916
3.15825945967
0.0
77.2751016716
276.64311712
8.98661225516
725.11511233
3.27910755454
4.54434715036
6.97001562537
0.0
523.196056839
0.0
32.76727833
285.072764414
146.136007077
356.105927984
513.612348995
28.0185382692
9.8512692048
63.6160677694
8.38440112265
0.0
31.4602934988
95.7758520992
309.490788279
301.871656408
12.8888550444
0.577204034627
244.762315098
42.434140567
24.7133710476
0.800846375371
1.27172662521
521.126259704
39.3013830272
41.6309001689
329.603528329
105.70890135
943.418048679
1.90354984566
156.090347971
179.153859789
79.4973568691
6.62188553149
70.1485235366
2.05785276389
94.4984207209
13.1547889269
45.1450438391
408.707972292
99.6773326338
3.86829886441
162.714029736
1.44882996447
170.244198061
4.16292097657
695.408138744
277.590600964
125.155952912
225.060051271
2.01819550524
25.9472881307
372.589748563
107.485537957
2.57482724757
0.0
196.765003374
442.339740247
27.4988079421
221.181808775
71.8499200415
133.692302973
183.784444672
238.855012466
40.4151770867
36.8949840042
28.8992797911
4.52622894589
488.374083453
33.8432857294
38.7676389433
46.9333116213
6.89901297199
323.801526945
1.75550513744
62.8162081773
124.457258658
0.0
2.58155739754
326.285694525
65.5439296739
5.09955020169
538.800374382
15.0641493546
46.2631139609
152.340029809
17.9564549101
16.2374664853
1.15740131276
9.43590196646
19.7409929364
694.089800181
2380.8700682
31.7244197082
144.273935035
306.498574461
60.2332249492
9.4553244414
489.885624229
443.059703262
12.9056746989
1.99508045758
143.819515479
97.7030818905
49.3713964079
71.020153757
10.4421780901
50.3099062422
0.684694798249
9.41109222528
21.8375662296
15.1549577554
245.004774972
174.604415687
163.269164141
1.77272665596
54.979961039
0.0
139.150062763
58.8636723188
200.599815952
745.303078182
43.0633981503
314.012974273
293.307100068
556.640154291
296.196133506
592.198215308
492.289836596
336.441377882
549.649173089
8.12263890347
727.40255817
24.9317233703
138.869558806
59.2591194
689.359208358
0.0
0.0
1442.98877634
25.7661561401
0.0
21.9507760476
79.190125379
44.5039205411
0.929389951998
206.63376439
7.86494537883
2.5512588515
74.5523183833
20.4503444528
140.611054477
142.929513923
50.4264625436
253.090031939
26.4680624462
55.3311029681
42.4160380939
156.972998704
412.568416931
0.392094877344
2.27471633053
3.518887382
42.1906838981
7.79883087947
0.0
50.3566654823
277.636690908
12.0194186299
47.4819804492
48.0370433486
2.81258202351
599.629885471
620.995764863
15.2471304917
7.89612916986
22.5468762726
2.03627080607
247.040842701
1.16542858261
1.66838930942
11.1786032295
194.724450785
49.8820926598
191.272388673
427.442922214
14.574663229
0.0
200.412607377
207.653167595
229.480000766
93.8436526372
0.0
115.820528395
65.9324120653
172.101746631
147.613443754
620.030854993
24.9408975973
18.5049607041
25.4710291952
33.282367914
26.9309425984
12.7822037618
537.272043985
54.3446926568
4.11663367641
31.7814286264
29.2287453742
1328.29214724
168.724162366
195.292054417
334.512742282
776.403305796
16.143816434
343.97287908
306.365094107
161.800863078
8.25535557353
21.8856755041
0.448082689069
0.0
519.34635527
733.56890007
21.825242876
22.6253269967
25.0459814671
17.6405068318
21.0881613109
63.3804310025
6.93735594932
2.51803284752
52.1961287404
0.809830396246
804.924743298
0.56002112937
58.4300224121
4.80292305971
390.271774671
90.8382716952
42.5434432941
6.49911821406
467.803342824
124.205151187
462.261703569
591.706183567
182.470553786
180.414106831
48.1003748323
43.9606432698
0.662310542479
353.910404609
52.5624342436
33.8892183595
220.548669843
23.6617600845
0.641081824576
1.57145856014
0.965776523656
178.614732729
192.168239425
140.936804606
120.954638904
38.8277183315
600.909823852
584.12288195
24.4073437195
13.2871623679
292.887708469
52.648657676
85.9392087432
528.016927919
770.459545086
661.230446364
2294.1241553
565.607512825
149.392830484
0.56336332243
5.13161780756
42.7185802168
526.388441849
260.255805405
720.34925658
594.260367016
95.4231255962
343.761727417
58.7529008573
25.8884129045
1334.38524406
0.691393485575
20.2108835424
696.548039665
478.645135367
0.557498395716
1160.68679008
383.787566901
93.9676141058
20.144450126
853.26291581
20.0444632079
36.0045519816
24.2110896284
34.6190349092
173.95645927
0.0
16.6058142015
33.8869601983
22.6202014426
1.22186688249
0.570582573844
0.620066194717
592.775347837
84.3052610407
19.9612601913
26.1018785032
12.4596342227
3.12869313564
62.596750371
125.895980527
604.147825437
161.372860719
27.7748070171
23.3147183127
87.7978513556
15.1463326949
4.7903465746
19.3937952815
0.0
2.60252583342
0.0
52.7708658161
180.636370535
4.78329464732
137.253923805
6.1407241409
5.60982885825
871.216028526
744.587615758
82.0278861151
34.1012166541
25.4435236757
50.4677186777
0.197215132566
278.800506314
2.26183236936
70.6478217233
28.9092577462
252.456129323
424.374718911
489.862788055
582.418289126
4.30834427279
337.297850248
83.340947531
122.56737648
778.086156491
31.2843456974
139.040997436
73.2698057847
303.980647443
1202.67861992
29.6048057335
379.625496845
289.937045391
24.3285969603
177.985417941
5.74882805039
147.530130618
399.191737561
0.332548924272
60.4734995985
2.40020516845
29.873112187
302.208391297
111.821476417
56.127693303
119.307655647
26.5723397276
255.011322437
339.858117432
23.2926272318
124.431074571
4.35432552703
30.0396154685
117.158619791
48.3910254981
214.609276724
6.90307308584
35.1421717847
187.939760266
17.4659276563
625.7703229
42.3057972073
55.4501505403
3.62282286453
49.6498881839
19.8994575071
26.3361437837
0.0
31.1158459666
0.0
69.3184097326
380.471097431
173.140414998
15.6878208846
14.6636968495
31.4283374423
4.77278611734
56.9289129399
57.4316419871
2.7900390243
0.0
54.5879062051
7.33120272504
4.34425747435
447.909169614
10.4629334379
372.832661786
495.193268494
51.5665479499
14.9510167632
186.056894262
0.0
447.007186503
1113.58612425
22.8227909704
0.0
4.97821729574
35.9932483042
176.939703367
187.607926402
76.4103374629
335.527827951
137.369589141
11.3947631766
1.43874045997
41.0780182041
511.177246011
53.7434797489
47.1537390498
11.0447195806
15.3405588743
6.14286646234
212.074921904
1.62228363463
565.313451321
35.9243164662
52.0952580075
26.9939351434
17.1579896864
833.416657378
25.8214903865
1.95564200745
49.9762632753
1.09774810061
0.594778793072
724.036480659
35.5220577181
35.170170696
407.126668777
67.9882354874
296.716866348
162.594029702
59.1015086116
476.848785971
615.745711575
0.0
30.8055597379
432.899347701
329.245207192
12.495225647
14.5938840569
327.178067221
217.362404322
79.3471440973
20.6780597785
142.415704297
712.292336033
576.745590712
39.1862053625
20.4878264973
212.979599363
216.745144025
73.5545257382
146.039937261
28.6336562449
11.3466739238
364.202491489
4242.17734659
170.992355914
11.90772045
191.257496822
8.65341262578
22.7931002258
42.0539757601
131.775447281
464.423713486
672.157501299
3.11846919975
2.68948863848
54.9422701969
48.3468991111
4.29337519501
3.07516656235
0.0
66.1050448459
9.69629698989
343.523466378
346.421266459
261.589848128
35.325297364
86.7556505892
193.536143125
160.187224525
0.0
8.25718898879
6.93419395155
0.0
1.06035758392
284.104672524
112.396696874
399.038871915
801.827740215
148.133341406
8.34802885219
200.291649163
2.26560073851
9.05289693896
143.918518474
114.402006988
30.0304584029
2.99336792465
856.117697846
2.02101856433
13.1109557146
21.5847551386
479.086908362
1.23383127577
51.7904148197
15.9027037337
25.9544744894
46.7345948616
3.32289071263
37.6670763642
96.1218884957
14.5165688489
87.0653261564
5.08415494783
777.388161567
16.5102706698
24.7905175013
35.6382665
215.089169597
0.0
63.7418226097
86.7478135256
7.56264065604
8.32422305603
42.5359051256
329.787130138
7.53883342972
0.0
345.786417102
116.47105903
112.55439919
1436.37102243
1.48498056614
121.277564543
19.7180523635
26.8139529703
35.9246868677
112.620801144
17.8857096785
22.3937103006
479.527151127
894.591555589
574.051617214
327.554196227
279.355825205
0.0
12.768461728
39.3925117751
33.4459222859
0.0738600353625
475.156861158
296.846343794
33.9298738427
2.9699625624
216.618777092
36.0712957343
20.4022609205
30.5998797184
61.2541169106
36.1684267005
620.793211088
31.8606659171
2.40692816784
179.530673822
3.27374317022
1.11099674266
9.44057274205
20.389808856
99.4914197488
37.4988841097
10.4588189795
30.5371431651
6.51740088244
0.0
124.532392931
47.8641517161
13.4954766705
37.6405447572
540.411204177
302.970331227
11.4822594168
123.937655612
1014.63034207
106.550963816
113.010936755
30.162289828
79.063631166
2.03736198849
20.7045012879
102.283349393
0.52515620659
1.71459366256
15.460199947
21.7891895225
2.94251138751
2.80754084656
1162.95854177
17.0663718371
133.68482201
12.0728708369
19.2826534187
3.24942968106
22.6441759931
190.655086903
387.647699773
636.531114815
1.62829729394
1.90887418659
0.0738600353625
35.3853395691
270.124932531
60.5505144811
171.81693801
3.63780195314
10.5334555706
30.4230709841
13.3744583911
24.6439172154
508.071411932
746.385315189
83.9634292002
3.09693157567
20.4878264973
0.0
55.5511771565
72.1545186786
10.5072099878
9.64389020145
20.9505965302
159.948092541
58.1498745557
17.0045190987
0.0
48.7139425568
173.85137111
0.974473090183
871.5994726
14.1856745748
786.903993002
15.0803683582
56.3049668266
30.2972045942
7.83984818332
8.11656374893
58.1532453513
11.3107235391
38.4247759855
11.7388445975
104.139959803
12.8816100508
17.6171500936
70.6112177733
95.2796672864
0.0
70.5781433621
0.0
590.191179038
19.225768921
47.6389576941
35.1389096785
53.5276501598
92.1475118274
176.231148428
202.201465799
632.036967777
14.762496767
543.546144081
311.496900691
94.1252635074
24.4529831748
3.16297170876
44.7238445669
8.89060822439
5.28474516624
123.687833474
2.73241372389
4.88529803619
24.6821515036
42.5537802095
344.889676815
226.060689857
365.404170782
615.494310584
0.821248483272
36.0259894972
66.9274402863
66.0525536804
0.0
129.516877018
295.007183722
498.697161056
146.366223685
486.276493344
4.71874327034
993.388165294
864.368356902
129.440515701
0.997300683503
6.14714109438
103.03013862
7.98836912184
299.398040262
11.861683421
17.5332277261
22.256239908
1.41460573595
460.182032879
6.70464664069
17.5248000223
0.625381954919
63.8192550876
52.1813484386
5.66722247907
43.2801587482
90.5863715912
12.9750970684
87.8544898724
0.0
461.448143419
77.9996253431
18.6872825555
105.605738133
246.741965978
1.33964450732
413.657657241
187.07065993
42.6552759054
188.001814651
55.7472152994
279.811732086
144.0659468
1.01131158011
14.4989197242
57.8084946335
426.7783578
0.0
5.46141517879
1.13669601919
27.9575335925
16.1984241788
0.0
0.0
1620.85708739
394.414686823
96.7264421667
5.59631707392
394.269755489
473.410497355
4.04829819894
49.2750820408
716.607915288
5.74022730196
394.949839576
129.689778661
128.55765617
319.618794501
8.10806739938
28.8754339516
19.5677280422
22.0587902356
6.42989034101
75.3044991672
0.0
1.07665810445
1.51583685942
0.0
144.003886694
12.9566628071
10.7711631526
0.0
22.5087849965
1.97268333072
644.420974334
106.747755633
72.8180062109
334.216494122
528.525877994
5.33610796625
11.5090756179
73.2431912307
97.2421123799
92.5418477045
10.9827038084
646.974790242
0.0
0.0
29.6854831563
23.8326895909
2.65782146652
0.0
552.474081327
31.8346205513
0.0
235.460451234
7.72870059998
39.8480382445
0.0
12.6434634216
11.0037151479
42.3019230092
264.318838141
7.95084846414
215.536196856
113.182988906
2.62695230215
22.2000504492
16.3177463345
10.5273232112
2.89398451767
4.19807049346
443.922572561
271.100173597
357.988108959
188.143675515
112.753985463
0.0
64.8298959408
209.575928257
434.939278187
56.932917279
17.71133072
40.4331665803
18.6719173342
220.093279235
20.4248125005
13.260798085
119.611356168
13.4785440364
172.540280401
32.2361098942
22.5957663932
6.99015745121
4.91031800522
411.726804953
19.8673741699
393.188766978
48.7715235234
52.4552180632
30.0207950745
313.238815388
125.956490381
1.42436774272
56.5796630612
336.562183073
0.0
23.5407947196
5.66445376456
241.751775709
426.359308
19.62591252
5.88762559545
385.871779657
4.23417104089
6.999069966
40.3109241174
570.939206007
0.0
3.10924491853
41.1175739243
7.23024904505
47.9776961824
469.28525292
100.724231348
305.914517286
112.237103937
0.0
824.463707313
3.91918400398
67.1644227968
34.5912061823
32.9992239541
135.174127262
23.0376652385
1215.34281295
29.9289198034
502.320779068
153.238245981
161.430570397
63.73474208
18.2063199516
222.590057622
115.810015575
538.089977447
116.916896429
26.5456493772
337.389629701
27.279092714
17.9002354187
116.295086916
341.296139971
468.685284217
49.205089053
24.0239825919
33.8104258364
5.91281574884
18.366750939
0.68954576909
183.921338726
407.473558956
5.58687684439
20.0529609876
0.668355664452
2.41393290108
7.22038979006
108.208568582
3.48922523986
296.070262826
3.68522762972
1043.13101278
43.1348312701
44.7572350348
33.41279353
0.614295655999
23.284032204
0.615581334881
38.8628306653
302.546170174
23.6987244251
1339.81782513
178.297734942
747.545219214
12.3630138097
213.193135036
21.4222876588
555.041024318
70.6451216547
4.47441708783
22.0438225879
748.513551364
104.813854327
935.683019792
30.2433734052
633.156652505
99.1555086096
1.01255864573
366.758429697
0.676594592226
300.466962842
0.0
200.769219519
32.9882191719
33.072773653
0.0
2.42986302024
265.883645208
2.08619919463
3.94989013454
77.4820087348
747.519160977
267.365234957
253.592310498
182.983054851
385.715937928
462.627597199
238.390213091
529.12814633
2281.76775151
205.573897337
0.435278814683
270.839568345
2.18183568428
373.974181603
44.8864221659
1297.29495699
269.779681271
34.232278674
45.5146014377
153.2107233
20.2233742203
186.961011114
1.18010734579
118.338036388
5.76717793448
3.07938971001
18.6266883237
49.8531999228
0.174364657311
33.1352828172
27.5427755858
13.3821452921
52.2319318226
650.941783196
230.093052216
494.776980258
60.0740152854
7.08824516846
24.4581015783
29.9231120816
0.0
0.232293143397
326.279440605
146.40937902
0.836041656132
0.0
21.5154557594
4.91033945701
58.4588693851
96.9666267184
216.194075453
42.252789768
1.64996505903
77.9670428935
19.0173716714
631.216504429
528.284284773
784.704912917
789.6599551
349.680438125
826.27718384
644.618090788
908.296061623
822.733822795
3251.06500454
29.028192339
28.9179114091
200.545877504
11.0369954965
151.895063354
1.72300277475
73.6594379935
13.4205683563
19.0422228861
7.81413174532
63.7146660397
1467.01639573
2727.40868896
45.2625540314
221.763193053
0.0
611.789977966
26.3739719174
5.98637974916
4.7067960385
21.8187529863
221.593410504
70.2388456963
40.454665591
460.78516644
28.5894125877
304.240044242
427.12478176
60.8302533227
50.0372836834
19.621473424
23.4997059098
145.527297474
19.4042780693
25.7911189044
61.70125858
21.2213685126
307.124448378
695.155821045
178.87014521
50.2581730408
871.603346799
112.176280886
2.82698048294
130.368385434
18.1053734223
84.104949696
384.90041708
20.1441884139
148.602301003
126.399786455
20.232781557
29.3642350491
25.019295407
2.82184205777
7.2132892387
533.487610283
38.5399693815
11.1899655418
271.842832634
3.67431866581
210.337500647
677.61458321
251.082776861
333.947129379
240.358095505
377.071778185
270.397304819
844.98424068
94.1142000903
0.326742632524
30.1437325764
120.639892127
575.691913224
8.64110643356
17.373554703
35.8783766854
8.76044861092
442.757794683
395.935839443
80.5555063462
39.1235660575
336.030385384
8.00135462162
19.3168604858
2.43067675915
38.2892963213
29.5175497537
7.49908464333
143.251442768
46.8108446293
6.81360899893
420.871010835
24.6709136118
104.783814633
22.1046828223
495.295903996
91.08144663
29.9054100423
836.887943178
0.0
4.86466424867
7.74589780645
178.719729361
271.817370757
0.0
327.993416455
69.7645174243
437.437500997
5.93505270215
224.383222139
1.10702386619
289.857469162
13.6631483609
155.883399434
695.037322639
557.372176086
135.241390149
32.4593775432
7.78516750229
383.15680626
2.26183236936
491.069775957
9.18422925179
118.358572928
496.375134889
5.12959704641
19.8439702378
636.138163295
108.220793258
34.1076793715
40.1860816941
1020.19825408
288.510656888
0.0
402.283776693
44.916827971
731.526346742
643.988345533
522.963431908
66.0033045994
482.87683659
1.54045210414
24.1657133153
129.554002962
58.0221075348
318.879594927
15.0010752927
45.8267682759
203.597299765
287.705368556
79.5092540468
454.643089405
1.38324604003
69.4664315588
165.2813846
201.60897377
70.9411023819
0.0
513.337206563
13.6744777804
917.440387635
11.5607473241
29.4232504273
184.377387191
159.308329288
0.0
6.41971073887
1538.9508302
447.571487985
81.1115817713
0.0
201.616504788
238.159487361
0.830598615151
0.606424269353
24.3998455945
22.6556141018
25.5509715357
0.606424269353
1.27702665408
29.7350926278
128.383483148
593.497091353
7.19861047553
585.290122497
498.424544217
307.845014905
378.586752681
576.851105048
19.9784631182
6.49918685985
34.7937671076
7.10312128835
1.10252756539
1.42542460222
11.0892564126
55.8908280624
5.35760125657
12.7780092166
136.800990145
78.4603202703
35.219466971
3.82084029504
60.5837690873
74.7461326879
11.988117569
93.5950561131
44.4657234361
10.8508595122
68.8867591352
370.236740252
31.2685156866
295.323785365
3.1934390091
77.6695433777
10.0084581075
142.20461985
13.7611087974
26.6371928602
427.407376553
1.68131760434
7.73747439305
33.902271075
48.9656038303
0.0
18.0060372093
305.214251329
30.8406820825
763.691719985
18.2070578943
78.6888321735
592.672559311
964.405063242
141.177166492
3.2162794735
16.2596104807
6.36840228346
51.9880017837
21.4998931814
0.0
99.9931291194
9.37480147174
26.8943672508
58.0832680946
159.45204788
37.3390323215
24.4212316257
116.803955474
11.2862498764
7.21488382377
169.564561601
49.5120745622
90.1548182421
220.62314626
45.4009897558
36.6043276179
5.36983022227
7.30529608097
15.7281817629
6.47348758334
42.6029105905
90.4535562428
11.5117385035
91.5237559202
7.77149554438
66.7733204236
506.632086551
2.70338369528
84.1469609339
846.761821167
326.206711795
78.2558172405
0.0
12.1070335703
19.0621988179
64.077891062
6.32584330904
79.2302602981
9.92960408915
110.708554731
3.56049389574
977.62054508
25.8061065736
431.688897474
2.72560491724
57.9988308836
331.660258447
218.601728692
0.0
8.46772569956
25.2038639785
43.8055623657
9.29449874074
25.4617877526
63.6625166731
2.88420248921
3.39154081676
7.10432259009
0.534472015565
18.9106488829
34.3155160136
48.9535750817
58.9956982403
0.916809176505
1.22071563499
72.2508587878
29.0946128843
8.64976867717
82.8633056685
28.1724607752
57.6324896273
1.94780494372
596.335096639
202.333501731
80.1494920999
442.432585141
8.38909478013
472.831966168
13.1156050383
0.993552336046
108.408942852
624.209831939
131.763997731
114.10897374
103.78593332
341.976096778
1.27990262766
66.4112309175
1.23307760195
1389.15843818
2.45649902609
807.915930287
566.547060928
37.4159184932
35.139139928
819.497088301
26.8874254429
156.010703096
349.92503174
1.16960453628
29.1826482802
9.82531536672
1.58288665801
446.628945209
75.7583109215
0.0
0.0
1123.5675831
33.1510499024
97.9674855434
19.4112813725
16.015281438
118.446072028
114.786093187
503.351078366
172.462180056
23.6039531586
15.0390564495
56.1011302334
12.8661733234
239.761776472
54.3628408938
43.1899138151
189.373565378
307.055888371
203.13851548
2.26172511028
70.9605806315
0.583864108685
15.2151057894
4.51141718145
21.1435027078
138.629444331
154.080239801
78.5722815926
0.997818387347
48.4898554484
0.0
0.0
41.2309396254
224.439925011
15.3041708725
211.419142725
31.8882529535
184.974065184
98.2852284237
2.90332606882
95.7484209461
46.2230777202
53.1346471556
0.435011382034
452.165885084
404.513082387
40.855917534
2.18531373884
272.852499575
13.2206259827
102.202581873
11.1581682288
0.0
0.0
891.576315392
7.36699436632
41.5004416601
266.140274722
39.7932974984
10.2392224514
23.5157976327
32.0433224167
27.2502214288
171.506041119
88.318046472
5.68904755744
80.5739906616
0.0
45.0028583371
273.982751468
92.8580274626
47.2169504033
34.4106390897
13.1207563346
307.991349187
69.6431859485
534.303076787
139.078572438
0.0
0.864034846938
76.3570711717
123.588819038
2.10747939689
17.71133072
45.0692159571
3.71564630594
175.175630374
0.222126412355
169.303638863
42.7452376744
48.2012126725
7.24324598582
511.052609526
0.0
631.81549207
399.937326917
1128.69087761
8.07470124351
1.98559017383
95.8617494641
12.5656862845
42.4763949256
180.634276838
368.895581246
0.757676739246
414.519163634
0.850003928627
36.2478341757
71.5484076058
75.8572567111
6.8599506437
177.826372741
1062.32893438
53.1840249474
135.219636577
55.2968744491
8.14058835363
260.294761903
1.11905547517
516.864596015
40.3988250818
37.2142299417
164.070212163
28.7926556809
41.5114063987
0.31082681458
387.243972291
15.1417992109
3.92549083811
3.89529383067
204.044804685
235.162172302
1.56527185618
1.77732735561
1.9345992053
110.5383932
130.489535284
49.906843766
2.13722734629
2.5448461884
24.0029884138
6.00482259111
84.9028228494
20.4642852735
28.6036694653
40.77522438
33.5076048399
3.0781154721
12.0544894902
254.882362695
1.16960453628
240.873112153
78.303430263
24.9219399117
16.0429170985
14.6022860185
10.7975145643
0.343060314503
399.771158284
5.24803824746
212.628155678
21.9074862813
40.4895119223
458.163173798
7.43965309994
94.3427691984
14.0284856721
2.79058390044
559.362462779
144.464517265
564.324379554
0.11872722526
100.828830407
8.64976867717
204.959141182
755.556104163
16.9409244727
47.6063895457
80.8322948479
44.8896842722
19.6243694193
49.396866865
408.993031185
12.9506248358
610.263416629
1.77524366913
1.46708260033
7.32694525446
42.9924283895
3.53038698593
2.33115892078
3.98529135274
47.7981287445
0.525753997218
17.5359163538
0.761423656578
3.57904828715
1.16468777987
332.631955672
92.6222963079
36.7430465063
244.004146397
909.07591525
311.807006725
266.08498481
17.1158654688
25.7915693924
11.2078434859
370.63356883
96.6557927533
290.214846419
320.766960092
748.334144099
1.03404478544
19.6104715023
562.832143984
625.759248042
50.8169385239
49.5743649177
60.2690280313
1.69844473487
18.0452554208
10.1638364768
0.0
6.31303943463
79.4396872349
201.019557931
210.339452763
428.134149805
85.087038181
45.5474613308
621.879079173
2.94739382101
5.05664513795
0.0
0.0
105.250247206
10.9693622085
702.907761114
576.690263616
1623.19861612
27.8931466795
427.430281373
64.6231776534
30.4094376395
87.3997399587
316.273694008
179.490933616
164.797252848
23.7793818261
7.52657729173
17.2359598899
8.96569673379
0.0
39.2448388983
5.43696010765
4085.80184106
45.2948232842
57.1676173163
0.0
433.45725797
51.1105366694
1.32395893888
106.390724465
258.440419665
11.6435270249
629.622615849
379.168879193
294.652270563
11.4906856904
1.63354154809
36.306756596
3.37004895656
0.73214764713
12.1557535064
1147.91377484
36.7970006857
189.538392557
0.0
25.6352600143
245.781054727
193.512205758
2.37999326665
6.95047159012
180.33639691
11.3922919273
146.821005061
15.8640847428
162.979061212
0.0
32.8265625709
158.972509677
10.8008596176
256.956920704
2.45686656722
1101.63912696
192.07525581
775.089622279
24.1732586344
0.0
2.04324121641
36.4089015668
127.962183768
188.581112383
10.7913779146
20.1345265156
38.2280456639
0.0
116.496503745
214.008089558
80.5538588466
479.154079721
11.3490808176
255.693970732
1329.99466496
0.0
110.545109049
30.273976567
102.930560717
29.537389824
4.45231599605
633.817209719
341.698438763
61.1883041668
297.740582799
2.26562934093
307.557654947
5.39229885519
126.630028805
22.0794326038
16.0710690327
2362.81639223
2.27476495465
16.0298272
0.0
13.3884878794
5.93889114724
179.121906592
20.6553651865
1.39669775929
40.8589021967
4.97518257874
16.0528678812
1.61256024114
3.96447021936
19.5037715956
175.305235101
22.9948531327
166.143251383
15.3731170117
32.64034793
72.7272464342
0.0
0.595931470697
8.25718898879
351.06941037
0.811974147806
142.545639381
130.964301173
42.5751876926
3.98640255685
3.05693537831
760.326513419
380.928361497
345.950170261
0.466637080479
193.319908812
1671.32632056
12.8841084724
365.971747241
142.611424953
352.765022035
49.6211942338
659.978621304
0.0
25.4729055141
466.542874112
32.3507412526
2.36026331569
8.31725121555
43.2421275371
158.683722459
0.930013484805
30.4326056016
5.92885455723
5.18870824266
548.443957107
122.572472002
76.5099310977
3.97276063149
46.9763940201
24.3829258315
7.50175896981
99.8789654105
1138.63916623
77.8018467428
66.7151631181
35.854532276
18.1896332984
157.277384253
12.4444105834
5.88249146063
0.808029873758
108.866434308
10.2997680591
18.9106488829
42.9137946099
17.2143579103
19.9281614681
331.854586165
209.201953015
105.584864085
450.522196826
161.628193114
675.170304569
108.856643699
80.3730629346
240.43360447
405.770053022
31.3132784778
43.0904374503
390.84170797
1.38406978979
303.34950639
21.4735503504
7.74349663309
0.0
193.436376446
20.0781068073
3.31662678212
12.6041880053
10.4525993827
690.988449532
201.902011308
5.01075112112
4.68943007774
259.539560704
359.889954101
236.923372182
16.281196729
58.7005255316
308.075032726
514.795541112
202.030005718
15.0650059972
1.62640238346
397.913330841
2.97415996789
0.733513412801
860.262437694
452.211168439
292.703507439
518.237123297
67.5417945772
10.4761591981
38.0788539985
3.37743267191
10.8271767065
18.30453924
319.561319363
116.141830847
0.802881437725
44.5995756223
10.8769778142
228.974062527
37.3477746519
36.2688383646
58.3424475152
9.31895381188
43.8604732962
22.804119309
280.54242101
34.2621767862
67.4978197829
79.9697416065
794.04395278
304.999911926
72.4615685433
75.1950505676
469.655206662
556.680952787
5.19637798223
9.46485333844
114.573058054
4.52140085699
257.612279429
19.1484580034
6.4999891578
1.50892794429
761.228277721
27.1434829089
31.6413396819
44.2402505403
237.59427775
30.0302267233
36.0632269908
4.97821729574
54.2085522768
563.068846191
7.49437239426
106.101277961
56.8859621123
22.7396837718
82.4032357041
40.1726342652
37.0921490825
0.197215132566
0.0
295.233242967
22.3594245769
260.446700831
1797.14402197
405.624412349
18.2511442379
301.76422714
17.6669340399
592.11204622
18.9254406255
2.88609739969
439.802287785
323.121731742
336.37464843
9.84079785796
93.3899567228
581.141033653
502.838166856
661.247550612
652.847242252
313.396148732
549.591939642
200.538129108
448.005273753
289.248241855
11.1035275912
3.03684074645
1.92842823266
1.22256192135
252.688206518
27.5131020027
121.997657699
168.97205241
794.882389889
8.13238946925
93.2724079173
3.34667648711
158.29125146
319.979468187
162.016348007
2.07147895792
2.52753600236
20.2334251115
322.290408056
535.932416639
0.0
25.0702963863
154.863597225
1.30811033663
87.4266348165
25.8524210461
58.2726919273
14.8591343415
17.688613246
12.5789077542
15.2111286226
71.5059444495
5.39398925835
8.91948236981
12.1495710929
10.7802458518
1232.41901258
836.202120014
8.27968336387
3.04525128878
8.71994043017
151.352931609
155.714360548
108.331903658
100.984427585
143.970005694
0.0
416.823131662
586.19401053
1.43327453705
1.12672521474
281.727962816
15.1661985074
27.5225436624
110.516279237
123.182174109
245.4490707
52.1914122009
588.686276885
29.5273274918
1.48504778183
35.4545974747
4.23171123256
1.81957599373
0.216065559049
91.7018274515
5.0236508136
426.636615636
15.1713698253
2.04333989477
35.5458849662
79.0019900855
144.113941664
3.64571052293
433.398352711
10.8004234307
145.199879825
726.726627153
97.0047608983
89.6650403717
50.1009240731
2.13211752353
15.8255029352
332.72731472
0.92678713156
64.2463736311
8.90172455589
101.015456922
706.654880095
48.8216564193
7.68322274835
68.022755751
176.835647754
0.313145040916
85.8326632896
5.4805316078
21.0359919227
7.47805471223
8.23210609447
8.07114024194
152.848154703
3.6766068596
7.15900470123
0.765665395819
2.78512798837
87.5828397957
22.6681448231
0.0
257.268990294
84.669016638
14.3265100424
3.03716395383
48.8782834951
4.8356084779
9.14388410486
67.1065772578
202.229004211
162.244595338
110.516086171
40.5386008297
8.49354653641
239.496164367
197.386104976
36.54212879
0.0
63.9616479571
0.0
26.9464651331
8.48071119934
580.052761533
262.983937346
27.7257381313
56.8032253152
0.0
27.1574795043
200.676147237
25.115196469
9.68198004733
216.765500369
152.298945289
142.549020188
2.56621219793
178.693919965
68.6801581177
535.583030899
77.8368746994
16.0914368179
225.081400119
0.0
33.3559533662
120.442479638
181.450291078
186.053873846
161.952977911
47.0005973899
17.3055438631
44.6616014054
696.051653205
318.407378944
10.6975734101
34.7553826568
328.292228822
1244.23186451
27.3486638161
8.11317865224
3.61502441406
83.3905727338
35.0986689304
1.27727263492
115.395585066
11.5071907183
8.03763107394
22.0587902356
197.281331443
125.603221862
1.47190782898
212.861853201
2.05831755326
0.0
129.098243383
87.4232153968
504.159224081
544.913298398
21.1422012978
23.8326895909
8.84654190234
735.611719401
0.47852424723
12.4301436951
89.3221159187
3.36044569324
138.281551637
404.019244403
524.843158796
503.898182641
72.5221384632
17.6802513278
5.93466942971
257.070546689
638.85252746
17.0813094522
565.579692679
10.827195298
111.603969296
77.6170107386
0.0
58.5376018431
9.70402679454
154.125826342
22.4419868993
4.3628418983
198.236716706
45.0798946715
2.77689478108
2.34509974146
156.11206865
113.620274181
40.3802478085
73.6692943882
1.12848855408
5.20867702386
657.175295025
4.79954368349
1.02010396476
11.6106728524
464.053592419
7.26329199352
407.498616109
2.91916895059
177.798060633
4.27494093378
2.26709521508
525.934271134
1.77649645524
133.213170925
118.563053075
39.4952817089
18.8283482726
56.5146683467
0.0
0.884671494698
416.737137049
52.2455437155
7.87675817929
12.9956264571
1079.04200338
2.60701784386
40.5723216556
3.42430918198
17.7689917734
7.40736239519
27.9373302715
33.3232307647
653.076903972
10.2381598714
22.2568591504
780.049187934
276.250852058
8.11911937539
2.31605112126
1.57296161744
110.051884587
0.0
6.95874627092
0.0
4.25730897049
24.8301547383
23.3268829231
433.82598324
43.4747624794
5.42788026865
38.1900130228
644.893254672
17.6990359687
693.34390335
8.41618556455
8.08619226673
304.589986299
21.5433946056
123.317057412
200.053944441
11.2913053545
34.01816094
21.7501915497
326.256271213
802.196391118
166.443399484
298.627428078
378.279931636
0.253972349454
0.0
108.567764953
799.476982914
374.607269051
2.65107701532
398.71516543
19.621473424
52.1839698506
50.6213136861
19.8860973156
788.819943428
192.036579614
7.65768936591
325.539485927
336.868576512
419.722546349
59.4246673606
263.149227885
70.1518600092
914.386429769
0.0
304.675617661
59.7309077768
667.899780453
241.661659487
93.8031144239
155.34942224
204.324200298
9.14360094087
9.89774671108
53.7335976119
52.7371049469
99.6247227684
10.198954531
14.2234583747
78.7473784719
0.212840635924
0.0
434.920811033
87.7334758835
0.126511374515
215.838139758
52.3072691731
54.5308300712
9.55293020783
22.1296884901
79.4231836372
3.71125154373
163.202926651
29.7391227091
171.039524169
60.894713172
1.54045210414
6.0002919674
9.134203615
36.3838015111
3.87379624999
4.68763670586
5.04279727515
58.8967281382
223.406254918
35.9392426405
161.081256163
26.6468704898
6.6526417163
10.5043826384
123.909639539
64.7367664535
25.6977148337
20.469628206
300.055981785
3.89329309122
251.98970533
326.301028283
81.1253366762
4.3341779807
382.417495135
573.30710617
85.7005544209
195.878539937
1.75808793618
653.988887921
24.3734713008
466.739076719
494.647398413
176.911438453
38.9263666563
6.6526417163
20.1905515104
6.13967872236
207.4379787
146.085239208
23.184580151
2.67222707656
19.4207673658
60.4307604287
12.0525459556
292.937343683
693.255556188
620.476835404
373.903044519
409.006897637
497.185982101
2.31464817244
31.0881802737
41.7701911057
386.927589456
100.276313123
179.613882559
965.841582724
8.1568459705
57.846284154
22.6066682065
81.7712823426
50.2235312171
2.84790601518
220.716879259
479.827979965
30.1564678049
294.974955942
68.6318829492
3.11964904966
213.984965929
0.0
376.262934573
102.440139292
549.436323873
811.302245441
21.7219051841
0.343576588227
7.45937876053
0.735931747612
11.1566179775
144.641406086
287.987648723
124.468273451
19.7548822727
41.2680426878
0.0
0.0
1154.47094596
3.53992446368
357.43754665
723.446581439
11.3261531158
12.40729465
46.871318731
107.586427282
0.0
23.8721208904
34.9018399305
42.7571534436
0.927855432038
555.710034978
73.5360256914
419.301229807
11.2071627483
31.0155472823
23.3337460743
461.683083716
10.8280691021
0.0
15.8157938429
328.830206064
75.9579672708
23.7587208663
358.617559608
121.420885561
41.2656071915
221.93908222
634.402851468
2139.72647581
4.91833097384
5223.83627484
534.805724317
6.80725783104
3.91072054719
1.66063948307
0.0
382.266841887
71.3154494561
48.6253193811
0.0
108.61424675
327.825563139
39.0951252388
67.8748640659
73.3224771454
249.973716502
5.55917253805
177.375255335
26.1372697107
0.0
27.8023168269
5.05032543272
56.7542365162
83.7747619016
14.1602413008
57.2801535472
40.765601095
87.7564665105
202.660094201
31.9759079372
45.6052682565
0.589648948615
89.0898656789
43.4612135121
24.7153989594
810.838873328
18.2207813364
15.2144650952
24.6550406975
56.6949780175
55.5874707704
0.0
0.0
5.41781507621
69.7540017437
21.5154557594
216.577988608
21.7173988724
1487.476066
729.823640247
93.0954504504
0.761423656578
2.55690210944
54.879443546
57.8907194474
102.793608028
8.15334789426
1.47810740404
12.1930453448
5.56100452323
109.048371457
24.8942985307
0.416196708579
156.405538085
36.0784020061
237.313098778
98.9969310592
43.688471199
34.2177872567
1.50572876335
26.8305895693
380.454968525
0.0
18.9333649267
12.0793492856
69.2831586771
27.8312925109
94.3710770159
29.0375767938
755.528647268
196.569763239
254.755469478
249.497866581
154.439592055
101.903254662
269.9842887
38.3229842546
29.2916163589
6.97001562537
207.058902215
13.4051788229
23.9226470696
95.3373769638
116.286767902
0.0
453.371771793
14.8305219082
53.2721690325
399.452535879
12.4776251464
3.40091097034
45.9904542188
15.2738694662
11.5713187794
274.133024305
666.492984609
2.57863995046
549.147888465
346.349451497
405.724163296
1162.76160694
243.782596323
0.0
23.6139296837
544.906729852
77.9482668335
0.303278635308
1364.65401212
2.12492115405
1140.47717362
76.356024323
1.69226804176
6.09305105334
1.49486699344
32.8440715439
10.5398496421
168.581344751
666.914941845
871.734913651
12.6001793758
17.660133814
240.606680588
135.651345809
679.241888001
98.8933259347
150.587974124
101.459227796
5.82142671893
215.362398527
54.8015806016
123.191065172
411.58767133
26.3857332335
14.6597911887
0.196043863369
173.711766977
7.55491800197
34.6772236773
0.0
2.957949545
54.8612752873
6.00547329622
8.46738819099
243.816591732
31.0939193496
0.0
8.01642666809
33.7623351535
317.884014679
93.159690061
14.7168544515
0.774336220169
42.4415114112
254.026648293
1.92581111101
16.4703016447
77.7031698156
10.3567912785
13.9479970253
12.7538959444
39.6342851913
156.595589741
213.180984729
0.253104265935
80.3090807458
19.2340493223
13.9631977827
13.7583958576
9.867223636
1.6868607538
372.310265713
245.121565813
183.374085718
158.624910158
936.475953307
8.25718898879
574.454213471
20.1548070632
82.663283208
359.023247787
313.268235839
86.6995169052
0.0
232.904171226
82.8201446131
2.25699283949
351.342431933
173.528312469
6.16497327461
9.04697766766
22.9584508297
11.3602157407
7.10912207657
125.541131724
2.70618244231
9.3787057024
86.1216921981
476.70283496
44.7820361952
17.8135843801
99.3595926139
180.721747336
58.584828733
312.100653494
1519.19912852
20.5143581043
7.34416105251
30.5597161969
71.4572659868
460.441342441
894.908812228
809.223234036
580.517651007
26.247213132
27.9117325337
85.4016562468
154.519643085
137.677006547
120.066277697
523.323226069
0.0
1.46262777304
0.38659892188
39.991067518
42.3758745723
0.0
3.45132560006
7.29927956141
413.276467038
316.365766635
74.9624485181
142.202752112
372.121126474
223.093560365
0.242559982918
562.336459713
34.4465637323
175.563363382
1.1710074851
1845.5996346
402.190398364
0.0
740.53117731
605.044555711
4.32022857928
1.87088301903
21.4231714737
18.4284549447
19.8334388258
68.0288595079
150.672784596
34.2479628123
44.1394856363
13.0017902791
18.3124692618
262.644965748
27.2565811774
26.8825959239
246.732145337
28.2861539741
10.8659658816
25.4377617177
47.816224067
84.4743299595
50.1331003681
22.4497081232
95.9477426471
8.03835185501
364.035278867
10.9266244689
53.9042696965
25.2742259376
12.8205639007
19.2041626511
4.87350668758
6.41337387218
12.9377322939
113.880571956
16.4467160872
222.088139454
7.01428645476
35.6795183437
18.4227587724
336.101325112
337.370377411
846.809999088
23.8426346532
536.054064172
247.864608197
174.293315719
148.943792474
332.124994898
10.3271462978
367.557331107
235.394627049
1.51583685942
43.0304939234
0.633962681637
0.360889634506
28.5509709321
171.413608101
193.0928256
263.137875583
0.847700003507
159.148936569
144.015213253
97.7208268331
17.5040318034
783.915288702
4.68645542581
727.268389926
28.0106268391
12.4897854663
100.425559133
82.0388880367
441.643391392
604.729919055
1494.20969834
1950.12503922
112.719047604
0.0
44.4563175295
509.612275911
356.73226097
0.0
61.1110819167
10.9509236569
244.698261403
4.84825932933
524.701828506
518.642953057
83.6689744122
0.0
2.68553149334
24.1898237273
14.7099426761
119.072047483
12.8930052559
329.129278714
188.488802355
49.9349985605
73.5150172122
0.312861876934
38.1289725933
36.4228066345
160.064660284
27.1508723447
0.0
635.183438748
111.850456391
107.021426471
187.649889016
0.791872365345
867.05937148
113.244629987
20.6124014878
6.9883769504
21.933966404
109.183283363
663.958036289
11.0036550828
87.9621265084
9.68696687969
3.28243830663
291.112205948
28.1941299705
16.4243189603
272.959742927
31.67319706
363.698880057
497.595001032
29.7668484673
7.81413174532
0.0
0.0
405.369091394
47.527944542
12.5614402549
19.4121666174
62.0827691309
376.496067197
177.41167909
0.843499737775
10.3637130648
412.035836966
651.240755735
31.4426515246
27.5831993894
96.7593349525
781.660960179
21.4609366821
4.7903465746
14.0819579008
47.8127631739
28.6916505166
2134.32673318
47.1967814051
18.8713763268
329.697544491
774.753190575
58.9698688228
50.0983455648
34.3953553853
56.7859794846
158.618856455
0.480206069666
115.252581535
0.628448134603
705.324029401
54.1423462497
82.8509622931
1.84465602781
336.328634283
889.022550968
611.92379869
1.59515995746
2.00927583981
3.29070583683
6.97117831382
2.83557122051
32.7122486994
437.774950946
1026.62241249
11.9947318792
631.485112638
137.643024009
133.296913097
119.619329094
412.980157382
560.768314744
0.0
49.7649571593
62.7301506391
19.0421227777
0.0
76.4382891802
53.7655422274
0.787021394505
284.241020273
13.3998930953
263.689427535
63.9747864798
43.6479916207
32.4285741644
79.8183875978
63.1832273111
1.89510641057
498.785566853
530.23968509
7.3265963049
3.94126793431
186.457582736
536.854780406
263.243455705
620.498802064
296.751481
352.249444779
146.831151771
313.239122864
219.381693869
597.004911027
192.543937963
17.5017965241
204.398437885
47.1078879365
100.235987998
78.0738386184
91.2570998266
631.738730317
119.573183375
128.790966129
73.2793160901
274.448378883
529.360814167
249.575051648
125.81548902
6.19377448385
2.27153002067
188.433692638
360.562306954
1.40122838299
105.743167052
57.5413837613
0.971820215507
18.9903681244
103.990666599
48.7781936083
667.850076594
73.9398418414
82.8101552169
39.7256370381
51.4905384425
456.282706106
46.7571650331
94.0397179524
4.07605112939
385.783411043
5.60614200602
696.957288845
53.805069345
132.987639394
46.2721637673
38.2247192022
36.3476494793
19.4430071794
78.4913252961
142.538209902
12.5561616778
37.4271234921
179.999709215
6.14550503579
53.7078082378
204.872414347
0.0
278.665286932
617.871908397
55.7583187599
732.751650206
65.8721110083
41.8016480499
64.6404492262
161.522741703
7.74645555368
449.373047313
448.39016225
13.378471311
1.27977963724
56.8423577194
23.942241159
0.0
34.4620061801
21.2213685126
257.948187706
40.4603503225
336.145544457
407.348942493
464.932267416
0.713187101324
373.232440704
6.60864404003
1.67158706024
316.666124963
6.92909127938
0.273213199003
0.0
612.234416707
37.3493906888
2.07518297162
56.8406029608
2.21040521389
46.1150063274
0.377799386628
37.2570306066
37.6799045507
356.821251685
5.88747114237
15.1226556096
1.67287273913
3.78631002059
15.8320814924
35.1832548742
0.339695239508
131.448261311
208.242726446
49.6996034844
23.2720535093
21.5160707115
174.767014738
98.5362018091
748.910972012
50.0139097837
13.3703482231
27.555482212
22.3505778477
494.668213826
26.9390513852
0.795509163351
2.48013749808
0.11872722526
101.401694024
77.9878711775
75.1841344531
69.9853338459
101.903846732
42.3166232242
23.5061357344
59.9144623925
126.328992599
36.9519085452
72.8924640367
122.14773461
66.7097429591
126.848795863
93.4402726741
8.70653304467
590.24929201
3.16292451476
1.10252756539
80.7520736338
0.0
425.82038974
77.6127675692
79.7030869428
26.0940657516
613.350877942
522.018294892
7.9511573703
14.1121191552
675.449023734
1.21803129764
126.097852134
415.564948284
1.38138688258
72.4589185289
18.285221164
0.232293143397
13.834169395
49.5738214717
18.2070578943
8.07898159602
1.51583685942
32.4992435996
51.0787979914
563.737449266
39.6958676369
0.841381728398
982.12037399
2.74092008431
49.4662549116
29.2504717743
8.08919409093
7.24763931787
642.086044184
7.38650550874
200.03527135
38.1535878379
306.46798417
543.440322269
77.3366440737
27.3032059862
62.589275128
4.40468009167
672.433395975
153.298948902
458.675969468
39.9477877625
0.186118822797
24.5685054986
7.38699174995
0.0
213.859635835
113.07132791
7.89612916986
7.88964929108
19.5281623113
12.6387597533
3.41799519724
718.114303337
38.1914831873
253.543243043
98.8025675882
273.919332747
306.68546698
46.68533863
2.07252294634
12.7199634606
43.7382808875
7.33807588717
197.728527457
1.65549962777
34.4352529043
2740.61783536
1.61016907863
31.6143118229
91.6452804624
0.0
19.2094340776
59.2431821303
0.712133102059
11.169434723
289.264262072
242.065813145
338.569109224
155.660366325
58.6500093632
18.1785670212
128.418003412
5.11901271998
618.227854103
237.326430367
7.49437239426
0.382511635718
165.134096426
63.8678677647
165.557385105
163.836234337
90.8429124382
22.1528450113
47.3723773967
358.543353485
98.4599434607
18.6942443851
935.72149148
1015.54743584
723.713603644
0.610239832501
1.70690533142
28.2354647611
1.43474470156
104.28137733
208.148979148
13.9295155701
85.4155884867
1174.141238
282.764032653
59.5552045261
199.068525204
2.53919720997
54.293000929
20.5371999988
0.0
5.07537686438
25.9524322762
121.330697833
61.2841308625
23.3624786376
281.879720118
209.94835039
130.391676387
4.15810575876
163.271350796
30.9163540814
0.0
240.857293583
379.417881872
10.2265530084
5.68960387459
40.4935720361
1.06033756223
1120.71764918
213.379785865
107.633369577
10.3103952892
304.431699063
3.93997796506
12.9928806245
39.793587813
13.3942870205
137.176183851
47.0002770428
546.685640352
1.09063610828
0.0
101.275382866
130.826077107
111.193069756
0.0
95.074320485
101.005809325
13.8599058547
0.603070635327
35.9273926567
13.8869608861
29.2431209517
709.68225487
1.79873483865
145.599374149
25.9545002315
10.9348305039
261.709808116
1.19255368989
224.319465909
148.420393887
8.81155112887
95.8470177866
2.8103867876
5.36199601876
26.4248384654
799.818271309
187.269757102
57.8886000078
439.467969801
148.09335951
33.2955707922
378.512413556
53.2540665595
54.9549982749
2047.06792449
422.025192945
30.2672878905
0.897180764135
433.748015897
482.679728715
28.7145338845
14.9154010268
24.6202058073
6.87359828956
460.569113752
13.8931104069
585.669007346
132.640979465
22.8774816622
2.67790179716
529.775027297
557.24538584
0.625100221061
9.87005527582
3042.24663432
290.755387868
119.023898166
4.74190837224
40.5437893091
1.08696498736
480.694589031
128.742985565
22.091950454
66.6501212096
23.3649670484
144.912322511
167.615473839
26.4083749111
2.60674898107
201.966318134
0.0
1007.29501916
11.9979496517
577.712810228
2.34891959496
36.1333501197
300.159973042
129.269909402
643.469786476
2.7220810988
435.058904958
18.9943996359
6.36758282405
163.717880374
49.9965838663
210.304559238
352.314848509
0.500325013581
21.6371890993
10.2259366262
94.850828307
0.0
12.0439223252
72.6664033613
3.19192165059
194.951509685
90.6283270545
15.8643149923
90.0395447594
0.84548760613
1.96420700284
110.002029134
0.0
42.0539728998
18.6641260343
88.7105475037
0.0
1332.61809058
713.032473767
12.3642279826
5.04693604566
245.057432032
80.8271149492
704.446990465
10.5067080153
66.9860824028
11.0887129665
0.66007812341
7.43218071709
14.8684744625
312.625588032
43.6505686989
12.4486079889
74.0031289914
51.8257130691
40.4376929136
76.6931968289
0.0
19.4668201261
31.5792709952
2.03030577088
7.3846878248
613.195307936
7.38327057477
719.899220346
375.300184185
353.005802947
58.1211219707
342.719846998
33.7625096283
21.5199806627
23.997050551
451.426297947
188.899099814
77.0254268361
0.903344586159
417.763659397
5.64623402149
39.0071913815
37.2694554989
36.7207466276
34.4004795093
31.0548598818
414.126199243
1.07100769591
348.151701573
98.7639371565
165.756927045
3.15477711474
172.040119851
21.2685038744
36.1900372608
289.303770598
42.1621772939
93.2256358061
13.2872882185
1.69763814656
90.1881457845
0.0
0.0
251.691543668
13.693471219
16.2412248436
38.3085514721
641.106581401
55.8562620348
32.8840234074
441.684282845
666.304274407
9.61472860169
279.850664274
16.4472552428
5.48371791765
29.9288854805
29.3766470703
24.8162210682
134.785315943
1.43879480457
102.246456558
2.13060731564
346.090964255
0.0
353.639861447
527.926352628
4701.80318248
20.6832682796
482.480775987
32.4999886927
46.47067888
34.1974623754
3.19680694434
73.5524191698
405.141070023
570.500417676
320.430319591
1029.89424502
8.58477539277
29.5020000467
143.667176117
50.6455957126
22.6353106723
244.097742104
20.8015064036
19.3911123743
31.5295270922
137.902769757
66.1104835964
22.2559281416
65.9255603549
9.21612667326
25.8052556516
1.29371330731
52.7488419508
32.2882449597
180.506571312
123.8487221
12.131271263
11.1015754759
7.05697986055
30.5710956706
90.8123936535
240.803330823
28.8982787063
82.9502327205
1.24634483558
87.5335020472
75.5205547153
693.413321429
6.58122289768
744.452842574
0.0
4.30282114501
91.096806131
107.929100033
2.66103494868
0.397459261664
423.913865241
107.926312727
110.124347394
45.5161016348
4.35417822456
25.6284526377
139.565578734
59.4650139377
394.085564469
105.611568737
358.40833289
42.7732423064
11.0668235327
45.0208893042
177.706861809
55.3616875381
42.692594916
296.189421948
3.28243830663
67.4911210956
4.35703131619
28.8799102307
81.9455454614
22.65039702
132.226766334
0.0
7.02855906352
9.89888365737
4.79674493647
1.41423819482
5.56949086195
0.0
116.31378146
6.83758211927
1.81078789945
26.373233975
177.964612539
1119.10685656
1.81884091147
136.981085298
17.1181121891
5.55291432807
72.0341124912
22.4674130227
833.248157647
27.162399121
383.273895997
44.6845019349
144.182185614
253.140881326
180.385487248
98.0146294861
132.731401733
154.971329679
7.07804268438
0.0
165.685042007
423.06809018
164.081914845
88.0900293906
6.03326483994
47.0022620509
553.033872207
703.318128648
1089.18334262
2.37022124905
126.272142425
71.7968325154
34.1432522042
59.6235972084
9.91167180042
4.64694689975
68.5614680756
352.802323884
21.021061458
5.82839998951
176.607720771
91.3487233962
139.362668859
6.0870688567
6.62312258626
24.4888806451
13.9812187389
7.1988249937
18.2070578943
49.1717114561
0.0
435.215395962
306.330117634
31.4846656229
39.8003108124
78.9792711813
3.7048774939
2.96299787255
1043.67800407
59.2752068325
9.13992123925
7.43940568898
63.1177148925
31.3591839354
95.7894167981
12.7488318855
6.03801856254
1972.2465417
0.0
49.2125142418
33.8222443574
305.898575726
14.4588277087
17.0863692207
21.6190451526
0.365014103816
375.050459296
11.3072025809
21.7132028971
580.562608293
20.9004364621
5.20359866376
418.209632657
57.0074423207
1.53125785546
321.155837196
3.15233589799
3.38728620643
463.374467943
3.33621944148
89.6037625419
53.1568655172
44.541479812
126.167501892
57.7341769594
56.2143000079
116.838452855
14.151553315
1395.72743926
476.18189332
19.4980840039
0.649407989734
3.81734507903
1.40190053992
291.355270764
77.2277618021
3.13096845834
111.946424669
450.009552749
6.82177785077
26.9655029054
84.2468248616
291.17504547
8.49276998064
8.7602312325
12.2506263114
235.137448367
1.62608918693
0.0
122.940569447
114.073279347
17.7435470585
25.9657924679
13.6685384874
147.523549201
200.901989104
21.5580147339
112.085235085
0.978400202781
281.696410054
31.4751724789
559.152106264
27.9519503997
30.7053697426
0.0
79.6569083318
0.0
89.7717645904
352.424471583
52.0975504916
0.0
1.85950354529
10.5937837999
32.6593356481
34.0411815996
85.4337467344
31.6890699743
5.56658628596
86.1700746257
216.806354639
349.876577806
0.0
4.69793357793
334.670579028
647.688359185
165.611101885
72.3031011124
417.128110711
0.372367786614
39.9161577737
346.611115038
128.127414241
0.0
7.07980745387
86.5216956453
7.14661413184
22.3700703985
0.0
61.5945715444
1.85950354529
25.1461042467
5.83737399954
50.439370817
94.0881347029
25.676310211
0.0
520.987921228
3.75935509772
110.531121034
156.174592116
502.42837137
364.061431492
52.8109950147
666.927249468
1018.34241879
30.4227449165
0.687309059657
1.33748502443
218.171769928
30.8179717591
0.913465553326
22.1422535342
467.620135727
13.8250309211
14.1166140259
3.60980161173
358.927070711
2.20055882998
229.500617392
147.925803659
356.213660438
3.3943467144
130.864408643
333.969276234
22.1342648777
956.486371052
7.89612916986
3.11685602313
21.2250968384
22.0636855402
119.232580009
24.4985024999
416.755389685
580.554233505
18.615865167
224.882697661
4.10539292441
41.3869415276
1.12171121009
12.1836866322
25.7486714793
17.1505745084
205.142355429
11.5919640079
3.6392892791
4.60516305099
581.928615655
10.0467453101
5.45027596539
1.45566165306
654.459114606
40.8336891615
42.7481408203
181.146283081
525.744996034
5.92186841555
156.071165756
92.5590963955
11.1934707687
86.7489890851
2.84439649796
59.2932621116
1100.14608337
21.2213685126
6.45357171662
7.87679679256
7.64520154827
148.228249964
11.4509855281
22.6562505057
28.6091368183
5.94876327333
5.00234200891
60.1842633224
16.7526876405
35.1302045312
102.576833129
248.314225406
14.5123142386
320.034261848
10.3356154751
613.788815352
15.467803901
0.0
0.0
14.5168806153
24.298567277
22.7978568086
44.4424839679
541.945243618
26.5623660629
338.726502634
695.289483025
26.3864997785
35.665671911
226.429841301
36.6522867296
667.482322378
83.0233648241
14.8997154584
95.1787779619
318.602197193
156.223144728
77.3067473919
21.8418465822
15.6276499686
377.733090503
208.299470793
0.643380029214
18.4230462266
1.83943179536
43.8152099627
12.0534884054
6.8701416868
44.2290126485
48.637422496
1255.2494547
4.48280331808
310.42725018
239.466733904
5.90194539821
5.90194539821
20.9756822848
469.932767429
10.6329219246
161.791241223
302.143542455
4.82847360362
146.478892917
16.8791975849
332.324478203
1.07749472531
2.16037814699
41.3409588432
14.6099600484
21.6940821777
204.042465007
57.9442431603
141.993200754
1.72097915336
1.65447137068
17.9871696214
110.884877225
12.4855751897
116.301315094
12.495225647
19.7652535111
170.558903364
0.957057075185
37.6512935476
60.8902197314
161.179451139
1.66916872543
338.592896428
183.75359696
3.72240934871
28.8799102307
2.81384625058
36.4012461285
33.1225590294
704.076803611
44.5846394373
1351.10897746
11.1899655418
9.92097616842
5.51894466108
34.513450497
195.98861779
1491.55000484
10.1265732409
269.996719313
60.8322812345
1035.57931112
670.043082954
0.327127335105
11.0098403566
23.5886165397
32.6041487042
1.14704294549
0.0
11.1302551248
135.940244577
25.6856002777
2.58092099366
25.1747238305
581.459939221
18.4206035798
4.07742404566
96.148327145
70.8150386351
0.953081338471
107.226049631
55.633314733
313.517318603
20.033801655
1.90533892718
0.0
43.3021182579
138.318045467
447.174539276
94.0559598381
33.8666524784
21.9973922756
253.076073957
9.44315125043
162.773060845
231.115763292
0.308292639956
128.727910659
442.570058393
213.896631638
253.189057816
11.2845194298
14.9076526306
161.204980231
132.514722652
70.8569211624
9.91705620644
5.14807707153
6.20229514546
44.0329501936
371.238204018
56.0337014526
37.3349979498
240.853586709
156.116820943
51.9326317843
397.757494832
175.101175408
3.0822327908
0.0
480.826340369
2.89297914252
3.82599159132
34.6811379188
517.316741678
0.462423943661
65.2273251699
1.14231782531
45.6820414485
506.014633188
17.3284586938
16.5488210147
293.900696151
54.4505044583
626.811476818
7.24126955844
16.0698906131
18.5422997365
50.758163406
7.97080866462
9.14360094087
135.788867686
157.323119527
32.4595248457
408.15877432
3.53326724986
511.282013824
258.925887151
7.82753341033
691.037980347
476.630357852
188.95607584
21.3762720817
54.8651666469
40.9042713592
20.8094979203
155.29852423
20.3015060274
79.1948190365
52.3551081547
18.4720807895
27.8466405708
33.6856105856
22.4539241203
10.8114825573
12.1408273323
11.3675679934
1019.64616583
49.259816928
49.8827533757
66.275450928
32.1803694935
43.4373219086
0.0
0.596068762321
7.03925922973
190.001307033
51.9442744003
165.158474271
8.14554086305
6.16092174148
483.027607109
25.2552925641
8.68302185348
5.57985065933
0.774646556452
21.5367331015
23.7428822749
5.96360650042
130.079379408
31.606496211
1379.45053004
470.607657317
57.2838704321
11.8638586353
828.28823303
771.107980594
33.7385550996
48.3665890187
203.531700109
12.943850352
24.221299263
723.529928898
36.193782748
49.4101627011
491.889501361
667.775710296
809.020179719
6.39425458293
0.356307526438
43.5625976585
37.5534961449
0.949274356052
8.77196823652
29.6298442941
466.408166713
255.168495609
112.979046484
37.7839544429
9.51935954466
3.80808647488
48.8777486298
146.27630768
210.790361372
30.9642459775
2.65468378078
3.99406514581
130.332251994
11.1075962858
3.91863197722
435.074127168
11.1639158856
31.4029756743
32.7074363419
3.48491342468
29.3788737689
1839.36773308
334.871737006
219.185991805
53.4978464357
82.5771327119
227.340804143
39.4804484926
2.84527888269
525.561148244
0.0
88.2061008812
193.487057078
380.77713906
184.699673565
87.115374675
0.70946592617
22.5323920059
28.6359487291
0.631136762305
20.6813905306
37.9358890805
17.3061659658
348.14233285
7.9531752712
585.35887414
8.79590131347
22.9026489337
68.1240111865
97.0170899723
1011.41497072
300.16986662
86.97031892
121.250992893
35.3464131024
102.887565555
566.586419291
51.750072533
61.7349150505
7.69722220402
4.44171879855
162.741816989
0.592158811181
87.7299191721
25.6146476786
38.6526371836
1.91856182706
0.0
547.55405709
0.0
177.621000198
230.763859108
0.0738600353625
0.0
577.987467849
0.948909675166
30.2450981312
9.93415187431
2.67129749783
49.1573859329
369.283420083
16.4425515745
9.74871235904
12.5715497811
32.2703098107
41.5581813702
187.85975357
177.106329639
19.9638100972
9.92206735084
0.952779582918
691.765996374
315.793692445
0.649741207955
11.1087618345
1.31917804398
3.99550527778
11.2099915279
239.509980767
0.73634505262
23.7295821485
205.771783197
34.2560444268
43.2844019175
0.0
1.02153694612
35.6059815157
174.082583082
9.40995956937
3.97916328374
320.583005042
9.45637129005
34.0732406248
568.58754487
7.24628785342
134.466152952
39.6101876505
132.748544595
79.0647166279
10.398347738
4.5513576041
9.37246751409
791.121966491
100.107259935
484.676861398
1448.38347494
16.5682034462
196.67533764
277.169810707
10.6350642461
0.0
644.501392905
8.87450792083
2.00927583981
22.8094636716
23.9978099453
45.2206500523
323.903810638
8.84110601195
152.256153205
91.3523330221
248.518229324
41.1955727301
511.532480947
60.7017083158
238.708073242
892.486673292
50.580483728
5.68381760452
65.8668939265
25.3427673525
446.994073722
415.600042026
40.7062768105
38.9103979238
168.30433744
100.071085022
5.10471579917
0.0
529.985245091
0.0
0.0
162.315875435
3.73190964331
45.6939371962
0.0
1302.56170551
117.596384156
189.829927038
12.1847863953
225.56575783
0.444490224816
57.7419696894
56.6204258035
230.843867234
14.6024962463
14.3057318127
133.708108672
5.91480790759
9.28650722391
161.544059088
18.0390901686
0.848413633944
8.8223871566
3.30259729394
5.1951909817
6.21897750836
0.96229560885
132.66098972
0.0
124.989275156
314.725374807
46.5957744346
14.016688603
17.9145194685
106.397952297
58.5638903296
10.1407114183
2.54571427192
143.64040568
51.9520771412
892.674103536
92.8333950564
37.8522641782
18.556167621
54.8937247355
11.7388445975
487.21808652
198.444621994
34.7866479647
6.84153354393
2.11068858868
6.1679922603
247.124929532
25.3485293105
32.7585317092
83.1396451122
163.18590821
454.346429368
35.0011389604
184.86502703
52.6891801579
6.7629154956
817.717531385
557.965579103
15.9411582603
42.789522805
257.565324261
10.0570722147
20.2108835424
0.0
106.915651852
30.3304935235
2.12641563064
24.5763768853
532.563333014
49.8130864555
717.037300574
23.9646826195
522.734897123
161.231214373
160.953869554
0.0
21.7198987241
101.174057355
167.97821548
299.086685733
8.9119327604
0.0
9.58850018034
50.720721405
88.1971139998
35.1363097183
25.363365387
247.325190823
1.31690272127
55.6744021128
385.136048125
29.4333199101
39.6583398286
7.44828245078
32.9102804311
354.574525685
169.925202395
73.4205562821
2.8576379894
673.907470437
150.044154836
13.6938301794
0.0
163.867483914
26.7674897653
57.3954999661
2.07126300963
67.6937091932
4.12602671192
2.12660154638
3.44903025566
22.0175455425
1108.07527265
417.854469228
17.4179671144
17.6802513278
84.4827204801
203.292071875
7.64499847107
680.498860067
1.0553450094
1082.68975611
91.3545883231
20.5583972541
368.819840602
19.9161269989
41.6176257847
4.75874518818
119.300035962
520.133149275
94.5324232806
19.3015853621
66.1027909751
2.51941720476
5.74571467671
2.71106487581
1.32640730624
52.7983298621
65.7218939461
44.8366267786
21.6634532737
9.9396020659
9.99729172177
41.7364216557
653.000752883
9.0836602744
362.548705146
21.6042577003
87.5481093043
182.894686237
0.0
5.42957210193
518.394385136
221.680689366
21.5873250662
1.22209284162
34.5545149949
55.5564271311
4.54020122924
244.82079275
101.058866819
208.966499304
35.1605245291
0.176205223192
360.613327955
196.31757711
22.298381287
10.6461333835
18.1591974607
19.2995545901
17.5467638225
211.808164272
309.075807174
412.915823384
149.69221776
0.876496922375
609.087356526
2.59767629269
43.0054868255
22.9786555808
816.457301504
9.04697766766
38.9367293139
71.8103528805
36.3633536393
113.739629229
1.18290180245
135.830803128
881.162819811
0.0
240.955196815
335.816456426
22.5899014665
13.886700604
13.8806383206
262.763172409
1.84749767849
30.5226560382
57.6652136587
0.0
17.7843155212
269.053219786
189.524548985
15.5551843014
7.28279741549
3.11964904966
2.61850457669
28.581007766
300.526533107
181.388748676
211.257424628
396.158210406
397.991552745
124.44641977
7.36592177549
193.460139338
19.1237211984
3.84105934742
16.0898279314
114.521609447
85.7654147042
14.8804031028
583.858402502
43.6184109953
163.381015344
3.82424112305
3.58686961957
1.59515995746
0.0
152.293733928
0.773345146232
1138.32207119
637.7630426
76.4323155643
51.9229541547
1311.20571652
38.2507359656
670.150550836
139.452497627
164.605838287
50.0548298393
18.7735503216
6.92072650093
2.60137744616
15.5836308406
1.13792306311
486.659159433
26.0218875386
2.29598795207
1.65365477152
214.421749231
255.026144212
393.359829485
6.97821164947
153.833579661
0.473814858383
381.098680342
859.499101965
12.1221928541
0.501048654872
32.6493791449
246.907064881
0.0
24.5524552493
135.11978838
2.61132679879
25.6543993254
3.34994145361
190.661296488
104.326501942
0.0
91.1746190211
312.002046643
974.565609011
297.486910775
0.0
44.9544001131
0.0
63.3172210793
34.9887112079
362.009981381
482.087670014
168.53470135
3.55193605096
4.84136042506
145.236722605
1.6551092047
0.0
80.8309948676
50.123120983
526.387635262
94.0173565786
105.431134645
10.8538842184
323.404450956
114.811001606
0.0
753.968290738
0.263748657431
199.959513544
35.9270036639
3.10005925056
544.235415267
185.695541268
13.5096577514
19.2094340776
8.87052360339
524.852172849
4.83514511866
7.08423939918
0.373564797992
331.371506982
10.4620338917
681.445098276
15.0943849753
3.74722052002
0.0
391.885850841
53.3446304095
372.871150635
175.778513664
136.801414891
296.872085974
413.44840764
89.6908869507
11.813438285
61.6351354999
19.3770971873
27.7534510184
311.940824588
179.95230356
31.2532348425
0.0
4.05839342392
64.2932944749
115.580732836
38.7991016079
17.6405068318
29.4872168847
98.9282466322
75.8123051443
17.6405068318
57.7192750973
0.0
7.34416105251
740.563320712
518.510612509
14.4023808281
177.404313966
196.547692179
134.812841484
23.1899802885
285.147152164
370.418384226
7.89083343136
7.83168505196
93.1282145253
578.655445962
97.6486586313
98.713536828
17.4703109775
102.715780837
11.9105363585
1.19655230854
25.919569523
58.5819384582
5.08418641049
372.190471617
3824.53284631
1716.03180237
764.763088072
175.220037065
182.640909814
59.9202572431
16.5594696965
0.320321388695
183.697570536
314.354684553
12.3967832598
831.889215086
289.083694979
396.03593219
3.20078840153
791.45598844
23.8897171007
32.2250364664
44.7451090378
32.3683946677
0.0
267.25121569
308.858490257
19.7409929364
23.2473867802
472.839417099
128.542228023
16.5908637153
124.540983669
98.6941629772
0.0
11.266432688
29.344739638
24.1570525018
318.744854635
0.0
22.4659714606
282.562126724
3631.6985237
114.573352659
525.711263767
465.79969308
289.000590641
8.04935806715
229.902598696
87.5656325784
25.0298454105
22.6748764032
105.768006826
4.26331404907
87.6038497053
15.4896818938
38.6641696803
0.450852833679
55.581432799
3.14161284983
14.2248985067
516.204424934
211.416588528
65.1176949451
257.193880333
49.5590368795
186.911680516
22.6522690485
145.119376877
115.644961006
4.02998978835
4.03652830211
128.673561766
5.56019221442
44.9098747221
0.562691165501
16.9052272194
4.62319401806
156.157024508
19.9082870749
237.444624156
51.6152950584
104.865909305
174.435581308
422.696946577
510.999383278
47.1136885078
48.4541167216
38.861610772
1.95386579702
898.918082421
46.951704409
403.429888629
198.357982397
35.3599477688
49.2595552158
112.149948066
16.934917964
307.346550478
40.0060723488
252.633115392
290.416971157
19.234293873
381.122566226
1.39385753874
69.4601704886
8.10040767066
685.827304014
0.352572050071
668.439679779
621.576687213
30.4951819815
429.87083455
229.996062832
425.093755208
251.821661808
311.42923308
12.8409803098
0.676262804125
9.21380558666
24.3134834403
767.687527018
683.50439546
110.265917944
89.1881464625
15.3947003997
130.291095968
336.815983808
128.675316524
4.86984128714
1.24126504536
31.1090014071
25.2864448924
0.737406202491
552.27929168
212.158894326
199.406364146
51.0192534684
3.15514894623
0.871264109199
15.9730771336
167.89520267
426.403641755
83.4131529162
2.56829731452
54.0653199262
98.9326413944
153.198468592
59.0069776056
63.2640463158
141.79950658
3.49420921196
25.5359881567
633.698571161
1.30099977442
7.7446149878
12.1102570633
227.073324299
501.577307721
194.030008282
177.673534267
1756.81482091
133.481528863
639.95675258
0.753148975777
113.18751238
119.046904524
118.446545398
61.5173521545
499.705985655
20.7569724318
23.9164346234
352.436510342
35.2168069457
656.179301472
597.033195963
211.014219661
592.229652231
618.025976776
393.346211872
33.890924494
1698.0711143
8.79510759624
43.8422707146
207.380084538
744.741505371
96.2385148732
250.267780867
228.816809269
357.074491812
0.952842508246
14.6188267993
6.54931546536
163.820254164
330.297184266
7.43954584084
5.37710095806
135.83472738
77.5956533098
0.0
428.9842281
0.11872722526
0.0
126.961861238
2.50755005971
18.8442912629
34.1282845566
950.952391528
1378.60064481
17.1546846765
245.124583369
133.885083301
9.01025215727
21.7583174979
1934.09581553
231.424144599
14.6977508936
183.173423994
321.826329462
808.397280453
151.978196294
308.226981665
0.0
1193.56169932
444.270393748
223.519952407
210.027925189
0.0
1.20352271888
8.00703649282
508.982729443
141.233739224
48.7608362283
9.36149848509
31.3850662676
166.481630911
414.27563975
0.0
31.2125278748
0.960519398416
7.38650550874
0.967804435401
63.2459538535
14.0131175905
170.783066269
2.94066367102
375.576349154
255.336517679
1.90899145652
39.7836241592
17.5467638225
1805.25425314
13.363204768
228.984468088
1.74295010413
0.0
21.4815575985
409.83534392
82.7196900454
252.162669899
470.963298407
0.0
23.8261854
0.0
101.373710844
4.37032572212
79.5281173443
861.330297691
799.538305078
5.11901271998
23.0238431179
16.6418961574
6.78735769566
19.561030785
717.971572959
92.1226320103
1.75967108026
26.423664336
39.5674656423
132.368601457
10.2370658287
575.624873436
652.851791468
133.62212979
204.565607603
0.0
177.888126801
1925.6196321
17.9796357433
9.74228396461
623.112661607
382.018421268
269.4416178
6.1887275864
84.0314285992
275.322787828
790.212669741
17.6609890265
64.3858461933
11.1538063594
12.849674016
231.847664958
102.093083219
102.328445402
282.406405124
116.667815094
40.5853042951
117.974599708
182.834282211
110.4399122
52.7137939725
279.182687591
22.2993766513
19.6104715023
19.4833537564
96.3393512832
30.2338516587
12.5575631965
38.0493062661
60.5451286449
0.0
33.2097077502
643.710311396
35.5566909612
662.462329815
56.8097323663
0.0
19.0944866625
8.44679587697
434.741937204
13.1142106702
199.801479439
902.492690182
576.907364583
134.164816422
735.741211148
153.489253689
265.184381766
143.677198406
2.46111831731
77.5398256716
2.72639720434
53.7272035404
92.5694218701
5.58384069726
259.431393492
374.624622141
227.330610239
66.1484862051
188.780462687
265.550015112
1.38098644866
565.773353961
255.364798324
146.789419406
22.4840253096
1559.25103339
49.4700175603
16.1919114073
209.144088884
4.65794310104
69.2083890847
247.053080247
18.6106738272
467.496639048
749.943816927
18.7149024847
75.9055676329
209.654211659
393.423332583
111.907988734
72.1127148081
43.6377791258
23.5968268652
101.982208789
338.677638255
269.42095398
36.0491874919
32.4671030575
511.843133287
53.7567198102
87.3931285088
26.7870552523
479.564204135
991.847757522
67.5668016753
4.27368671755
84.9308403524
5.63302685295
396.905345722
10.9258092999
88.9639406541
116.637859777
1.71108414533
16.4247622979
29.7678338207
287.966540135
17.7086335116
11.3071911399
47.7735735648
0.0
113.681646399
28.0159769222
54.4664016846
9.35498285326
471.392748048
12.0683530843
2.8493032435
259.621754056
716.315312507
342.765650917
56.6382107897
1.6631607866
39.5458936953
679.808128727
80.709191452
194.371187987
283.928987867
7.16119850703
2.60617550252
66.5321748305
25.0278174987
33.9924044586
234.489567746
45.158196663
58.0145135918
382.955279312
40.7964731196
588.757046428
19.0966118224
2.91025786589
58.91528539
341.156502945
56.4212857279
28.8789034254
451.318852947
23.0097878875
86.3063437166
0.0
1107.78387117
309.149967535
0.649407989734
3.47708351155
19.5624365941
98.5321774483
14.6135725343
1.39109168449
1642.70536379
0.0
44.6816045095
115.564347939
24.6354637695
115.253931569
418.857275878
0.0
802.303561534
20.5583972541
70.8001696661
826.367854949
1095.62654596
9.35267320767
324.900994051
28.0097830677
16.9034967729
512.482516127
34.1817467744
23.1703962098
145.00688498
21.3992584185
0.463568040557
16.6301019485
8.08913974634
139.024895702
53.7110846453
6.153134732
28.8604391316
114.075184268
52.2643069046
96.275387686
28.333253583
23.0675304578
78.1344099683
437.50330945
0.0
273.449383506
133.991299826
1.01958483079
27.7678480477
7.47395598511
7.29483760522
58.7694816816
5.61623151052
900.322139585
103.983079807
49.9956657287
249.406787888
323.495895761
234.922954512
558.649219903
98.1138384183
8.62719993579
4.41048209305
247.092558741
1.38416703803
161.1889214
21.5802173642
4.03045457771
535.726971159
5.362789736
91.8447351646
119.485587027
4.1236755928
641.684742187
6.7886319336
1.29566971301
1475.49685809
140.417546219
108.916891842
290.278413873
0.0
29.2549051497
953.847746101
45.2213551021
571.053793032
8.71211051703
23.2067498886
285.024198932
1.82503762629
274.960512407
348.063787737
17.4575071032
13.0263640503
61.8628980195
9.28938605775
587.334484929
59.9930303865
16.8864282773
62.0720632442
155.716760291
14.0534198338
21.1305686926
52.0961218006
197.068569464
9.21612667326
0.996183758908
48.777126738
0.0
798.113413911
25.5206386668
452.735018945
283.886271577
25.7819718497
5.34796367035
40.3720017301
1225.04823983
420.996921559
41.0428157727
135.384649672
43.3642312784
122.568045777
3.42706359526
44.6431328212
49.6583073069
63.1391209456
0.815257705896
267.333833787
19.5010300535
22.8880888706
75.211100817
20.6704215016
23.4816492004
25.0001375044
37.2416067503
560.253731423
44.3922910069
128.998099152
42.5380259953
28.4700460983
623.342836741
434.601080284
8.96016645544
4.52308267942
2.57232453559
0.588903855512
25.4226553484
361.181362053
222.18444095
192.50836084
4.86602143363
670.549833502
20.1905515104
291.85492076
389.686769326
428.426499455
166.979591935
149.854246193
165.793931427
676.931776173
27.4805967798
7.00988168171
635.526295985
1158.55812058
69.2938345312
555.173793901
44.115193599
64.0829908739
507.934872547
27.7854056447
114.197659841
11.1358211562
333.436205736
704.620920364
25.4153617306
0.0
102.396115873
16.3021179709
105.801551747
17.2339248275
196.570751452
13.1034804715
0.342020616449
4.3157666014
0.0
187.165368271
21.4448621207
146.814336406
0.0
13.1613860756
259.806102388
66.4133017329
45.2076159285
91.9807053604
13.2627087268
351.629289917
14.4957863288
372.164788072
446.549286032
244.167257431
934.620522747
130.816526758
52.6332924547
7.06176218557
278.851776156
2.10576611177
139.045629598
608.211145627
52.9101367312
227.489977217
391.846901492
0.0
8.09872012772
113.031737867
46.2443665031
65.7826998357
142.761550487
364.082763179
55.5492050196
30.0302267233
7.79965176899
584.861506617
523.213209712
0.463362103116
37.2419356782
59.2763523595
685.155594715
0.0
628.69468033
1.82093031843
52.556523553
3.72109792764
196.908131326
198.412773197
29.5365131597
30.6772778736
557.991374199
208.372078042
112.264151818
29.8115311715
120.111864237
35.2735241192
16.0670632635
144.296483754
49.5168397258
1.40519410886
56.7637139289
64.5952173554
15.5496340013
1416.32093169
0.0
41.5642994284
14.2856700736
5.56615152911
27.9900745685
103.772976423
24.9153527739
58.5938799694
1.59768984172
48.5437624337
768.205941634
47.1388085853
334.14599773
36.7179192782
361.551919306
7.86494537883
38.9396968152
289.761596702
61.1862133297
2.85115525035
12.2233424607
467.972160041
24.9337326905
5.25195963955
19.2855579947
0.430908364539
33.2499427778
14.040421463
97.1852207316
17.7458009293
81.4497024474
375.216908232
24.1915355823
12.5578420702
629.540421068
23.6880757432
118.492992872
63.5639427146
6.40408952589
1104.19085346
520.93516978
45.1846939472
14.4477399796
27.1047638097
1.54663451774
11.4488374862
20.1979952909
626.531454812
3.11051915644
52.6831378962
267.505834455
31.0054034332
550.917550371
11.4991863304
249.967878748
236.132739731
558.995114718
6.97821164947
909.393947015
0.0
27.2347475183
95.9933063061
23.1912073323
313.976294526
0.758727878269
9.40361555205
228.16658897
9.4553244414
47.6314538484
0.916484539013
41.1372581114
406.758229535
83.2467969372
107.827202474
20.3014044888
6.98926219538
67.3102865703
12.8399663539
477.05163006
1107.70233424
11.3071911399
685.583742946
12.2415278809
0.0
16.1176695294
181.741781225
7.03930785388
1.40271999932
5.40785714285
17.547005513
21.9435639468
9.36091070531
53.2560873205
83.5733636648
39.7502251105
523.839279555
101.570025
0.394518932642
1099.00836767
19.3701897023
5.94494341983
65.3952600027
60.5721693751
255.748505541
85.4305046501
143.526721062
13.9808840906
253.505260456
2.78423845303
340.978944828
30.3195202042
617.026399339
62.8330950475
9.58967001942
206.944110683
13.8068512214
656.434865546
23.55142624
12.3577423833
73.2121104084
588.731950663
0.0
40.9910353774
2.05738511429
0.0
673.901639833
90.6099771704
1.39669775929
3.60024411229
48.6629759
255.144739867
48.5598255543
61.1951716084
52.7463006256
493.59508097
6.3681148291
11.8446206459
9.12841591483
128.477523623
31.1157701704
465.255802287
713.627528573
4.66058453474
33.590990912
21.8066870544
217.012449393
299.948694098
76.9931575832
239.131413405
224.29113807
19.6509410697
18.8109894625
9.14360094087
551.278643083
0.347046062064
60.1004610851
202.596465252
19.7548822727
62.5760665292
0.0
870.207903256
570.200867366
73.9650791888
26.1712193559
359.451600526
6.97717910205
87.8325704062
13.2689769477
89.8116277865
44.7754247453
329.786978545
57.1328596526
261.312364587
134.430173965
8.97279156466
46.6903111611
394.592036143
19.1433696325
65.9299594076
155.233671097
2.62363728139
21.4179043376
0.377799386628
8.13172160268
27.09673797
348.58700327
264.326952649
43.0412684559
1.55805117464
20.6704629751
714.781836534
887.274974422
132.860505917
490.158325444
2.46555169278
344.942216605
9.72715328316
680.557307687
59.9597171449
2.01346895494
45.8936793527
0.0
21.9558143643
545.000653057
0.0
297.784747799
23.6936474951
95.6531720191
1.9838139634
860.711630157
162.761431099
5.16297178299
146.000464488
46.1073108456
378.222090387
0.0
24.4444339108
29.7146633476
46.5495872429
14.6405632102
7.84260259659
3.25458240746
11.4492035972
0.0
496.54777768
5.58969275287
46.9830297821
153.461436403
9.26978910803
701.647196584
113.777833485
1113.12549797
15.2369337281
11.3947631766
0.849085790868
659.954439386
141.479516979
121.651548367
156.894038857
394.62907628
1.56248455011
282.385023385
22.8774816622
254.093640887
72.956450516
45.5412660461
19.8561491492
261.98164554
73.0988033422
27.5511532354
139.378209985
9.81631990488
32.8188856807
35.7514663071
2.82454784692
10.7505193542
424.704657864
3.603983879
10.8797222167
11.6056002128
157.151387723
190.950622862
9.74749389583
196.346933207
0.0
543.107224178
9.97693823799
20.4629867235
37.3790857237
172.082470028
785.213432525
23.1385245305
668.353728069
32.8515424965
80.0052000294
0.0
1185.31425518
31.5256571845
110.83972115
410.266012026
364.999914154
46.5236291145
23.7428822749
2.36397877036
43.5762853477
74.8122686392
8.21553242082
0.63498378812
0.628625469617
29.0993880587
21.7088124252
19.8714199825
18.2009355458
69.1524613381
27.1847361827
44.9613204692
58.9564800289
116.602065275
33.4297018521
29.7709286028
282.846938204
915.492522626
7.43185750973
615.133862857
0.0
343.768117198
16.6081653206
324.726371972
41.6918204684
16.0584196114
56.873690243
20.1031038943
69.9624404669
