2.1103210011
35.7476440186
362.652374189
61.2525550319
213.516842111
4.91444100256
9.43718000491
99.4797830519
0.0
35.5247770185
0.858408000448
3.51884100183
73.3109970382
14.9699100078
21.025903011
14.7286900077
0.0
87.2962080454
12.5857070065
122.431988064
181.373894094
126.903702066
4.15115300216
532.160133277
35.6239330185
159.465846083
256.149352133
44.7232890233
4.77044900249
517.01117127
6.1243310032
52.7351650275
96.3032220501
206.447500107
1.22264600064
37.5878890196
9.9866150052
2.60846900136
60.6035380316
115.77442306
245.233138128
2.06803200108
67.9131060354
104.883732055
0.0
5.77266300301
470.680368245
0.819160000428
178.521938093
114.72217806
20.4688310107
680.136572354
1.86579200097
338.672358177
8.50522700444
0.860262000448
346.898754181
6.87585400357
72.913004038
889.344756463
33.5502930175
84.518177044
2.52956000132
53.1767020277
662.093553345
1.27073600066
45.7979490239
4.23843300221
20.3165680106
1.21764300063
0.0
652.54896234
1.05400100055
546.130625285
48.8456370254
16.7169560087
57.4951720299
1.59166000083
26.881864014
1.66087300087
354.285746185
0.94313600049
136.830423071
3.01342000156
12.1925390063
201.602497105
866.975303452
2.08024600108
0.0
0.0
2.77714700145
10.8668580056
80.517690042
47.3906350247
52.0215020271
0.931240000484
3.43346900179
51.943068027
847.112236441
12.1703240063
30.9610570162
0.0
668.126911348
99.2446170517
0.0
108.163460056
0.0683830000358
479.86737525
10.9957120057
14.1809280074
51.3506130268
0.0
56.8414550296
1132.79150359
1.58569000083
5.60162300292
128.934085067
275.170042143
56.9607470297
41.2037690215
18.1560920095
114.77691406
165.351088086
0.0
156.470695081
93.8469200489
1.46644600077
0.0
1.37176000071
14.3137470075
4.37992800228
406.727018212
13.2541560069
195.373720102
565.774848294
547.955801285
3.52552700184
12.7652500067
113.916030059
1.24328800065
126.885553066
174.117228091
550.762692287
8.52476100445
4.01640600209
546.225645285
0.583789000304
503.628561262
222.695881116
63.3133500329
0.0
6.88718900357
864.636801451
35.8347320187
94.4035400492
988.640720515
3.77116800197
0.3815880002
25.3140800132
803.788079419
182.204685095
88.7240340463
63.0745960329
35.1132360183
29.7877660155
1.48222000077
2.42315800126
17.9951680094
1.64983700086
426.136168222
132.292717069
4.86134200253
24.2660270126
2.04326900106
34.3384000177
17.192579009
115.13934706
15.1809330079
452.174382236
1.78313400093
380.045831198
8.22604800428
24.0302050125
52.2690780272
11.524023006
17.5348280091
69.8985120364
73.2389520381
32.714390017
3.34411300175
1.56141300081
162.807107085
54.1418220282
542.578819283
1.08280500056
83.7850240435
1694.48094888
308.677084161
329.404615172
1345.4378347
0.0
1.5455360008
1.83920900096
0.0806130000419
24.2962960127
22.5992570118
0.92338900048
0.0
5.0078180026
1.11630700058
14.3425130075
1.24244400065
276.566980144
0.454491000237
4.45773100232
0.0
2.34321200122
79.7032000415
0.184869000096
1.37551900072
3.24542500169
309.724166161
1.5408150008
17.3952380091
48.1301430251
310.547350162
47.6948480249
1.47422100077
19.1021180099
321.072063167
9.57932200499
28.2225740147
1.69555800088
1.5419970008
0.0
0.813943000424
264.550553138
289.652024151
135.424122071
62.4078280325
145.002161075
485.213992253
96.7634390504
0.0
374.130170195
56.6341850296
171.244168089
53.2812190278
1.98338800103
9.12909900476
455.203942237
195.377057102
18.5567580097
1.5354720008
0.26911800014
4.57035700239
8.62113200449
36.5647460191
218.835519114
629.191427328
5.80299500302
39.9532650208
202.932197106
8.11390000423
25.2338520132
0.0
11.2665690059
17.8166620093
2.57580900134
27.6032290144
212.444797111
357.038038186
18.2526980095
263.483610137
483.101072252
15.8046650082
2.25508900118
1203.21152663
143.279859075
1.7298400009
422.53547622
2.69695400141
6.09475100318
1.66207700087
45.9235720239
1.25437900065
54.7886530285
33.5608770175
0.647244000339
22.1973090116
900.254283469
27.3526560142
4.55444500237
2.18455300114
665.627843347
89.7913460468
0.147488000077
4.01474600209
5.77143000301
152.91637908
43.8871510228
158.653724083
0.0
81.0976260423
6.34768400331
173.00231009
58.5851800305
17.388463009
5.62387700294
12.6899890066
0.513144000268
1.75713200091
21.9918600115
9.93562600519
36.0797850188
1661.51386587
25.1364300131
742.050688386
30.770554016
578.422169301
4.96388300259
38.0145880198
60.1362600312
1.16128200061
100.547203052
154.38372308
4.00322300208
2.05600600107
53.777572028
0.0
46.1928220241
1731.5570979
1.69009200088
15.1809330079
4.82137700251
184.239945096
319.943153167
568.697153296
24.1854840126
834.737633435
2.1042390011
14.2422210074
115.24379206
4.6328440024
434.892283227
191.7889261
9.4061840049
31.9476010167
0.124596000065
558.574632291
171.864781089
0.389935000204
2.83410500148
129.951915068
25.1470040131
447.629220233
25.2358110132
76.9852420401
621.802276324
15.1809330079
1.1543070006
0.831481000432
421.99858422
177.544053092
44.172659023
17.8752330093
3.59643800188
259.978713136
0.0
107.768165056
5.98530800313
1.26162000066
257.504302134
37.9413170198
8.13838900423
162.733440085
9.94880000518
12.1079290063
83.7102330437
32.4189100169
1.75577500092
180.612461094
105.133575055
101.923199053
69.7600950363
46.2616470241
8.54480700445
26.1732380136
19.3871420101
5.26980900275
4.75500300248
1.69179300088
9.41328400492
7.36655000384
16.4959710086
84.7884470443
0.0
42.8102320223
687.502885359
148.455685077
0.0
10.9764920057
23.2974980121
75.6953900394
358.078534186
57.67673603
79.2706040413
866.872078452
680.457327354
596.640034311
558.378798291
438.185934228
2.13237200111
414.353729216
1.04166900054
243.496610127
1.33231500069
17.325809009
5.94096700309
5.51578100286
0.0
1.27863500067
17.7400610093
0.0
308.585395161
145.578381076
0.141720000074
0.0
2.06443500108
0.671422000349
67.091175035
8.73684200455
103.990135054
78.1881360407
6.56848200342
4.51535000236
134.38674307
3.60837100188
1.09072300057
0.0
1.57573700082
16.3669420085
7.21163200376
29.4713100153
0.675312000353
1.66033600086
0.0
640.918208334
3.85309100199
87.7594700456
0.0
479.75056925
0.0
532.606193277
526.081337274
60.6620520315
12.8393700067
122.389923064
116.599295061
373.334463195
742.212974387
14.7067180077
481.511616251
8.31649000434
89.1062320465
4.77409400249
1.39005300072
1.44673600075
358.044286187
51.9291380271
10.8003650056
0.0
0.0
101.737828053
0.913822000475
64.3379160335
0.0
38.42033402
14.4860070075
16.0956780084
32.0527220167
646.954056337
173.05136309
1.11224400058
3.65373800189
7.685046004
27.0547960141
367.244235191
5.75231400301
708.455614369
0.0
15.298789008
2.60030600135
0.0
396.794401206
0.0
21.7125070113
430.634958224
92.4943990482
477.099899249
634.670931331
16.0924420084
7.47196500389
17.180536009
7.23747400378
0.606437000316
0.0
89.2926170465
124.457451065
146.587608076
3.42574000178
2.05223200107
142.493452074
58.3929910304
21.7478560113
1.76581900092
56.1500690293
486.674905254
17.7357030092
23.3354510122
171.593621089
135.992234071
795.869589414
0.954824000499
100.527478052
142.598129074
117.945918061
1.25523100065
42.0219140219
2.3059180012
162.710941085
8.2822220043
6.76861700353
606.921256316
14.1897540074
1.67335500087
117.627475061
0.0
57.63670003
6.55985700342
681.238436355
331.295335173
91.3406060476
102.581810053
1.11174000058
13.8860500072
295.493638154
188.639426098
0.0
0.0
274.023572143
485.481425253
17.5783260092
81.5006710425
8.40083400438
175.140207091
154.36408008
151.644736079
6.66830600348
22.8038230119
44.3562300231
3.23597200168
608.311287317
25.4832930133
28.0838590147
85.5953640446
5.19096100271
116.089712061
6.59515800345
24.0065590125
94.7547870493
0.0
0.800389000417
444.784578232
60.8126360317
0.0
381.393051199
31.3103920163
35.8750000187
165.991923087
0.0
3.05250200159
1.19620600062
2.24553100117
15.7304460082
543.868305283
3041.54920259
1.39619500073
114.107557059
197.200863103
61.2284320319
2.09768600109
394.011848205
460.20728624
15.7476540082
1.65021000086
78.1425940407
85.2637680445
36.725141019
50.2060240262
1.60547900084
44.8120150234
0.0
1.03664500054
16.8339800088
32.4419150169
153.95660008
140.878515073
123.949693065
0.310928000163
29.2495530152
0.0
97.3966670507
227.653503119
79.0070680412
698.592316364
4.75546700248
129.001730067
301.560943157
537.43726128
163.458091085
593.657445309
900.361274469
143.264901075
514.681046268
0.0
426.416144222
15.1940760079
272.670693142
33.5094510175
593.828159309
1.02858700054
0.0
1511.43028179
4.64971600241
0.0
16.1078180084
28.1031160146
22.3015590116
0.7676110004
245.253080128
1.50398800078
0.680702000356
46.009890024
0.0
4.48966500234
150.645758079
35.4311580185
68.1677170357
61.0327500319
27.6970710145
20.1602680105
44.070012023
473.702538247
19.7150590103
0.469975000245
4.23711000222
89.7607600467
3.54524400185
0.0
90.6304810471
61.0772490318
22.9140860119
86.9833220453
2.64324200138
0.0
603.487036315
935.633772487
21.9532280114
2.04647500107
3.92725600204
0.840784000439
244.089099127
0.0
0.0
1.35973600071
196.475487102
6.48011200339
58.8329610306
277.644121145
2.71359500141
0.0
253.099139132
83.4509420435
547.243114285
60.0675310313
0.0
219.210512114
78.9110640411
120.867057063
46.116035024
676.601687352
4.70896100245
2.91650800152
11.1471820058
14.6805710076
4.38236900228
4.88626500255
331.671122173
33.3797480174
0.0
27.1166900141
31.3210300163
1446.34511675
122.671036064
279.563095146
222.860240116
525.851825274
6.86383300358
239.076380125
366.815395191
274.607631143
0.811622000422
3.90474500203
1.11115800058
0.0
463.292513241
677.881343353
24.4920470128
35.9759740187
5.68769900297
0.040087000021
20.7070920108
38.33238702
21.7373070113
1.38669100072
19.9195510104
1.3396240007
933.815166486
7.24454200379
70.0374990366
1.923958001
388.983856203
10.0383830052
24.5894410128
0.0
526.566020274
100.605935053
332.880841174
559.678554292
106.756622056
99.1658890516
79.2346190414
7.82248700407
2.37907200124
335.521642175
13.6986850071
32.608269017
150.990249079
1.00717900053
2.35414400123
11.2083670058
0.0
189.457277099
203.008945106
145.851593076
41.9987200219
28.4063470148
345.63497018
207.672157108
65.173194034
8.99750600468
492.290616256
11.6548690061
34.4111910179
739.575474385
851.574999444
754.738694393
2640.73462038
563.801148293
66.4266180346
4.8022120025
21.4899230112
25.7652600134
473.225195246
140.386112073
795.322147414
337.961527176
43.5558620227
247.833536129
24.0172370125
2.19599200114
1549.73517281
0.952860000495
17.5686720091
607.944977317
539.782506281
1.7246360009
668.050100348
348.584695182
259.815799135
0.0
790.730525412
17.1276150089
37.1590400194
3.94337700205
5.53335800288
122.891727064
3.25689700168
6.69091600348
25.8103690135
119.401006062
1.00868100053
0.0
1.02479800053
589.758205307
32.4822620169
0.101293000053
49.0777490256
8.31968200432
8.39723300438
0.0457980000237
122.712873064
785.846278409
29.3258600153
20.4135400106
17.3752330091
38.0230460199
1.86008600097
0.0
17.7515780092
0.0
0.461186000242
0.176150000092
62.8809860329
273.480183142
3.87870600202
61.5320690321
12.3033520064
4.35927000227
1038.10030454
898.220617468
83.9619450437
2.34479600122
15.8308390082
29.5184790154
0.0
276.804873144
0.292316000152
26.4333200138
4.0484930021
337.735555176
348.125919182
393.939855205
598.416831312
3.54209300185
79.8937870416
59.4473080309
75.1015800391
909.460555474
8.49869200442
208.152649108
26.814021014
375.520906196
1152.9111586
1.60064400083
481.005141251
158.373362082
60.0219500313
112.396362058
0.0
119.118902062
465.850627243
0.0916800000476
58.0914710303
18.0380420094
6.26931100326
369.714480193
93.5940500488
7.18187400374
94.2800040491
22.3723520117
183.114408095
381.682941199
0.0
123.525110064
5.50170800287
8.06592600421
98.2629650512
22.5013350117
254.433667132
4.11457200214
4.75189800247
103.306153054
6.95754100362
616.080081321
21.4457210112
5.31184600277
0.748080000391
23.4336620122
0.190268000099
2.95942800154
3.33756400175
87.4891580456
0.0
75.4162810393
275.452748144
231.14218612
38.9566900203
2.55970200133
50.8986820266
3.2661360017
37.7976420197
13.6167300071
0.0
0.0
21.2551160111
0.0
4.39500500229
332.980734173
1.12396800059
429.379980224
728.22862838
36.0730260188
8.03791500419
228.086795119
1.37032000071
365.22995719
713.496236372
21.8839340114
0.0
0.0940490000491
0.47886600025
63.357330033
161.960473084
10.0499070052
127.178537066
82.1146910426
1.48113400077
0.0
45.6776210238
544.473885283
7.52998600391
48.0705850252
29.5547970154
9.03913500469
3.33671500173
297.004610155
0.0
444.645692232
37.5596130195
21.141862011
73.8802540385
27.4867720143
939.65864149
6.41962200334
0.0
14.8505880077
0.0
3.870948002
809.695384422
12.2388910064
28.747981015
354.206703185
15.2072560079
201.364969105
135.603735071
87.5138710457
642.543810335
470.234689245
0.0
4.37002000228
280.328590146
209.317325109
1.7312890009
2.60470400136
133.105909069
279.769535145
42.3414150221
17.7247020092
240.688969125
870.108217453
781.298073407
3.09478000161
16.9877250089
298.573679156
406.934843212
158.920057083
292.418502152
25.9198510135
14.8179930077
471.349465245
3636.11360789
81.0146940423
19.17379201
198.837931104
1.12271400059
15.4917840081
3.98330000208
186.101047097
468.237867244
471.230354246
3.09236000162
4.17760200216
25.005360013
29.6379270154
4.14408800215
4.34841400227
2.85095900149
28.1935170147
9.25914100484
121.193321063
365.57216619
214.268678112
0.74802100039
34.9337460181
302.633914158
59.8584350312
0.0
1.41299400074
0.541026000281
0.0
6.57278300343
74.5709740389
56.3553650293
147.311007077
607.388121316
103.984491054
7.39363700385
282.291160147
0.623926000326
10.0442050052
99.1970190516
244.011731127
15.297452008
0.0
602.607932314
14.9262580078
0.876226000458
6.22307200324
607.542313317
0.0
10.4009530054
0.0
7.14209900373
33.7454440176
0.0
6.21642800324
96.11014605
20.4048170106
98.2167980512
21.063130011
1020.51443953
1.7353090009
0.0
2.03415600106
258.606908135
0.0
68.0374700354
78.1319910407
0.0
21.6839030113
10.0685420052
336.307998175
1.57573700082
0.0
157.876370082
34.9237800182
50.3454740262
1587.35071383
1.22534400064
71.4921220372
21.3080230111
10.4342640054
107.244487056
186.856533097
10.0992560053
4.62550200241
383.0974872
334.202672174
399.682826208
104.871210055
133.71709207
0.0
7.12213800371
2.14137800111
1.64375500086
1.78657400093
208.437521108
301.375070157
8.91512500466
7.67885600399
331.219502172
55.8021080291
3.75393200196
6.82818300356
22.5639390118
7.06726100368
388.037953202
14.2208160074
0.452433000235
80.558783042
0.0
1.28256200067
17.9828770094
3.93720800205
33.8224070176
13.9447080073
18.8516180098
14.4152600075
5.22004200272
0.0
251.434709131
3.40257800177
6.5283000034
84.8404990441
306.95855516
97.860631051
1.29674000068
131.570944069
1083.65836956
82.0230230427
223.070221116
1.11255200058
12.4963350065
0.795788000414
6.98077700364
43.2856370225
6.5105820034
5.65705600296
1.35992800071
0.720671000376
0.962130000501
1.1584910006
864.297789451
14.0278810073
229.141462119
1.12964600059
0.071204000037
0.447593000235
15.5265290081
204.933894107
295.646382154
568.317391296
1.03591100054
0.0
1.78657400093
29.4455850154
199.180278104
54.6499410285
88.4870220461
0.0
2.1177190011
2.55331000133
27.3459900143
4.2229430022
752.234160392
644.567299336
15.9496630083
0.779976000407
16.9877250089
1.60873100084
42.317333022
54.3958930284
6.83173300357
1.88904600098
4.91832200256
113.360614059
3.94648400206
4.51653800235
0.0
27.2033360142
127.044419066
0.0
829.060012432
26.4506490138
562.287494293
2.97598300155
38.38549702
6.28387300329
1.48222000077
14.0610690073
137.167677071
6.88469600359
18.5506710097
0.0
108.353083056
29.4636010154
21.2909310111
110.912195058
50.3796910263
2.5025140013
31.5309370164
0.0
518.02858827
9.30457100485
1.90254400099
7.77894500406
16.8762630088
59.9086220313
68.9563670359
269.847000141
802.232186418
27.9345620146
564.205514294
613.053374319
439.131050229
30.0659860157
2.03954400106
30.697277016
5.03390300262
2.91228800152
57.54491103
0.451648000235
28.5685480149
2.81109200147
34.580239018
149.999251078
154.24796008
245.761105128
345.82692518
0.0
18.0397760094
29.5150790154
21.6187150113
0.0
142.117720074
493.389038257
478.83861925
201.339276105
431.336734225
1.36020900071
916.070657477
750.036923391
79.4731000414
2.19127600114
6.79939900356
85.2053980444
24.8046490129
229.67904112
52.3197870271
2.73241400142
19.8135640103
0.0
546.172535285
10.5026580055
41.2750330215
0.0
75.2308230391
30.0606170157
0.203745000106
30.3618660158
76.0614170396
4.32530400225
80.680521042
0.0
369.096355192
101.298135053
4.97502400259
19.9718290104
76.2730230398
0.221538000116
389.260099203
232.811073121
45.3165390236
244.779854127
6.08081300317
100.153458052
280.368863146
3.59119500187
6.79026300352
32.4248860169
155.683460081
0.0
1.58756800083
0.0
25.5057530133
3.46916200181
0.0
0.0
2038.19348206
275.533739143
31.5714070165
0.44337400023
343.390857179
328.719096171
0.0
36.1352940188
725.769654378
0.0
160.139206083
12.5297440065
222.924402116
222.446036116
1.64912800086
1.99419200104
27.2332200142
15.1809330079
18.4456750096
60.2504980314
0.0
10.0097640052
1.56548800082
0.0
129.592877067
5.73858000299
0.0
1.18749200062
16.5144800086
0.815758000424
840.678118438
82.9739970432
64.6127810336
330.971591172
290.372024151
1.84221400096
3.71884200194
22.3845780117
23.091072012
40.4615930211
6.56997100342
615.711663321
0.0
0.0
7.13141700371
0.0
2.29039400119
0.0
621.907876324
18.3744160096
1.50995200079
180.036167094
10.2873520054
14.9470480078
2.65497000138
4.38382700227
1.60547900084
16.8527430088
94.1689530491
1.61761000084
147.490592077
48.8862180254
6.25136700326
3.85881800201
3.63179000189
46.9270880245
0.831032000433
4.6166790024
555.552706289
234.970231122
137.694182072
137.107307072
42.7620450223
0.0
14.1729020074
218.868300114
277.482545145
5.34847000279
0.15420800008
8.90464500465
2.22081400116
95.4443520497
15.1818390079
7.8417820041
65.3890130341
1.32902400069
138.319713072
63.8090430333
3.11664200163
2.52888600132
1.35304700071
548.278893286
17.0608010089
518.18854427
15.8114360082
6.5322160034
2.45372800128
311.686083162
82.4694130429
1.17733100061
30.8984780161
230.86756412
2.47016700129
4.53747000236
18.5612700097
257.529845134
314.507467164
5.10801600266
11.2475720059
618.253393322
3.14580700164
1.46457300076
21.4494290112
266.166371139
0.0
0.0
18.1565670095
5.09684500265
52.3636490272
335.374007175
242.305090126
344.142110179
96.6971300503
1.21415800063
736.142271384
0.462932000243
64.1468600334
1.77258100092
1.49161100078
58.3749190304
0.152323000079
1228.66988864
2.58052200134
363.677885189
201.801852105
255.001719133
15.4675610081
0.071204000037
553.268056288
105.191283055
642.614993335
125.846448066
84.9644510443
378.352203197
43.2634140225
99.7433430518
91.9306510478
205.636828107
397.490617207
12.3647650064
0.0
25.9569200135
7.16262500373
0.146069000076
5.3468160028
175.775812092
454.837110237
0.577475000302
16.6798980087
6.09960300318
1.09356700057
5.5844270029
18.7861970098
18.4568800096
238.909272124
14.9843080078
905.940408473
15.8057860082
4.64972600242
39.2028410204
2.53817700132
3.18861500166
0.508960000265
6.5221170034
132.890664069
14.6138340076
1488.36439278
95.1477360496
817.561603426
1.21502700063
304.337130159
25.6781440134
409.035597213
61.4359510319
1.42318500074
64.4049200334
581.232453303
191.5574881
316.686791165
1.23603200064
540.604269282
72.6684630378
0.957041000498
105.436195055
3.15178800164
482.672265251
0.715854000374
145.281790076
68.7724120359
29.7460640155
0.0
2.47276300129
146.311318076
0.0
1.01939000053
3.0775250016
700.489544365
135.117467071
50.4607940263
87.4778950456
153.77714708
461.402778241
82.0247320428
333.312202174
2150.86771812
174.910607091
0.0
262.189839136
0.721772000375
443.920513231
53.654796028
1269.17620766
237.592388124
12.1791540063
20.3682820106
253.953004132
11.9671940062
181.529800095
11.2343590059
40.7286580212
13.2457850069
0.423402000222
6.64943200346
33.5156560175
0.11538400006
2.73634300143
1.80974800094
20.9791050109
29.2847110152
756.563335394
165.655301086
343.430077179
92.2525010481
1.45906000076
7.32939800381
5.54111900289
0.398583000208
0.576439000301
140.928569073
90.3908640471
2.74199500143
0.0
0.0
3.2441920017
21.108180011
27.5611820144
79.6881750415
14.7306760077
7.54997600392
141.698922074
5.02349400261
423.114138221
612.76322932
691.04575536
596.634076311
470.551696245
770.849191402
448.360010234
770.680257401
949.623794495
3346.11631274
1.48598400077
38.6802330202
357.264925186
27.0519790141
130.232609068
0.0
65.5021670341
41.4508800216
50.0367840261
1.25678400065
153.86847108
983.113093512
2625.99012337
6.7219520035
274.751174143
0.0
182.558792095
36.3206850189
0.235700000123
0.0
17.7709870092
278.518884145
14.0881900073
16.5186860086
299.054407156
26.5394920138
393.111815205
362.960575189
20.1515120105
34.0415670177
0.0
37.6712060195
137.136966071
11.504330006
25.6671950134
26.964900014
15.1809330079
270.853007141
559.815096292
258.973652135
10.8775260057
839.283552437
57.9652170302
10.0574070052
7.16858000374
0.0457980000237
142.664683074
150.612343079
9.87020800515
65.2852960339
285.300987149
9.50786300495
7.06022200367
3.74768600195
0.150577000078
2.4929720013
529.358888276
20.2888540106
1.87103500097
389.769932203
1.96604800102
171.917583089
691.42087736
133.97314907
184.669914096
194.925449102
154.41826308
187.555200098
743.212274387
162.805064085
2.56704400134
39.5415970206
129.432725067
434.299392226
13.434554007
4.25781900222
33.1425650173
1.7236680009
491.902797256
408.103002213
39.7827550208
62.2810570324
425.414419222
10.7702400056
40.7261480212
0.364254000189
7.18798500375
2.78294600145
1.99784700104
110.021835057
147.870054077
5.22027100272
362.093216189
23.019793012
82.1744070429
19.4056090101
691.60260836
161.378667084
1.5419970008
680.033943355
1.24789900065
3.35233400175
1.38177600072
176.126585092
327.280445171
0.0
242.585365126
40.1495750209
582.968360303
12.7612150066
208.582272109
6.88990400358
149.192508078
21.6927250113
34.0310670177
646.685098337
458.432989239
60.3064330313
33.8840980176
3.29031800171
168.316308088
0.292316000152
534.508672279
1.06942400056
132.823344069
477.846144249
2.95022200154
11.6159880061
684.634237357
60.9013760317
5.17920300271
18.0488220094
638.347673333
285.099620148
1.25622100065
298.300989155
41.9624990218
521.363372272
397.404115207
374.484919195
18.0973080094
497.459918259
0.0
39.2816470205
62.9587080328
5.77144600301
126.036245066
6.64173900347
42.8307150223
322.573209168
261.624111136
18.1049230094
287.38681215
1.1438120006
59.6526310312
90.0891620468
333.570519174
78.2068790408
0.0
400.894415209
8.18413200427
644.203337336
2.34864900122
19.22534101
88.8487930463
78.3982400408
0.0
1.82317300095
1549.77442081
619.419483323
83.1283020433
0.0
121.271752063
134.30668707
0.0
0.0
19.7941520103
14.5365210076
16.0019940083
0.0
0.0
3.59982400188
60.2049280315
266.477716139
1.97081200103
569.233899296
395.968691206
121.794045063
462.567086241
375.693510196
54.7978210286
2.40449100125
19.5136900102
2.38173100124
1.36678900071
0.0
0.0
17.6747110092
0.0
2.62494600137
47.4496570247
43.0532980224
185.952437097
13.9575820073
72.1933380376
108.188911057
2.24849900117
35.3019230184
32.9388410172
4.11457200214
7.69046000401
236.447504123
1.50398800078
281.524864147
24.5048000128
44.3245780232
0.636040000332
108.222868056
3.92124100204
2.58892400135
531.923375277
5.54757700289
19.09904401
6.77394900353
7.24330500377
0.0
0.0
109.722044057
11.499627006
548.403539286
0.110197000057
19.5569910102
438.858699229
880.022312459
37.6343610196
20.1179550105
8.04766400418
0.0
18.3490810096
1.11910900058
0.0
77.2001870401
12.8539820067
77.8518280404
32.598819017
70.0583330365
40.8793370213
16.9489760088
78.1910820408
25.7148840134
8.70586000454
113.727846059
17.7068730092
53.9169690281
158.248425082
12.0863410063
20.4920190107
2.25114700117
5.12379100266
14.7006570077
20.4155110106
51.3875940268
127.336953066
1.50511900078
64.3985810335
34.1516230178
29.4890340154
550.408488287
9.83692300511
32.2363500168
295.374597154
187.146087098
54.4572880284
3.80148600197
15.1976130079
8.50159000443
3.56808500186
2.07524600108
123.883068065
13.464784007
61.1624330319
0.0
959.6244625
38.8912390203
264.952744138
3.25116400169
71.0790400369
251.898542131
301.672940157
0.0
5.72078000298
11.6779980061
6.16484300321
2.62438900137
3.87993500202
24.942850013
15.9269280083
21.5264040112
0.429890000225
4.41730500231
4.19537200219
31.1270370162
20.8982780109
95.9412290499
1.81961700095
0.865295000452
36.8504260192
6.62369500345
1.79913600094
50.7066030264
17.9695720093
90.7697670474
13.399702007
537.86449728
264.844740138
67.6332120352
460.56934424
1.41112100074
533.796375278
33.0952080172
0.821548000427
57.1920740299
222.404193116
65.4411580341
57.42059303
45.9107120239
163.862336085
2.10020200109
23.4030290122
0.254876000133
1406.03602073
2.77836800145
726.364203378
372.134921194
60.6882060316
21.9092880114
404.445101211
1.77909700093
103.690606054
368.128923192
1.56269100081
20.0920540105
5.88195000306
0.261741000136
262.618688137
80.8228500422
1.21624600063
0.0
934.108594486
145.368097076
91.1334610475
0.643638000334
5.05483500265
102.109870053
33.0842170172
433.207973226
123.589877065
17.7578660092
7.06793600368
24.0023760125
2.99034600156
213.168034111
8.60220000448
20.4166950106
120.556743063
434.460561227
307.39099016
0.0
100.183372052
0.0
7.22766400378
1.33283200069
0.0
39.5519740206
189.478666099
41.6041770217
0.0
44.3180520231
0.0
0.856889000446
2.95725600154
230.05107412
27.2136480142
92.7485870483
27.7612870145
243.578763127
56.4433990294
0.960448000499
51.870975027
56.2966870295
81.4401950425
0.507775000264
466.755261243
310.329425162
18.2709450095
12.2836290064
184.184251096
54.7260150284
79.5436180414
10.9184160057
1.33366100069
0.934680000487
907.523253473
4.91842400256
21.3015100111
395.225120206
33.6094590175
1.69380500088
12.1442020063
25.6125850134
0.0
74.0684990386
293.520337153
2.15240900112
38.9779240203
0.493701000258
64.0069240334
199.305976104
74.5832960389
36.3539000189
22.5678660117
2.25913100118
587.904009306
54.1037290282
853.359215444
59.707750031
0.395012000206
0.0
25.3803630132
82.8261330432
0.870134000452
0.15420800008
3.21896300168
1.32727900069
122.309366064
0.181120000094
117.484372061
18.0141650094
7.00012100364
2.34964000122
541.255545282
4.75479200249
821.670480428
482.858510251
1278.94225767
9.48546800494
0.0
112.176722059
30.2726920158
31.7378380165
124.187696065
520.133775271
1.25194000065
418.295302218
0.0
6.12473000319
75.9132090395
138.720111072
10.3327490054
184.610985096
886.721601462
19.10397501
26.839157014
20.0971970105
4.79475600251
158.272108083
9.53303000495
568.561117296
36.450657019
69.255919036
38.4504210201
5.5699410029
17.3758830091
2.59782600135
349.666463182
2.80029200146
0.0
0.644034000334
280.480137146
95.1855240495
0.324089000168
2.64486600138
1.38202700072
62.3815410325
96.8776460505
41.2018880216
2.2962600012
0.150323000078
15.6358070082
8.67542400452
65.3770670341
39.2630130204
12.0759470063
4.76495700248
1.70200900089
0.0
1.39924600073
71.132942037
1.56269100081
380.745694199
39.6461750206
8.43795400439
1.36381200071
1.48222000077
0.589953000308
0.850874000442
217.298352113
1.5424310008
146.381942076
15.4917840081
17.297754009
484.655013253
2.74457900143
51.6798810269
1.93298200101
0.0
441.86009123
73.4726630383
444.227584231
0.147307000077
38.0066610198
1.79913600094
91.9623190479
674.775038352
5.63503500294
13.1329460068
42.267393022
11.550758006
6.06655000316
28.2466540147
210.45354111
4.24427200221
351.981293183
2.43944400127
0.80840600042
7.34620000382
13.1003390068
1.64751400086
40.5104190212
4.38581700228
7.78058300406
0.0
5.40992000282
0.0
1.93114300101
9.03817500472
292.444518152
102.835253054
16.5373210086
238.786064124
790.713901412
181.157941094
129.845927068
14.9333040078
2.83363400148
11.0955530058
476.921606248
212.487799111
74.9609360391
222.557192116
569.797368297
0.0
0.0730630000381
478.93760725
343.881059179
56.4557780294
7.46820600389
26.2615470137
0.0
6.09637500318
17.9676060094
0.91992100048
5.44872000285
24.6035520128
214.799999112
249.07609513
258.202994135
125.043676065
3.48294400181
465.274775242
15.9147290083
0.0
0.0
0.0
66.1714090345
0.251453000131
445.214686232
726.771438379
2377.30012224
33.8197420176
613.14363032
106.671996056
33.9869940177
56.7682700296
310.668016162
127.086893066
69.166591036
26.4301670137
13.365670007
4.49721900234
28.0470410146
0.0
0.0605670000316
2.54839900133
2047.53840507
18.7188420098
11.2324410059
0.0
284.025096148
11.423600006
7.44579100388
31.6942490165
261.811618136
7.21750200376
427.640129223
285.638939149
479.15268825
2.90226900151
5.16027500269
37.3022780194
1.39290600073
0.0
3.847447002
1295.37031667
15.468496008
139.428115073
0.612266000319
13.1722460069
334.412675174
72.882049038
4.58678400239
15.355465008
151.137425079
3.40532600178
193.442641101
6.26091300326
262.788072137
0.0
0.97632400051
175.596006091
8.0517900042
289.641823151
3.67089200192
1270.50545366
178.832653093
516.189637269
8.52994600446
0.0
0.844903000441
14.1809230074
61.6949430322
99.899178052
2.03531200106
14.3405500075
21.5203200112
5.45296000284
164.759151086
200.338830104
38.0323810198
200.097749104
1.58854800083
98.205880051
1444.05622175
0.0
65.4435570341
0.873448000455
37.1141120194
17.1064840089
4.06099400211
467.696793244
125.569444066
33.5461980175
116.341288061
4.40161000229
439.595165229
20.8205040108
40.350079021
9.71487700506
5.02375500262
2793.85475546
0.0
2.07499700108
1.31723600069
1.57963700082
5.43799200283
191.5055941
28.3037640148
0.0
31.8047680166
0.0
0.505621000263
0.0
0.0
0.0
71.5638760372
0.409341000212
55.2620080288
8.87962500461
0.0
62.2063540324
0.0
0.657239000343
1.41299400074
241.236490126
1.07440400056
134.34947007
11.7373810061
29.8716460156
0.0
1.38532400072
613.255632319
188.790385098
286.656953149
2.69997700141
107.018147056
1410.76440174
48.6854190253
209.454290109
77.4334030403
258.446142135
32.0239330167
307.857853161
8.04033400418
2.51364800131
311.878790162
3.18637200166
1.20243500063
17.4171930091
97.5433290507
186.927529097
0.0
3.66224800191
2.20665800115
0.0
454.774325237
133.71416807
58.3154340304
0.0
19.7751140103
22.3047210116
6.42930400335
77.9659460406
1079.87116756
70.6269640368
22.1678630115
26.3302110137
37.0352160193
101.706525053
1.80795200094
1.1573360006
4.00507700208
129.637423068
1.61761000084
4.19537200219
38.1301450199
0.361949000189
14.2582960074
465.813073243
81.0310310422
64.8205160337
382.6958722
63.7391420333
661.033913345
38.33133502
63.8281060333
110.005948057
183.524622096
3.53241100184
5.16636000268
148.744646078
0.0
122.184811064
9.2419340048
1.84499200096
0.0
193.923140101
34.9031140182
5.02413500262
46.4720180242
11.1833930058
764.420873398
120.453692063
8.64730700449
1.84360200096
293.419331153
421.73089222
92.5084670482
3.93457200205
20.7179400108
95.0049740494
394.973586206
323.362955168
2.83599500148
2.98942700156
120.092124063
1.925300001
0.0
706.914045368
583.405901304
369.795628193
244.817533127
115.86871406
0.0
24.0947920125
1.86083300097
17.4639600091
8.68945200453
197.910574103
72.2930110377
0.0
20.8954900109
10.7481810056
341.540043178
40.8258840213
92.2535810479
22.8814980119
5.13195800268
29.3560320153
0.0
244.369299127
29.3664030153
74.3486330388
23.4269540122
1023.37016253
230.25112112
20.0203000104
32.0020010167
330.862756172
404.646083211
1.5436180008
2.08267200109
55.697775029
6.61504600344
143.484258075
16.4550440086
27.9295580146
3.11857700163
629.420736328
4.71010600247
2.24257600117
0.0908520000473
170.997322089
3.4503940018
18.5486900097
25.6875740134
28.5277610149
350.224339183
1.7236680009
67.9468890353
7.64303000398
12.6403190066
14.9397520078
29.2214680152
24.3238930127
0.0
4.37693900228
396.055056207
18.7086190098
301.507233157
2212.75346915
473.628028247
9.93279700517
264.066049137
3.2515390017
371.658818194
2.90685600151
2.05066600107
269.43768214
215.727837112
162.347502085
2.93046500153
70.0139910365
484.931640253
454.992629237
537.73319628
503.242434262
138.897197072
455.696744238
92.113225048
302.501295157
248.482723129
0.0
0.0
1.09650900057
6.19596500322
265.479409138
3.42007600179
67.7084220353
102.949718054
986.441790514
7.69459300402
74.3284750386
1.61504700084
120.009368063
95.81177605
198.025312103
5.71029800298
0.696453000364
1.91038600099
161.752584084
425.617970222
0.0
58.6717720305
91.1587790474
0.228645000119
90.4354500473
21.8203090114
8.69140200453
1.86328400097
3.67003800191
51.3750440268
6.03933600315
50.3412520262
6.06145100316
8.84001500459
12.6036580066
1.69393300088
1406.16972373
852.194241444
14.6128390076
3.56987700186
24.6093650128
128.850243067
132.310305069
140.727452073
47.987972025
80.5079890418
0.0
58.0678160302
614.944953321
0.0
0.0
238.517883124
27.7000760144
31.8834220166
71.8692820374
52.1855010272
97.1778750506
18.2864460095
284.083805148
19.5706480102
0.0
103.982864054
2.27666000119
0.833324000436
0.614079000321
68.7556800358
0.966998000503
488.935527255
4.16455400217
0.0
22.9008630119
30.1299600157
237.291911123
0.0
474.728942247
5.47803800287
60.4462240315
439.953015229
37.5416100196
42.7404010223
60.3800920315
0.412872000214
7.39719500385
377.779082197
11.6730920061
29.2753640152
2.21423600116
34.3421460179
249.74867213
45.5501020236
17.8199130093
96.3747610502
267.603891139
6.46716400336
35.9819230188
5.64044000294
17.4961150091
0.579713000301
10.5376430055
0.0
120.602957063
1.59183800083
1.68368800088
7.97592200414
3.36822200176
95.0402020496
16.8381800088
1.82160300095
92.6507100482
62.7290720325
1.43164600074
0.0
97.768266051
21.6130870113
1.7370130009
53.9078730281
205.632621107
169.602198089
74.7137460389
65.4232870341
2.36984500123
243.212652127
211.65154811
61.468209032
0.0
149.458517078
0.0487820000253
33.3991780175
28.0570040146
337.979999176
191.4376501
28.0847050146
85.0754640443
2.47016700129
4.18993000218
278.280795145
22.0534240115
25.2176920131
158.005857082
130.623280068
79.3457700413
8.8346130046
72.917433038
17.0940920089
520.537341271
26.5429090138
23.7333170124
78.2787680407
0.0
38.9489980203
94.6543110494
206.960427108
336.112441175
112.601431059
22.3851390117
0.0614330000319
28.3478600148
385.612424201
386.661611202
13.2660120069
17.216762009
245.648060128
1232.14237364
27.5214980144
14.0626550073
22.2271430116
214.698910112
65.1170030341
4.74955300247
47.7511660249
6.87152500359
2.47458400129
15.1809330079
220.568068115
91.5168180476
0.608045000316
209.261536109
0.783279000408
1.31229200068
72.749457038
71.034687037
510.925834266
531.781960277
14.9173290078
0.0
1.1584910006
657.562967342
2.20570300115
2.4931810013
8.45668100442
0.43976200023
48.042257025
418.821877218
563.915250294
617.535892322
31.5270250164
0.105197000055
9.54032500497
94.7087210492
685.339934357
2.94814700153
677.270377353
2.31679300121
151.090907079
168.874350088
0.0
17.242528009
4.2253760022
83.1015460433
0.447136000234
15.0322620078
160.758518084
60.7420710316
0.0
2.8827040015
98.6414360514
82.725441043
22.2124990116
58.3966060304
12.1490760063
2.86314800149
601.271556313
0.241300000126
2.8804810015
14.1782470074
549.301209286
1.29194300067
205.722347107
0.523631000272
78.2092200407
1.05088900055
4.37314500227
615.934975321
0.830837000434
62.8129400328
72.3418970377
30.649626016
8.08404800421
31.6466370165
1.07173400056
1.5445290008
150.607975078
14.2480050074
1.74709000091
60.3141820314
1007.08725852
3.90797300204
52.1523440272
0.707829000368
5.59792600293
5.43724400283
91.0314910475
117.736008061
258.149995135
1.40243700073
15.4917840081
680.777457355
111.399228058
1.76682300092
0.61573800032
0.0
71.2033220371
0.0
5.79032200303
3.18727000167
12.3834280065
16.8179470088
48.7311790254
401.715573209
27.1959670142
1.80132300094
23.2540700121
832.860445434
0.749978000391
260.749756136
3.50559800183
1.50906200079
232.250305121
17.5136260091
151.097614079
206.550673108
1.88067200098
10.3946640054
62.4152450325
168.300308088
634.506509331
64.9335260338
101.024104053
398.899870208
3.88588400203
2.28331500119
7.678241004
574.239789299
175.772526092
1.17179600061
447.920465233
0.0
3.09567000161
41.3009360215
0.0
1048.16571855
212.876593111
2.50678700131
252.766489132
415.577119216
419.388690219
107.027671056
133.85394107
117.890131062
810.728185422
0.0
276.214263144
23.062763012
606.171292316
125.612882065
55.9569270292
106.702505055
155.065741081
1.46106600076
24.2263730126
89.1376400465
17.271141009
155.750494081
5.79757500303
27.2141780142
53.4566640279
0.528013000275
0.0
366.963193191
133.95408107
0.209262000109
259.971801136
38.30923402
66.8585640348
12.1572790063
1.7324060009
127.423540067
0.236749000123
87.7755620457
5.12055700267
162.759974085
18.1096490094
0.0
2.84749400148
1.89625100099
67.9917910354
6.19938100323
1.03351800054
2.99638100156
21.8825840114
149.222332078
6.21092300325
133.93172007
17.4820020091
0.0
24.6979760129
294.343286153
144.353416075
2.57745700134
16.8856770088
339.689492177
20.6743810107
357.466388186
405.573346211
82.9907550432
1.64105400085
376.662719196
388.176723202
15.304163008
158.560739083
0.0
570.825746297
33.4557780174
453.789724236
588.568725307
306.35763616
8.37210900436
0.0
18.5677320097
26.943561014
164.464396086
80.8625580421
0.0
0.0
0.278982000145
37.9788520198
5.33172300278
123.314419064
671.11787535
333.423244174
167.700278087
366.740706191
237.125485123
1.3397930007
54.4308710284
71.000853037
419.838707219
119.311099062
168.916781088
955.996349498
1.31637500069
39.0698720204
9.48183700493
123.909892065
68.0040610355
16.5715560086
156.092982081
566.748371295
1.45368400076
218.640055114
39.3401690205
4.42231700231
260.598381136
0.0
314.116317164
54.0970730282
191.5314191
1060.22537755
0.198593000103
0.527786000275
0.308336000161
2.43412200127
4.91493100257
62.6111060326
352.244576184
99.7504670519
16.4550440086
2.5003820013
0.0
0.0
1830.24970795
0.22984200012
309.214436161
841.203637438
12.7146070066
18.3923170096
2.43587100127
142.302691074
0.0
16.5424400086
6.49394300339
40.9661320212
0.15346100008
628.711437328
82.9523740432
277.786254145
1.26093600066
18.8245210098
32.2247910169
545.186434284
2.72378600142
0.737495000385
3.12159800163
141.113016074
42.9005330224
8.37627500436
270.870933141
85.1865290444
2.81649300146
182.107998095
736.369161383
2122.51400611
0.967054000503
3816.51452699
324.527391169
7.63710600397
13.9163500073
1.37295500072
0.0
151.708697079
206.840798108
23.2592030121
0.0
33.9893070177
317.358231165
14.8163240077
10.3887060054
149.332864078
149.542754078
1.67153900087
229.009911119
2.27610800119
0.176150000092
8.32216100435
4.25559600223
46.096755024
117.050147061
1.74782900091
49.982158026
39.1032800204
34.7988750181
145.331554076
60.0002070313
45.0974070235
0.482120000251
164.829703086
30.3038230158
41.7305450217
634.28836433
7.60175300397
12.6939130066
16.7161490087
14.9173290078
42.5637150222
0.0
0.768126000402
2.70333300141
77.6312750405
0.0
182.740390095
0.146069000076
1295.28256468
330.719029172
39.6963830207
0.0
1.05642900055
52.2418140272
69.7603310363
28.5757300149
10.7447980056
4.0309340021
1.51060200079
1.38908200073
152.39858608
14.5357810076
4.81665800251
375.891095196
40.5228050211
293.488865153
219.851997114
44.8274200234
20.5620510107
17.9250970093
51.777179027
319.516419166
0.0
1.59040500083
16.8988130088
62.7120500327
133.426964069
11.562017006
3.51308700183
571.949488298
102.214901053
190.493668099
162.231634084
111.329408058
65.5855640342
89.1761790465
18.5388650097
9.69720200506
1.47368700077
80.3436060419
2.51495500131
24.7655370129
99.9487610521
106.032726055
1.90488500099
334.267043174
1.94496300101
18.3166570096
409.747195213
3.6404940019
0.0
122.793838064
4.33130400226
12.8090790067
241.562045126
421.25454422
5.68625200297
440.38136323
214.259511112
486.482683254
1219.04860064
231.858475121
1.25554000066
30.611792016
435.521622227
54.0443680282
1.00300600052
1444.23670275
2.91626300152
890.654842464
31.4387210164
0.559635000292
5.29016700275
1.37380000071
3.55945600185
2.09970700109
229.60726612
597.198828311
649.020236338
1.12429900058
3.848099002
381.345762198
261.342140136
497.831803259
118.039964061
156.696215082
99.1559810517
4.02910100211
170.173805089
1.52038200079
176.386266092
394.829953206
7.55646700395
0.678609000354
0.486356000253
319.894496167
6.12152100319
3.14404500164
2.61262400136
0.0
5.29919200276
1.5412190008
1.56835600082
101.573661053
46.9637280244
0.0
1.03705300054
3.13775500163
290.083984151
91.0386930473
3.42656800179
0.673933000351
21.128577011
327.24384717
0.464442000241
9.38319100489
17.9411010093
16.3579460085
2.25508900118
3.53054000184
57.0006860297
115.86126606
93.3730620486
10.4503330054
111.969407058
2.98694600156
0.0
0.0
49.5400890259
0.0
375.981680196
122.068471064
123.025845064
250.04721713
995.853390519
1.41299400074
608.877880317
0.187309000098
146.098928076
482.897394251
326.53858917
74.3894950388
0.0
122.381679064
88.5828450462
1.86467600097
137.351225072
58.6022350305
2.83449200148
2.01713000105
25.016286013
1.74367700091
8.31057300431
130.999606068
0.580286000303
8.0870510042
53.0475140276
151.735520079
23.5756480123
2.58743100135
166.023097087
159.444973083
45.1143370235
381.984998199
1610.83867284
10.4389070054
1.21495600063
40.6783070212
193.279338101
363.583184189
821.518857428
604.460143315
551.724040287
40.7009760212
1.96150000102
43.2075170225
440.60634323
134.15167307
135.753479071
715.544995373
0.0
0.241865000126
3.43660300178
8.62401200449
23.014070012
2.14772600112
3.08391400161
23.4856250123
554.469808289
165.022072086
46.8182780244
57.2808660299
276.637751144
556.27369529
2.54636800133
368.816879192
39.5685470206
96.1106940501
0.212421000111
1669.28858887
643.889533336
0.350998000184
542.259745283
665.729295347
2.83874900148
0.0
1.21379400063
22.1203610115
1.21702900063
22.8530740119
170.559226089
0.703353000367
3.53338000184
4.44812100232
6.3388980033
557.22906229
1.78081900093
26.7671690139
86.8889630454
8.79902900458
1.20029400063
5.60065200292
77.1162940402
187.733378098
38.9139050202
1.97175300103
57.7467050301
1.42845100074
205.413389107
1.95260400102
46.9134190245
9.94487600517
4.27576200222
16.3190570085
1.42845100074
14.0502970073
5.82845700304
36.1789020188
6.37893100332
77.3744370403
1.46644600077
20.4494410106
3.2547250017
432.554517225
392.738157205
679.410436354
21.161953011
585.234787305
203.931587106
103.203847054
166.199957087
157.896832082
1.79387400094
532.224034277
250.20252613
0.0
20.0281440104
1.04774100055
4.41486000229
2.01263500105
103.480752054
133.99688807
438.254166228
3.03725900157
105.186387055
44.5473130232
54.6910570284
21.9836510115
453.368052236
1.60773500084
588.463873307
9.87193700515
1.1578450006
233.002287121
69.7779890363
257.028431134
547.999040286
1701.23412089
2122.44766811
55.734118029
0.0
8.73470000455
409.689589214
152.46452608
0.0
55.9254300291
4.12208200215
253.736662132
0.807580000422
448.762322234
446.762442233
138.831417072
0.176150000092
3.69698400192
29.9486730156
4.34788900227
75.1905410392
7.54258500393
583.266946304
75.5657220393
2.07613500108
196.000012102
3.22746700167
5.51684500288
14.8291900077
158.187963082
2.21246900115
6.06055800315
338.979682177
77.4359480403
77.0143920401
165.866320087
1.30836700068
588.006569307
45.1784040235
10.0400030052
1.32047700069
8.77876300458
251.291289131
490.978546256
3.4494550018
112.405128059
4.49164100234
1.44114600075
155.097299081
1.93183100101
50.6357460264
234.334812122
26.1728610136
183.320000095
483.936101252
6.75893900352
1.25678400065
0.0
1.74588800091
130.558856068
43.4412550226
13.1788050069
2.31155800121
21.2290310111
354.960345185
128.099617067
6.34506600331
5.5559280029
333.226387174
796.692839415
16.4681020086
4.07894600213
72.3440300377
831.883011434
16.6599990087
0.0
5.1745850027
5.73832500298
3.31374800172
2098.12577609
37.4194150195
9.590074005
171.058150089
640.742373334
20.9847060109
27.2876740142
2.37159500123
8.94856500466
122.570805064
0.0
228.065061119
0.0
875.161837456
2.83369200148
25.025590013
0.0
235.208513122
632.68269233
498.76796226
0.797188000416
0.415180000216
10.0019970052
2.44956700128
1.42492400074
23.007318012
349.178380182
909.233643474
1.30266900068
922.990303481
101.920047053
44.110123023
128.614070067
464.742836242
520.029441271
0.0
70.2781140365
163.672997085
3.42198800178
0.0
118.854812062
15.4965490081
3.57836800187
216.762225113
39.8015640207
110.740206058
77.6977990405
29.5526100154
2.81109200147
50.8126630265
10.6550250056
5.00318500259
552.076480288
1034.43837654
9.4155590049
3.82738400198
47.7822670249
592.105932308
102.878072053
576.5273143
117.230534061
445.150052232
65.8103680343
133.78332807
106.524385056
584.050895304
222.386778116
7.17489400374
374.649025195
27.8271750145
115.18509706
76.4022670398
43.2684990225
513.060795267
9.36216300488
60.5983320316
50.8469280265
422.06496322
178.191011093
196.180255102
89.9128560469
12.2318450064
0.937737000488
238.674189124
154.720895081
3.92426000204
286.983130149
35.9522450188
4.13093900214
9.2190130048
83.3000290434
7.00355600365
535.068537279
29.4111340153
148.996424078
19.4249230101
32.656425017
434.469137226
4.59392100239
56.4304800293
7.30876300382
399.606588208
2.60453800136
702.065472366
72.6370400379
85.2944700444
5.92501600309
24.1066400126
30.0491410157
9.68923900505
25.8351640134
56.0084870292
3.85371200202
1.3398170007
97.5122760507
3.20902100167
83.3282540434
155.838615081
0.741970000388
269.751227141
413.557003216
34.9741870182
451.204806235
20.6789670108
85.1635230444
51.6822360269
198.403695103
1.94801000101
307.88234216
348.769685182
0.236977000123
0.0
88.6492910462
12.7411250067
2.47494700129
21.4984930112
15.1809330079
210.138919109
87.9153010458
165.696015086
583.697510304
432.848821225
6.01693800315
407.711965212
1.32642000069
1.62804100085
250.05878413
8.66786700449
0.508462000264
2.51760500131
699.578909364
4.11498800214
0.740863000386
1.55085000081
2.03044500106
43.3180290226
0.468738000245
16.4013690085
2.37976700124
252.680881132
0.637669000331
3.73680100194
11.446303006
1.43582000075
7.68952900401
44.4569530231
3.91201900203
115.23883606
137.048617071
119.338955062
15.5655920081
14.0318950073
173.29779509
45.959735024
480.72721125
47.3285770247
13.6086210071
21.3752980111
16.6994950087
561.617581293
10.5139710055
5.19936300271
0.0
0.147307000077
47.7570390249
13.347890007
27.1284100141
202.241477105
122.066379064
10.5480040055
18.9111710098
37.9524910199
173.800678091
57.83999903
87.5869760458
165.399685086
64.0060910333
81.1847680422
33.5076130175
59.0991920309
552.640410288
0.871376000453
1.36678900071
143.397778075
0.0
181.526992095
116.03831406
139.042911072
48.7842380254
813.795311424
449.332646234
16.9150660088
28.6929680149
538.638855281
0.553455000289
12.5296200066
258.372731135
4.56024500238
50.8509780266
19.7076440103
0.576439000301
0.0
59.8752360312
0.110197000057
0.0
0.0
75.9181220394
67.0648610349
532.822026277
19.0259610099
0.0
871.490562454
0.0
92.3614110481
3.46667200181
1.58428200083
1.90279800099
548.826210286
1.49471700078
82.491169043
18.1338820094
490.741404256
551.068592287
55.3144170288
64.8119120336
54.3719730283
1.27529200066
299.580225156
158.821034083
248.68417913
0.0
1.23131600064
15.7941160082
1.22062100064
0.0
190.879931099
60.4081070315
2.04647500107
2.82126500147
38.36200602
5.84349300304
3.01231600157
665.898807347
27.9205990146
280.757395146
49.1314730256
270.058813141
199.352224104
39.9316870208
0.428424000224
7.01648100366
23.099237012
1.16707700061
221.604866116
2.01169800105
5.48337700286
2589.61602835
12.9906940068
3.71519200193
54.7158170285
0.0
0.0592800000309
16.7669860087
0.0
16.0550470083
120.064676063
116.18051306
128.988416067
59.557838031
62.2927480325
0.736428000383
155.996517081
1.98303100103
600.508685313
239.783450125
1.7236680009
0.0
99.0275170515
68.7934860359
108.444896057
59.2399980309
86.2248040449
7.701024004
36.1525980189
388.064864202
121.209967063
7.65050500398
695.580117362
717.656064374
849.156199442
1.00857300053
1.88543800098
2.51661700131
1.10189200058
62.9408510327
107.136415056
0.219434000114
31.7963300165
1396.16533073
160.473915084
69.6961440363
214.507181112
0.359434000186
91.3361400477
50.8066460265
0.0
1.83096600095
67.3415300351
149.419698078
31.5460200164
15.8446880083
157.554409082
202.745712106
78.611809041
11.7574990062
51.3327040268
20.0150380104
0.0
223.589377116
294.696846154
2.42926600126
8.38579400436
33.0099660172
1.67529300087
741.680012386
268.38878614
57.2178370298
14.4534450075
125.249955065
0.0
6.36404700332
31.6163540165
4.42424800231
255.150012133
2.83904200148
509.403302266
10.4370350054
0.0
182.345320095
84.5378450442
54.0291970282
1.11958600058
72.778394038
68.7207350358
3.6457330019
0.0
19.7112880103
3.03259800158
34.7321120181
286.96365415
0.165273000086
84.4242880438
3.2727120017
0.908127000474
288.23163615
1.10954700058
331.954461173
118.185194062
0.0
84.3238550438
18.5546030097
5.00743800261
14.8035300077
987.753768515
97.0988350507
20.0074430104
412.487324215
119.573771062
17.7636600093
355.421009185
19.3322680101
20.9419710109
2097.89325409
566.138494295
43.5537110226
5.1801380027
374.020983195
258.623227135
15.2400070079
6.72203400351
72.8446140381
0.122062000064
440.91957223
47.6196510248
895.878220467
30.675395016
15.6480640081
11.7576710061
224.079445117
439.609267229
0.0
1.52203000079
3149.82667764
375.815236196
85.5775750446
3.91004100203
2.27427300118
1.3475140007
524.597826273
166.949970087
11.1589230058
104.408412055
2.67272800139
37.4505210195
224.389697117
7.68641900401
12.8356510067
46.7939300244
0.0
682.239556354
4.09975900214
666.677683347
1.32621300069
11.7561540061
410.253097214
164.839306086
428.533768223
0.0
131.450795068
24.0994410126
4.68758700244
75.5578840392
75.8528400395
196.646559102
396.433160207
0.0
19.9387420104
2.76302100144
32.4311320169
1.48920200078
0.905633000471
85.5958170446
3.87139100202
212.716842111
29.3581070153
0.364267000189
42.5247030221
1.39682700073
3.89704000202
70.4281940368
0.0
52.6375410274
5.62776100293
49.0088890255
1.20601200063
1633.26131185
611.010627318
10.9684040057
1.97395300103
96.9733910506
44.7149880233
301.224256157
36.6756390191
63.9650760333
2.15228400112
7.23210900376
4.88280700255
8.35105600435
221.320785115
7.73684300402
23.055726012
106.529330055
24.6281550128
23.8464180124
156.572668082
0.0
0.534996000278
21.7115330113
0.0
3.34611000174
620.677232324
0.0
720.400175376
213.584191111
501.282624261
52.7024340275
317.907095166
3.53741900184
0.113362000059
2.43536600127
396.902630207
225.182340117
23.9398580125
1.49226600078
552.065954288
1.27272800066
35.7031360186
73.2904510382
4.58782000239
43.3195270226
29.3945380153
231.533236121
0.88516600046
143.227812075
97.955989051
74.714955039
1.23715400064
65.3802780341
1.59832700083
28.4742020149
208.139191108
23.4752450122
53.811396028
8.55737500446
3.78226600197
164.567556086
0.0
1.24789900065
138.391112072
11.502166006
7.45132800388
20.9639460109
651.77913134
46.5108040242
43.5537110226
154.958055081
690.39279036
9.66072900503
157.625661082
6.3384530033
0.0
3.61421600188
0.751001000392
9.67881300503
125.311991065
7.36227000384
55.816219029
2.05501200107
175.018016091
1.61097700084
251.537566131
469.652829245
4436.11625431
17.1030330089
440.202884229
15.6837910082
163.689185085
2.15784000112
1.62814500085
36.8505550192
483.532437252
588.581264306
310.055146161
887.572878463
8.71349900455
15.5015100081
45.3970340236
31.6689820165
7.55267500394
87.2467770455
0.0614330000319
9.97125500519
1.60063500083
90.8411600473
14.2531590074
16.2119090084
28.2697240147
24.7705400129
18.0807070094
5.3393120028
7.1306150037
6.15463100321
131.954244069
164.536448086
2.8806250015
1.99560300104
1.36054900071
16.6349110087
59.0475230308
121.416750063
31.6456700165
406.030732211
0.0
25.7753060134
68.3812060357
691.57663436
1.22377600064
791.851228413
0.0
0.0
21.4350050112
70.753803037
1.13464200059
0.0
412.094405215
48.9343380255
54.3241180282
8.34567800435
1.47154000077
4.10442700214
219.427123114
59.7913850312
139.979349073
201.883189105
125.056212065
39.3452650205
1.45103500076
77.9835560406
188.270288098
27.6510320144
59.437283031
317.686060165
1.44114600075
35.8621470187
0.138586000072
3.68012300192
61.0945900317
9.14250100476
164.521365086
0.0
17.8929190093
1.39008100073
1.89706600099
21.014436011
1.13892900059
0.0
188.823507099
2.99818300156
0.0
44.206446023
89.8085420467
1012.97356253
0.0
83.6827880437
38.5857960201
0.0
26.972349014
0.856745000446
651.91800034
16.4497820086
380.486799198
27.0477320141
79.9239150418
481.703812251
80.1070200418
67.8151670354
87.3524490454
176.555656092
5.00209500261
1.5365140008
33.3332480174
173.58202009
124.243670065
137.323300071
1.62430100084
41.2750750215
579.799743302
707.939949369
961.3320875
1.60319100084
117.607853061
51.3580980268
45.1993100236
56.1359140292
6.35028300331
1.5352230008
47.2344180246
357.958438187
6.5505340034
3.67798600192
103.876154054
145.143367076
245.610760128
0.943528000492
14.5099280076
15.1809330079
5.35280600279
14.9630940078
0.903293000471
4.40399100229
0.0
443.195106231
369.951780193
15.8781270083
43.7139680228
108.187693056
0.945826000493
0.0
1063.82524755
22.6308250118
2.92170800152
6.04573200314
35.6508030186
16.4198120086
101.806854053
11.8863860062
2.03031800106
1851.21738196
2.58610800135
10.1254250053
18.2093780095
156.200430081
8.78460900458
19.6650630102
0.0
2.71586500142
248.75924613
1.49770800078
12.5459830065
297.632208155
5.03258700262
16.4890150086
150.700697079
85.3862270446
0.0
151.337750079
0.972849000506
0.0
421.45235122
0.0
49.969085026
22.3727690117
32.0252960167
27.6137400144
23.2605500121
6.3126920033
150.574382078
1.37679500072
1417.67571974
365.40633919
6.72827800351
1.07323900056
1.33300900069
4.23515100221
233.133484121
95.1636930495
0.0
65.7827540343
491.768731256
0.829594000432
2.52734300132
26.887291014
159.826646083
5.29904200276
1.07338800056
1.7298400009
224.232480117
0.0
0.0
83.5170120434
40.321023021
1.95338400102
11.6779980061
5.30258500276
76.84454904
174.460829091
18.0092230094
68.0621500356
0.0
267.85597314
1.94875600101
461.423013241
8.2776140043
8.6297530045
0.0
29.9236450156
1.74856900091
63.5317460331
178.097314093
47.999458025
2.02091700105
3.06683700161
7.14377600373
24.3202830127
18.3316550096
137.045860071
47.3403610247
1.1530210006
76.3238110398
259.147797135
236.955748124
4.44037900232
0.0
93.2962420486
374.439500195
46.3003950241
122.277077064
368.780618192
32.7391830171
3.40355700178
131.970561069
109.291164057
0.0
2.84366400148
132.152478069
1.41941400074
14.9216560078
0.0
61.9265490323
3.12495500163
35.0935840183
4.48071700235
15.394707008
47.1472850245
37.9389670197
0.0
458.938301239
20.1500180105
189.864238099
98.1126150513
609.291783317
404.859743211
11.3968100059
543.642378284
763.319382398
7.687293004
1.1439030006
2.21155700115
348.807301182
16.9129960088
0.0
6.63655900346
330.998270172
2.39935800125
1.19565200062
1.37033100071
192.3338271
4.28983700223
128.185573067
70.1291930365
259.284997135
2.67380600139
143.482873075
290.004508151
24.0207590125
756.896662394
3.90721600203
6.64037500347
14.8592690077
5.65057800294
47.3282180247
35.6582740186
560.925124292
398.771952208
8.17916700425
110.506501058
0.0
19.5519490102
0.0
1.82122000095
25.7386850134
0.457231000238
190.998725099
2.85538400149
1.02296500053
0.322797000169
281.592786147
0.0885990000463
0.102079000053
5.72784100297
664.523435346
36.7874830192
39.7592820207
71.074299037
572.189843298
0.84194300044
156.957747082
49.854952026
17.7001920092
35.1496990183
15.7433340082
6.37346100332
1375.75538872
15.1809330079
15.310024008
3.11747600162
4.59576400238
99.5118590519
8.10321200421
0.328946000171
27.8397430145
1.84066900096
10.9350960057
29.3503050153
31.5270230164
7.16497800374
100.695289052
210.35861711
0.821982000427
228.439037119
1.94161800101
427.088047222
15.5263860081
0.0
0.0
9.14153600476
18.0786830094
16.5914020086
3.30953700172
634.681542331
13.392694007
346.644997181
648.856336338
20.7766510108
2.56518800134
162.723975085
61.432823032
620.571206323
49.6001570258
1.71371500089
18.1785360095
504.970088263
268.12132114
18.1296050094
9.51679000494
51.0066270266
113.486919059
49.7644630258
3.35156000175
2.81746300147
0.760518000396
37.8389550197
2.04087300106
1.65310900086
20.2335470105
14.9426580078
1268.27971966
1.61296900084
378.037395197
427.451820223
3.50780000182
1.63845200085
0.0
381.211965199
4.52456000236
124.331121065
222.912936116
0.0
119.715037062
7.17913300376
407.108843212
0.0
8.31694600433
33.7291670176
4.42860400231
26.4762160138
173.23949709
34.3165560178
131.114833068
8.88903100461
7.69600200402
19.14766001
211.71720111
1.93629100101
73.2097000381
1.7312890009
5.24538100275
108.490838057
9.70305300507
36.409705019
45.937375024
183.844868096
0.0
363.054836189
233.924878122
26.1883150136
2.44154300127
5.15904300269
6.12300200319
28.5235480148
533.827476278
14.7985970077
1404.25490973
1.87103500097
0.282437000147
2.8714990015
15.5557960081
83.3308950435
955.752809498
19.30608201
248.047815129
22.5003210117
587.791876306
395.901439206
2.2995380012
5.70699200297
18.8875140099
18.9811220099
0.947031000492
2.8854720015
6.03054300313
64.0919760334
13.2149330069
7.62027600398
2.65244600138
539.432870281
30.661017016
0.30644000016
69.210790036
29.2950280153
1.46386000076
46.014361024
39.4705890206
126.693108066
2.70142500141
5.57424300291
0.0
40.195174021
64.6697900338
135.751811071
59.9512160312
48.3522560252
34.4090480179
415.749650217
11.527240006
71.5276660372
152.54484108
5.25302100275
69.5007980362
583.693349304
117.816986062
181.102199094
13.9597430073
19.6498650102
161.760168084
110.348455058
13.337962007
0.599349000313
8.6273440045
9.97211600519
47.4772510247
542.970477283
54.3192980282
44.1876520231
217.349066113
117.062459061
9.57494300498
495.221574258
184.772663096
0.0
0.0
587.108978306
4.16562900217
12.0234220063
70.0218030366
791.525894412
27.0415940141
54.6518590284
0.0
25.9197660135
496.368965259
60.0635480313
4.00067400208
90.0002750468
20.2085970106
390.658386204
1.80974800094
1.93332700101
6.16837400322
14.5261250076
26.3866010138
1.46106600076
297.756152155
68.8606560359
1.66120000086
244.456996128
0.0
487.613432254
229.65766112
0.887221000462
543.482570283
205.846985107
228.827278119
0.353137000184
151.516069079
35.1986930183
14.8592690077
82.6097360431
0.0
29.3340310153
35.0865900183
4.15565600216
8.83762900461
23.023621012
15.284267008
0.129923000068
21.092476011
4.17046600216
374.080495195
16.9096590088
0.0
49.6665840259
12.4482760065
86.4910300451
7.07777800368
0.0
2.71743200141
169.768886088
24.2047150126
89.5493420467
2.56438200134
1.80306400094
250.814342131
5.92880900309
23.1258250121
8.31919400433
12.8804720067
0.0
32.5077220169
15.4471570081
217.299314113
29.0099210151
1227.05444664
672.59819835
2.67116000139
1.12129000058
505.199696263
584.722728305
17.1648180089
5.751576003
150.268493078
1.49368900078
3.23061800168
780.104524406
37.9814210198
16.4424870086
421.22149622
433.171648226
655.166315341
2.3045360012
7.18623800376
3.89677000203
30.8987460161
1.37393800072
69.3053850361
17.1693740089
341.192340178
169.011705088
229.76375012
13.9806190073
2.41608800126
2.82525700147
24.5157260128
21.093995011
134.19838207
2.98694600156
5.21675400271
6.77981500352
168.370572088
1.49301400078
1.92906300101
324.723577169
40.7484970212
75.4163750393
29.4512680154
0.48031200025
1.56383600081
1903.13074899
136.429018071
87.6358750457
38.4642490201
56.7133810295
295.802205154
32.2980600168
0.767753000401
550.990546287
0.0
49.1844070256
203.374429106
267.227121139
92.4310130482
63.9766230334
2.34708500122
47.1378050245
147.936352077
1.82635300095
8.98779900467
9.85044200514
51.2265380267
314.490998164
5.1815040027
583.881623304
9.75511800507
0.243500000127
86.6263320451
55.2437670287
934.981449487
330.699884172
38.34296402
73.7962260384
34.4445910179
76.1229300396
269.866685141
34.524788018
38.8854430202
8.71782300452
9.76104100507
38.1787800199
0.158092000082
70.0501230365
2.55406200133
9.12998000476
0.528458000276
0.0
446.233635233
0.0
109.115522057
111.972270058
2.81042000146
0.0
450.026412235
2.03450700106
21.5342210112
3.33098500174
0.0
42.9177810224
422.12411022
4.88401900254
1.44516500075
4.91334500256
62.9890440328
43.2562340226
178.180268093
73.2815930381
0.775969000404
19.6538850103
3.30705800172
774.511291404
341.364074178
4.15301400217
2.16609400113
0.545427000284
1.23923500065
3.68434500192
110.240374057
0.0
9.95448400519
91.5965100477
35.5534410185
15.4904270081
0.0
2.16970600113
21.4377140112
414.163482216
0.0
1.96206400102
310.962872162
14.7178730077
9.67195400503
487.140125254
14.1761670074
75.1384600392
21.2667600111
114.59517306
137.220430071
4.37024300228
1.38654600072
1.46644600077
638.389296332
6.79797000354
694.834383362
1944.73602301
0.44203800023
107.997130056
181.010608094
15.6760170082
0.0
374.042158195
3.26005400171
0.415180000216
17.9192110093
5.70187900297
3.05241500159
199.460900104
18.9619590099
295.445552154
63.2307090329
258.296394135
56.1415900292
290.033393151
40.9489750213
135.26870007
535.512515279
52.5924880275
27.1853950142
148.777198078
33.3144680174
126.289157066
407.816693212
54.9726100286
33.9755330177
234.764358122
19.9016260104
1.38177600072
0.0
544.536675283
0.0
0.0
123.001420064
3.42366800179
39.6862290207
1.28087500067
1370.14059571
100.437048052
62.8797730327
0.875702000456
129.149804067
0.0
66.1975060346
46.2137060241
132.264638069
0.420821000219
0.584358000303
149.930773078
3.92865400204
5.33634400278
90.0328050469
24.0359240125
0.0
7.2636270038
0.0
1.42835800074
0.0
1.58949100083
104.157398054
0.0
104.205004054
463.276972241
83.0677530433
3.27302800171
6.6822470035
74.3089050388
35.7509290186
8.91859400464
3.48726900182
64.0793270334
38.4815540199
915.811073477
154.24016508
13.330692007
7.50881300391
58.1564630303
0.0
487.816317254
114.19159306
21.3497740111
1.93740200101
0.0
0.471949000247
27.8595450145
11.9125530062
13.5520980071
57.52205903
76.8712690401
454.490521237
27.9663330146
117.351986061
47.8565560249
1.20924000063
1052.03633655
453.862364236
3.27873900171
65.6371740343
404.914725211
17.5302740091
17.5686720091
0.0
58.6144020306
13.7854150072
1.07798800056
34.9399770181
447.865350233
5.62701500293
983.747934512
4.37873800228
592.424452308
92.6668610483
281.116285146
0.0
15.8020480082
112.674144059
32.7976850171
253.787843132
1.910243001
10.9462570057
5.32928600277
68.5564060357
44.0730550231
20.4087990106
5.55364200289
96.5731160503
0.544537000284
18.3075470096
263.843526137
2.2971490012
55.1430460288
12.2176590064
56.7072260296
185.177692097
193.176631101
99.0753310516
9.52197900497
377.105201196
89.5945880467
9.08306100473
1.02939900054
129.307706067
66.4249860346
97.1030550506
5.13124200267
26.0256840136
2.90812200152
1.04589800054
0.847807000443
0.101293000053
1425.89831474
166.905435087
4.88420900254
0.105197000055
22.8267910119
163.700344085
9.23505700482
452.158741235
0.0
1002.38454952
183.905225096
15.0713200079
260.951610136
8.31876800433
17.9459550093
1.48094800077
111.798040058
362.743628189
85.4136300444
0.0
41.3074240215
0.795788000414
1.19616400062
1.29426000067
0.398976000207
6.95205600362
33.0047100172
2.82932200147
30.9558450161
4.36468000227
7.26471500378
47.1959020246
648.552362338
5.44423200284
159.084747083
5.52915200288
34.8082580181
97.5950470509
3.72999600195
2.42522400126
360.616617188
173.16518309
13.7167040072
0.504953000262
19.3163840101
45.3837640237
0.0
193.078968101
97.7725580508
264.164246138
20.5002150107
0.437156000228
138.832311072
368.776696192
7.64626800397
0.758666000396
28.0088690146
6.15474800321
0.831637000433
88.8658890463
132.401868069
159.061954083
181.370621094
0.0
573.897219299
1.33101800069
44.6964230233
3.4551760018
740.056187386
2.01713000105
6.9257100036
80.3135970418
129.322480067
116.455576061
14.9032610078
77.4597900402
1008.02895753
0.783793000409
221.497706115
354.586625185
37.2816020194
8.15392900426
2.26540800118
432.137829225
0.954295000496
0.146069000076
71.5252870372
0.0
25.5066640133
86.6522320451
73.4064170382
0.0
18.4194040096
4.42231700231
2.73492800143
0.0
233.224038122
131.607949069
88.303557046
142.459256074
521.087658271
123.724764064
2.74723100143
123.309759064
2.80209900146
2.1122250011
2.43864600127
66.5436660347
21.5407490112
3.97934200207
556.61924029
3.00432200156
72.4334560377
1.5373520008
10.7166520056
0.797188000416
0.0
43.5626800227
8.31379400433
1081.53103856
484.870408253
111.292910058
36.3537030189
1250.37046165
29.6530960154
630.669450329
75.0881950391
135.31383607
69.2283020361
18.4953200096
0.0
0.366624000191
9.08491700473
3.52825300184
375.528821196
11.571527006
0.0
1.36604000071
106.493177056
117.125910061
299.894157156
1.60063500083
87.4366120455
0.0
408.145703213
747.82790339
33.5286860175
0.0
12.7831620067
365.05690119
1.07790100056
6.05834700315
77.9786000407
2.15699000113
52.8533420275
8.6413180045
79.2395850413
87.3650180454
0.0
198.434192103
366.465532191
682.969666356
98.1584140511
0.0
44.4692290231
0.0
23.1664050121
5.81507300302
463.035084242
361.904254188
146.149846076
9.49649400496
9.34113100488
175.712185092
0.455959000237
0.657937000344
14.5794840076
27.1023400141
474.795961248
26.4767920138
51.5796320269
26.6493580139
357.138994186
24.2552850126
0.0
690.42813036
13.6417470071
217.426049113
18.5298320097
6.11544800319
505.200508263
82.3616360429
0.0
0.0592800000309
11.2786390059
432.604353225
4.71472100246
2.31620600121
0.353137000184
279.220487145
8.11907100424
509.012233265
32.3640850169
1.54826800081
0.0
456.239637238
50.7096280264
145.394551076
67.8239550353
23.1137980121
280.184832146
438.272918228
49.2877490257
4.72568400246
33.2713510173
17.6876540092
4.10044300214
310.176592162
102.189133053
60.3128230315
0.0
4.20189800219
71.101294037
168.594489088
5.61998000293
0.040087000021
7.54510200393
64.3593410335
21.130765011
0.040087000021
15.264839008
0.0
1.21495600063
859.793586447
557.978048291
2.09973900109
256.585629134
203.660715106
170.880762089
16.3178480085
247.968006129
381.284045199
10.6992390056
39.0358210202
185.983571097
500.809936261
71.4463670372
103.951352054
59.5947340311
65.6808140343
1.39445100073
0.0
1.22107600064
34.1684100178
2.97665000155
512.099979267
2974.86075455
1096.93885357
748.77494039
83.0885400434
330.260642172
25.9247150135
2.1119030011
5.43176200284
124.812894065
183.953370096
1.86954500098
573.145151299
152.70681308
433.090969226
0.0
510.591497266
28.3345480148
4.30647100225
16.9826690089
3.08600300161
1.65367800086
255.081099133
217.775323113
19.6427190102
1.10592100057
522.924028272
83.2688790434
16.6202940087
167.382512087
217.817955114
0.0
1.13268500059
30.1145350157
11.8590560062
289.861663151
0.0
19.16029601
214.211138112
3639.1707109
254.598308133
566.377668295
490.251185255
121.208963063
2.75153300143
80.6723290421
160.066836083
2.33265000121
17.229340009
38.5905420201
0.0
30.5850950159
3.19334700166
6.92092900361
0.0
2.71369600141
0.0
14.9646220078
730.53517838
87.6690410457
25.7158990134
129.901087068
2.31523700121
2.61045700136
16.3692370085
125.787448065
204.586908107
1.55398400081
1.88156900098
81.5725150426
51.9694720271
80.716578042
0.116341000061
14.0364230073
4.13722600214
71.8441900374
13.3839760069
85.4073380445
155.582300081
119.313252062
116.27813606
200.736186105
404.495411211
4.70702900245
3.13087100163
86.7803040452
0.0
1146.5971486
45.3513300236
186.842313097
304.393795159
13.398972007
47.3341010247
60.9569550318
1.13498900059
137.031436071
19.31580801
303.490174158
215.035784112
32.3812980169
496.771948259
17.208630009
109.454574057
22.998374012
657.786198343
0.582967000305
479.42971225
608.999385317
2.1097270011
451.218182235
80.5697100419
624.011737325
439.265797229
316.480305165
2.96189400155
0.278609000145
5.62063100292
18.5586630097
722.655040377
390.596605204
66.9156420349
19.17175701
0.0
45.9609720239
451.181532235
103.749872054
0.0
0.0
20.1044830105
15.7282020082
0.0
599.839199312
101.642116053
218.467438114
6.62620800345
0.392884000204
1.95586300102
43.0411370224
153.24811908
391.027073204
56.9311520297
5.04663600263
16.0016030083
138.794784072
86.5010130451
20.7942560108
20.9949100109
220.957946115
12.9362470067
16.9489760088
648.067654338
0.0
10.2884220054
12.2893920064
164.881373086
579.034333302
83.4284450433
97.9058040509
1253.63379565
155.813244081
393.102487205
0.0
34.8282200182
43.5664350227
123.759904065
38.9764820203
549.556441287
62.4118490325
7.71690400402
149.170266078
50.9246190265
452.064859235
593.283214309
112.719540059
389.139144203
527.612159275
148.268117077
29.3131010153
1077.80445956
63.1246980329
23.3917320122
298.583842155
526.889383275
57.4032760299
455.373083237
211.69271711
396.945368207
7.8849830041
13.6905990071
2.56242100133
253.816392132
143.500047075
1.37728300072
3.08388700161
154.561801081
145.576180076
0.0
370.547747193
0.147307000077
0.0
56.1343920293
0.592302000307
0.0
36.453477019
1194.95541262
1177.52583661
31.6903180165
69.2310260361
24.7110150129
2.96209600155
6.73147800349
2256.34767718
368.156177192
3.6496120019
84.537898044
357.162170186
760.573183396
94.3732970491
416.897425217
0.0
1218.38007063
186.973788097
344.18680618
54.4414670284
6.33603400331
1.49186400078
2.85796900149
523.590617273
76.71708104
18.7607650098
4.3811850023
73.1486840381
204.299916106
463.756324242
2.89981100151
4.98057800259
9.78394600509
1.49471700078
1.17332900061
4.89811400255
11.8229540062
63.4710000331
3.0652140016
242.601793126
327.17714517
0.21051100011
16.0026490083
0.0
2379.40829424
29.4507050153
117.344543061
5.13535700267
2.70057300141
3.75487400196
434.313351226
41.3002770215
98.1851610512
499.09212926
0.826880000432
18.9916530099
0.0
76.4646150399
28.0696420146
39.4442830206
421.175362219
696.988191363
1.98303100103
14.9699100078
15.8241960082
8.2503690043
4.0093680021
967.625597504
172.93464609
0.0
21.2663470111
18.2441820095
46.2950460241
3.91633000203
503.551015262
670.122754349
79.4343930414
204.148091106
2.18994700114
293.279273153
2072.59892008
17.6658510092
0.325029000169
741.537736386
122.856625064
437.614934228
6.26857000328
32.2243250168
303.371083158
842.561816439
5.2088970027
40.5346200211
1.22992100064
1.19198200062
212.513652111
70.8810040368
145.589489076
310.640814162
141.426225074
5.42538000284
82.4893770431
176.284766092
59.7093510311
77.7129440406
242.481710126
14.1322890073
0.0730630000381
8.78618000457
109.713223057
8.11458700423
3.37754400176
21.8850550114
24.6406240128
0.299321000156
26.1953070137
638.459754333
5.26019400274
325.76937317
36.9125400192
0.0
0.127350000066
4.05134900211
513.001650267
0.0
137.549017072
868.797957452
165.646460086
179.837595094
684.665899357
263.381557137
444.063454232
33.5414510175
0.290671000151
38.6335660201
5.25844400275
11.1705840058
27.6570410144
0.974713000507
130.037192068
411.394004214
98.0440890511
24.980007013
85.2738290444
124.803596065
0.0
185.179666097
270.868757141
56.7631290296
18.0059670094
1345.9729817
108.506986057
29.0595200152
163.302131085
11.8208520061
217.417832113
201.351686105
4.39371000229
362.532165189
723.597437377
7.24937900378
41.6966740217
125.324770065
234.031718122
32.5146940169
154.58084208
30.5595650159
8.95110400466
27.8150900145
116.887926061
109.757843057
10.9879010057
27.3840370143
477.007437248
2.46748500129
48.4707390253
24.5593780128
179.170373093
834.910689435
22.4080410117
11.8199890062
104.065366054
1.21764300063
553.343225288
11.1184070058
41.3328320216
62.8132800327
1.38795400072
0.824391000429
2.3005010012
297.568499155
2.82544700147
1.24855200065
66.4875180346
0.0
42.9556860224
21.9728660114
41.2473520214
20.6165280107
485.859820253
3.17807000164
0.0
364.22754919
558.468043291
351.855797183
37.3388920194
20.3036960106
39.4345490205
409.188615213
78.388197041
91.2937110476
303.943698158
6.28116700326
2.15924900113
17.7080500092
133.59300507
4.40549400229
150.009276078
36.6959810191
112.840217059
464.598874242
7.38828300384
476.110266248
0.084470000044
0.0
82.6569860431
254.982170133
199.626754104
20.9838970109
447.482829233
15.284267008
60.2253560314
0.0
1211.31166463
400.361979209
1.07323900056
1.52231400079
0.112366000059
140.861423073
8.55406000445
1.1480520006
1410.52645173
0.0
20.2182380105
59.5100580309
15.6817640082
45.3327780236
431.474272225
2.16693400113
604.021256315
15.0713200079
60.6181660316
418.648038218
1232.67789364
5.1838090027
221.595897115
46.3471520241
4.4130560023
475.077262248
8.09601900422
21.7135600113
90.4507610471
0.141596000074
0.3834160002
0.21159800011
4.90763900257
167.426144087
79.3314990413
0.0
64.5401180336
125.428530065
31.6006580165
92.307798048
5.75757900301
1.55210000081
23.9296560125
178.870269093
0.526758000274
167.160977087
173.12106509
0.0
11.9690780062
4.91657900256
19.8310350103
43.6615760227
2.18945500114
711.635198371
108.576602057
32.7330150171
281.007183147
324.608353169
157.422154082
613.182441319
72.0306860374
1.19763700062
21.172270011
98.2930930512
1.65531600086
255.901115133
92.5400740482
1.81098100094
474.598666248
19.9808690104
36.5785270191
104.218011054
0.0
436.683890227
3.21528100167
0.743812000388
1374.41474572
101.781508053
50.6403690264
133.49356407
0.0
2.01392300105
825.91062843
104.000655054
743.168443386
1.64586800086
14.8515380077
153.18561108
1.11224400058
77.8309910406
127.894860067
3.69209400192
4.32568900225
31.5372560164
2.82788500147
577.574488301
41.9644070219
4.75973200248
40.0681670209
161.081748084
8.34573900435
4.74042200247
68.0212760354
111.831348058
24.7705400129
0.822686000429
16.2020950084
0.876371000458
597.407446311
24.3715490127
557.304179291
174.610287091
16.9629100088
2.88840100151
12.1994460064
1039.99187754
597.947467312
17.293106009
155.017057081
13.1547370068
53.8394180281
2.4950660013
2.81109200147
93.2729590486
99.7274440519
0.0
299.572083156
16.4550440086
15.1818390079
81.5180650425
17.345521009
16.8844260088
18.4066750096
26.5113950138
535.641083279
31.7841850166
46.2325420241
22.5285080117
5.19129100271
270.565685141
460.62557824
2.37043300123
4.79813600251
0.0
0.809902000421
29.5803190154
129.702564068
216.371483113
189.003008099
0.0
726.570225379
18.5677320097
296.774082155
293.155225153
191.2627081
158.029366083
237.629908124
69.6042590363
296.597381155
17.7221470092
0.0
626.370677326
800.250117417
20.3358010106
553.859433288
7.0963570037
32.9368310172
462.756160241
0.0798280000416
46.6417240243
1.50877700079
295.770376154
612.534343319
14.2559120074
1.00636000052
75.8192370395
4.77193000248
30.9845540161
9.15174800476
157.705062082
48.2634010251
1.42951100074
5.50666400287
0.0
186.995878098
3.88898400202
122.241289064
0.0
3.47904000181
254.921334133
8.20721900427
17.7838320093
30.654602016
3.81985000199
471.036187245
4.07472600212
284.845510148
553.681667288
84.446392044
938.336864489
85.4664090445
76.1902100398
10.4900110055
320.008848167
8.58688000447
304.870382159
476.358992248
49.2050930256
170.647893089
111.088987058
1.73894800091
17.238810009
155.715023081
27.0804200141
48.8315000254
85.5064820446
178.168931093
17.4988830091
2.55663100133
1.31797900069
472.502826246
396.291929206
3.23120600169
18.5428240097
33.5928330175
581.835880303
0.0
260.949413136
3.76002500195
32.529020017
10.4728890055
174.251111091
108.624786056
16.9799550088
0.712297000372
721.008709375
168.124259088
163.653085085
49.4655720258
21.2359150111
31.6578070165
7.55982900395
189.229459098
3.68342000192
5.05234500263
47.5693560248
15.356056008
1.75563400092
1559.73600681
0.0
10.9837390057
0.0
1.08280500056
26.9729560141
71.6797630373
1.32558000069
33.7193110176
0.711510000371
11.9410800062
655.979943342
15.6129520081
149.360375078
67.0283690349
372.357213194
1.50398800078
13.6672210071
627.705782327
164.733499086
1.10954700058
35.1488530183
377.771730197
65.2450170341
5.35529100279
6.73661500352
1.42531800074
53.1201620277
3.75085500195
74.595520039
0.0
147.937694077
323.320701168
2.61846700137
1.68650900088
520.754103271
15.7090820082
109.726453057
59.9295090312
1.37048000072
773.954350404
211.70601811
15.6771690082
7.02367000366
80.6196250421
0.0
6.25540300326
17.0161650089
450.516537235
3.4528800018
83.6137460435
84.7710360442
78.7206410411
468.299448244
0.0
119.378729062
320.490140167
851.968024444
1.60063500083
1031.25914354
1.83642600096
3.32832300174
47.6787980248
11.9639460062
438.902830229
0.0
0.0
91.7795680478
2.09768600109
29.1453770152
0.0
27.9503380146
322.764223168
222.107389116
150.891883079
4.75861800248
3.39013900177
19.6102320102
5.71813200299
626.107224326
1208.54809163
1.24855200065
540.437887282
2.05190200107
0.68959300036
4.0389260021
198.393593103
9.04328700471
0.0
8.74701800455
10.5281350055
0.987927000514
3.69022600192
17.6855160092
45.9236670239
28.5855310149
550.395244287
203.404538106
1.63069400085
1068.46309256
63.120931033
0.681802000355
34.3352230179
51.999347027
334.190211174
40.261412021
164.940817086
1.1619600006
398.321318208
3.92835400205
505.312441263
89.7930760469
394.030451205
69.3563260363
2.37600300124
119.283507062
4.63443700242
736.388239384
34.8403710181
1.30956600068
52.8546990276
590.855366308
1.71303900089
33.6248980175
1.69068400088
1.7316660009
539.308461281
38.7073260202
10.3740120054
1.38857400072
2.23131500116
345.39621918
19.14690801
30.8557740161
33.1520890173
503.986051262
14.9185810078
15.8247840082
6.05399900316
71.005749037
23.5784270123
294.387141154
495.774279258
1.65636700086
19.2869700101
16.8320610088
104.362479054
156.963899082
157.186681082
354.914314185
131.170953068
28.778097015
0.0806130000419
1.46106600076
265.001819138
0.124703000065
54.9463860286
143.756248075
16.4550440086
101.790480053
0.0
1101.00866357
386.101995201
180.766971094
60.0590110313
418.929735218
19.4353640101
14.8688230077
2.58058900134
10.5036510055
17.5978910092
221.023720115
21.6928950113
181.820207095
208.050979108
4.23793000221
24.2220010126
518.47799127
28.5231650149
117.212758061
82.1140250428
0.0
14.9201040078
0.468738000245
1.56922100082
13.7474210072
449.548377234
340.291813177
7.03881600366
1.28273100067
0.151752000079
477.233804249
638.304792332
75.2060980391
509.996362266
7.96147100415
429.211584224
3.04251600159
586.202968305
79.1212340412
3.31990600174
234.606924122
3.41380700177
18.6830790097
633.30051033
4.9790700026
314.818270164
22.6948120118
84.8145740441
3.18614300165
850.524226443
67.185879035
11.7107350061
83.1904740434
3.50766100183
208.038580108
2.43766400127
29.3809470153
17.8806280093
12.8183090067
3.0701400016
2.78178400145
11.508472006
0.42395600022
0.0
636.066455332
14.9683290078
81.9954860427
71.7249840374
6.44225900336
797.305041415
41.4896620216
985.990604514
8.18754800427
1.48113400077
2.34016700122
123.685979064
64.1823740335
279.570363146
149.924609078
414.011924216
3.19582900167
358.039092186
15.6480640081
126.012956066
31.6265470165
31.7341040165
11.1954430058
270.244323141
28.692067015
4.11457200214
45.971569024
0.592033000309
2.40182600125
1.28659800067
0.0
5.55399600288
655.763601342
0.0
2.32010200121
2.93046500153
196.919889103
124.996134065
1.3420570007
119.475550062
0.0
889.937687464
12.2775600064
2.45117900128
28.5633700149
141.223628074
520.510137271
40.1022290208
474.466338247
13.0627710068
101.553815053
1.81276400094
1096.48692857
18.4097550096
124.144647065
311.962279163
382.436330199
2.94059800153
15.7136900082
0.0
15.9515230083
19.3659950101
0.0
6.54596300341
15.0590030079
24.4631960127
29.3801920153
16.5871070086
0.278662000145
73.0278880381
109.631887057
25.0984420131
17.4826440091
53.3734070278
5.63325500293
14.1527270074
437.227246228
992.164529517
1.38463200072
662.076986345
6.06055800315
393.273163205
0.585236000304
341.025843178
9.65549100503
13.3242220069
33.3172370174
0.892002000464
39.7543520207
