0.991988000405
31.4468110128
433.373589177
219.86976409
320.763304131
6.58891200269
3.95985700162
197.37665608
0.682951000279
37.1633670152
0.0
1.12636300046
51.6336480211
14.5672350059
28.4703690116
8.72512800356
0.0
49.7705610203
3.58603800146
132.859601054
104.208942042
87.3412030357
0.457409000186
419.680366171
26.2107120107
255.307504104
400.140522163
43.7841480179
3.61316700148
515.916563211
52.2502160214
70.5569710288
54.8820740224
223.836999091
0.677961000277
6.16865500252
13.2791710054
0.935163000383
45.3151580185
104.179795042
135.472735055
19.9842750082
47.3426140193
73.41628803
0.0
2.43327500099
545.718295223
0.0
161.439929066
175.899959072
11.2286700046
737.0622533
0.955690000391
462.878772188
7.57039600309
0.0
463.838186189
4.49818800184
49.3366220201
1142.08437147
23.1928740095
47.9193390196
0.455896000187
117.055642048
620.630957253
0.704563000287
37.6994220154
1.51151500062
17.125282007
0.157981000064
0.0
695.568489284
0.0
599.320951244
63.6455500259
49.2343530201
33.7022020138
0.665307000272
22.7814380093
0.0
404.926416165
0.0
157.483061064
1.24280900051
1.9735890008
196.69913708
1246.58440151
0.385026000158
0.0
0.0
6.75723900275
10.9220520044
73.1432130298
19.629020008
37.0138840151
1.27830000052
3.86405800157
32.0589710131
1322.59609654
4.09414700167
25.6580930104
0.0
824.083108336
66.9262010273
0.0
46.8442030191
0.0
569.857227232
8.33884500341
4.6591570019
69.8046470285
0.0
48.3532020197
1229.9940755
0.292297000119
2.81518700115
165.973727068
193.820419079
57.9957020237
28.6050840117
15.1047780062
92.2203120377
79.5215060325
0.0
205.740020084
80.3415230328
0.581799000237
0.0
0.0
35.0600400143
0.899950000365
476.476478194
5.96626500244
252.750186103
528.623927216
756.959058309
1.56764300064
3.70516700151
112.364847046
0.0
103.030003042
330.712467135
708.776941289
2.91050200119
0.996953000405
458.637648187
2.49873000102
562.45107623
255.769359104
111.104538045
0.63921500026
2.57466700105
1059.67089843
17.7046910072
49.7362920203
760.81025731
3.24107300131
0.0
22.6709210092
835.667383341
206.838277084
70.0696690285
52.8145390215
12.8334690052
13.1168550053
0.784355000321
0.373926000152
22.3588380091
0.788745000322
284.445733116
369.519371151
1.49392400061
33.7088330138
0.507007000206
16.4085880067
56.5686270231
82.5481860337
15.0963250062
538.30877222
0.398612000162
296.628939121
26.7395410109
13.2028460054
39.3805000161
3.72592300152
8.88734400363
48.6510660198
51.673545021
19.8298320081
0.0
1.05242500043
259.158617106
142.432573058
582.505242238
2.09096000085
43.3708710177
1878.52591177
300.200046122
301.422511123
2034.38391183
0.0
0.447882000182
2.53561500104
0.0
7.22901400295
26.6054490108
2.29936900094
0.0
2.30278200094
0.0
1.73948500071
0.0
359.838454147
0.0
4.27323900175
0.0
0.0
68.3642120279
0.0
2.51050800103
6.84914900278
401.362940164
2.63265900108
12.270426005
53.1487950217
358.611478147
56.421527023
0.63835300026
16.0639770066
340.390808139
9.26021900377
19.627742008
0.716619000292
1.86170200076
0.0
0.264758000108
225.549129092
391.73514116
137.726372056
40.6706790166
139.048443057
561.867403229
63.1258510258
0.0
429.422942175
40.0803980163
151.020286062
50.6651800207
0.219090000089
5.82023700237
510.417476208
266.469541109
14.766969006
0.0
1.23923900051
15.9751060065
9.0687640037
15.6140420064
173.320297071
874.235370357
2.33251800095
24.2452800099
133.225114054
4.74992800195
20.3466840083
0.0
5.87593700241
15.6602750064
1.30974300053
24.60426901
204.258711083
443.166712181
22.5368080092
225.346603092
488.660619199
19.7876610081
1.59964300065
1503.47795761
107.451460044
1.19739000049
476.205708194
1.11064900045
6.03652500245
0.946399000385
27.0898850111
2.77592600113
45.9426750187
34.295349014
1.31413900054
18.9149160077
1107.08963345
28.4598690116
2.9425670012
0.0
716.555739292
65.1191380265
1.34728200055
0.27074200011
3.78892300155
107.754409044
36.1724880148
92.1458790376
0.0
82.0111600334
3.23516400132
177.601763073
66.5924390272
128.502496052
1.86109500076
17.196279007
0.236930000097
1.89838900077
19.0222040077
1.56829900064
38.0975010156
1836.58531675
22.4896620092
949.891566387
7.28175900297
648.446636265
2.87984500118
11.9654840049
100.193607041
0.0
211.252010086
88.6285600363
1.33932500055
0.63453400026
30.9526480126
2.09023600085
38.1623840156
2092.59551485
4.85711400199
15.0963250062
5.09418200208
201.284517082
358.274113146
576.882475235
17.3718040071
829.616622338
0.446895000181
5.00056800205
103.325820042
5.46347700222
583.225366238
120.998992049
7.81307100319
118.207553048
0.0
558.506708228
267.685968109
0.604324000247
0.58658400024
93.8369530383
14.2629360058
491.2987272
19.731148008
51.0042770208
676.710173276
15.0963250062
0.0
0.0
465.16826919
335.006234137
29.9443030122
6.31579600258
3.94805800161
359.320772147
0.0
219.40375609
1.69294300069
1.20680300049
286.692807117
19.3231040079
4.84190900198
112.637680046
6.22530600254
8.12054500332
146.62572706
23.2733860095
1.35115800055
229.503324094
109.899938045
58.5887310239
51.9802690212
140.323322057
87.6584170357
23.1134760094
15.0212350061
8.00312400327
2.23702200091
4.46217900182
3.51248700143
2.92914300119
18.7045880076
55.9305040228
0.0
18.1381180074
659.668834269
110.592502045
2.72497800111
8.68039300355
38.3703750157
45.7264240186
330.135156135
45.2714340184
46.4065550189
951.785344388
728.391333297
584.889190239
610.572763249
478.644831195
0.56104200023
472.267796193
0.0
216.100144088
0.573180000233
8.41990100344
0.578953000237
4.51726100185
0.0
0.0
16.5251670068
1.31203800054
357.555320146
133.402057055
0.0
0.0
2.26859600092
0.846708000345
67.6409630276
6.94610900283
84.2947310344
172.37150407
3.64058200149
1.58542500065
95.0955990388
1.11730500046
1.39741000057
0.0
1.68478100069
18.6504900076
10.1052400041
20.6473300084
0.580964000236
0.54031300022
0.0
865.154171353
0.0
52.4945640214
0.0
598.707380244
0.0
743.305998303
695.256991283
24.7431200101
13.8356580057
73.42632503
68.0473500277
376.547948154
917.234391374
9.30622200379
566.488161231
4.6842760019
143.276481058
3.52465200144
0.0
0.448157000184
478.398382195
49.6954380203
8.5498930035
0.0
0.0
76.067937031
1.13832100046
37.7937590154
0.0
34.9110600143
6.73032700274
29.9657950122
21.3649760087
697.800387285
216.915313088
0.413220000168
1.32656900054
17.162585007
21.0348960086
569.117572232
10.2345330042
806.987451329
0.0
4.01895900164
2.06278600084
0.0
466.773644191
0.0
24.1628700099
493.710085201
142.182932058
504.363094206
904.945507369
13.9322540057
5.6067790023
12.161820005
1.87936800077
0.0
0.0
134.688707055
91.9279220375
103.202659042
2.460408001
3.59340900147
107.921659044
113.867830047
21.5684650088
1.42449700058
122.90147505
545.357262223
18.7177470076
9.08580000372
106.357421043
75.0362620306
812.804152332
0.744317000303
128.166863052
93.203649038
247.626198101
0.842664000343
48.8457890199
1.20075300049
164.470649067
7.28893400298
2.11909300086
646.970524264
9.76947300399
1.44586000059
115.686299047
0.757594000309
45.4057670185
5.87340500241
666.742566272
426.467354174
59.8829230244
83.9867890342
0.705144000289
13.6737600056
244.0495191
226.519867092
0.0
0.0
370.564976151
562.81139323
38.964693016
63.721537026
17.7409380072
192.017265078
270.12786011
127.333883052
3.1779560013
6.44281600262
31.0841190127
4.26809900174
722.958672295
21.2739590087
15.8800600065
100.240924041
1.12169300046
106.609473043
1.42842800058
11.5284490047
140.586428057
1.86617900076
1.37414300056
365.416866149
57.3023390234
1.44758300059
337.924550138
32.8945380134
31.3214310128
405.152991165
0.0
0.895018000364
0.0
0.83072200034
17.3192230071
546.945837223
3575.96316646
2.49153600102
110.523394045
137.979937056
75.7536900309
0.739581000301
383.553301156
496.762437202
28.4756560116
0.604391000246
73.63326403
124.270339051
21.9697860089
92.9407660379
2.30212500094
41.8507830171
0.0
1.43428300058
16.0862170066
26.996757011
127.099659052
196.64301908
248.220951101
0.0
19.3383080079
0.0
167.414683068
329.354071134
58.5036930239
667.648413272
1.4753050006
80.4416370329
302.576342124
616.482917252
109.529695045
692.435740283
1021.56421442
78.5706550321
589.82520024
0.0
444.710054181
17.9002500073
229.725241094
15.8047280064
591.097768241
5.09566600209
0.0
1833.44828775
1.01485100041
0.0
13.5175200055
37.2533400152
21.1466940086
0.0
336.591827137
0.501458000205
0.354263000144
28.2484400115
0.0
1.7124550007
276.124036113
39.8089170162
51.1369330208
122.77924305
19.537045008
18.7962370077
38.3124020156
731.999478299
98.5478220402
0.0
4.07943500167
76.8418560312
0.0
0.0
72.8201840297
52.9695190217
12.8231470052
138.023934056
4.04685900164
0.0
750.715026306
1136.05911346
30.4308010124
0.453804000184
1.08502000044
0.0
263.464648108
0.0
0.0
2.76185700114
213.171753087
4.1728520017
29.2010030119
209.123377085
1.63657900067
0.0
258.256856105
73.1319120299
512.650544209
25.6141660105
0.0
309.104307126
147.79060106
103.226224042
40.4995700165
812.874371331
5.59003000229
12.7887320052
15.6108160064
11.3706300046
7.77773500316
4.84971700197
233.781789096
20.7984070085
0.0
13.2649370054
21.4157890087
1702.28244369
177.682902072
247.301831101
291.421979119
489.8909362
1.99545000081
306.891932125
449.009403183
355.960734145
2.03249000083
5.66379400232
1.42308900058
3.20459600132
476.411705194
736.2165853
8.28032800337
19.3581990079
1.2286250005
0.0
8.65316200354
35.8911210146
14.622468006
3.49351500142
19.3663730079
0.387199000157
1304.14406153
1.73286600071
125.158008051
1.31412000054
462.825754189
17.7551640072
25.0708070102
0.0
678.473423277
64.1786060263
289.478432118
645.303193263
153.583907063
55.1849800225
81.2713370331
13.7017940056
0.109116000044
456.284355186
12.1156380049
17.8461270073
185.829995076
0.0
3.15094100128
8.83285200362
0.0
254.859621104
258.403632105
215.742102088
34.8031620142
16.1957010066
325.698489133
170.64605707
36.1970810148
5.8954050024
473.285481193
14.4662160059
22.9532740094
956.97147139
893.830609365
746.686049305
4004.45318463
557.230207228
43.3652870177
0.0
8.96768400366
28.7367050117
557.184031228
75.3337940306
930.43526638
423.693743173
42.8304260175
379.254255155
17.249292007
0.988177000404
1650.36232767
0.0
16.3214660066
741.358946302
544.165072222
0.0
466.44254319
389.849225159
211.884342086
0.0
799.224229326
13.4758820055
40.6007770166
1.49236700061
1.38857900057
251.651150103
1.20649700049
3.29695700135
14.9426740061
84.2668670344
1.25050900051
0.0
0.651452000266
557.192987227
28.8281060118
0.0
79.8994670327
3.39791600138
1.7247950007
0.0
163.656543067
846.317040345
23.7068790097
21.0929060086
16.3860750067
25.4356910104
1.7238540007
0.0
19.519665008
0.0
1.59294800065
0.114473000047
50.1464170204
296.325603121
1.80252700073
64.3062680262
5.21507400212
3.02440200123
1242.94210451
1099.12747745
196.93842208
0.583682000239
19.0741060078
52.1624560212
0.0
374.757387153
0.608838000247
12.7771370052
0.0
397.521970162
282.962644116
497.243794203
586.471924239
0.0
54.4681340222
33.5722100137
53.5109170219
875.104669357
11.2096630046
161.861823066
23.6958320097
436.271046178
1283.38128052
1.45822100059
493.598762202
126.462476052
219.86976409
71.9677070294
0.0
234.593988096
461.513935188
0.0
165.505102068
2.36275600097
6.82884700278
416.63091217
64.9926830265
10.1709300041
68.9599020281
13.2687390054
144.293787059
469.862750192
0.0
317.82984813
3.01839400123
5.14169100209
103.700038042
20.5413290084
340.071142139
1.66273900068
4.96374700203
57.6593430235
9.17920500376
816.809959333
19.8489630081
3.60722600148
1.87941200077
9.96976100408
0.0
0.895690000366
1.68389300069
173.882625071
0.0
44.3977130181
404.988283165
328.590864134
124.922098051
3.21327300131
28.0772000115
0.0
34.8515110142
8.17158300334
0.0
0.0
18.7044750076
0.0
1.32813800054
317.221040129
1.75769700072
721.376480294
804.578461328
22.7125340093
13.0760850053
240.108024098
0.0
387.378702158
761.337394311
13.6984080056
0.0
0.61189700025
0.640154000261
30.1282180123
165.965959068
5.70377000233
94.2152480384
41.8881730171
2.32548600095
0.0
23.7260530097
524.639609214
7.12207900291
32.6879550133
10.2879450042
8.67051500353
4.30686900176
408.352308167
0.0
508.431831208
34.5726840141
15.2011510062
36.2558190148
43.1284330176
1058.16306743
8.76198000357
0.0
8.90684500364
0.0
4.31129300176
921.878368376
31.2437610127
23.8312920097
459.309892188
17.4392380071
173.941098071
127.872787052
140.091469057
624.376299255
657.923119268
0.0
3.46130100142
332.720830136
146.95771806
3.14253000128
2.64802300107
103.038326042
291.601645119
29.365799012
11.2790320046
232.746986095
902.466577368
844.922233345
2.63777600108
17.5009280071
386.226123158
409.299218167
175.714082072
410.904180168
11.4768750047
21.2489660087
518.403378211
3314.14155635
63.8251170261
8.82888800359
289.525628118
0.547724000223
15.7448040064
1.9552520008
122.53093405
478.365498195
518.528715212
0.655158000267
6.11805000249
9.3152810038
15.9878720065
3.84794200158
4.29472900176
0.896923000366
17.4554670071
9.77162000399
92.887217038
499.303039204
356.646371146
0.589129000239
23.9992140098
315.982608129
34.4605940141
0.0
0.204159000083
0.9834220004
0.0
1.11846400046
56.9203320232
31.0829190127
98.7833640403
632.385391258
103.449599042
5.50120700224
346.665081141
0.0
3.94405500161
102.761884042
206.463481084
12.7558980052
1.35934900056
595.577105243
4.4117520018
2.7017370011
1.09502900045
831.407935339
0.0
6.91583100283
0.0
8.34533700341
29.2434390119
0.0
2.49038600102
86.9666240355
113.508898046
90.802622037
12.9862160053
1300.99882253
2.438272001
0.0
3.4339040014
310.061203127
0.0
45.4076430185
49.6111950202
0.0
68.412288028
12.197995005
451.903730184
0.524404000214
0.0
102.415799042
21.5299300088
32.0813910131
1605.71881865
0.0
50.0630420204
24.1192580098
8.72750500357
170.39628807
270.28179311
10.0376160041
1.11067200045
429.705913175
235.849250096
366.64020515
100.503816041
73.8585490302
0.0
3.4437370014
2.37762800097
0.0
1.53011100063
162.350828066
526.240718214
3.76018700153
3.00559000123
426.383306174
37.7304680154
3.51397100143
2.41227000098
19.637381008
3.94896100161
449.002809183
14.4712830059
1.05833800043
55.1276440225
0.0
0.300065000122
8.28631500339
0.913163000372
21.1189450086
5.02624000205
20.6534690084
6.46571500263
7.11864100291
0.0
396.576495162
5.29216500215
2.23265900091
186.352662076
281.077283115
56.1225130229
2.60369800105
217.346087089
1096.96200645
70.1282710286
299.912254122
0.959103000392
8.95471700366
0.304869000125
5.01846600205
27.1997370111
9.41899500384
3.43678500141
1.40049300057
0.551764000225
0.0
0.0
876.454346357
4.10451300168
90.0757970368
2.41334100098
0.0464010000188
0.0
12.8753060053
180.826291074
247.971756101
632.173623258
1.07624500044
0.0
1.53011100063
38.1377030155
159.169340065
133.212795054
50.7121590207
0.815797000333
1.67781500068
0.506489000208
28.7960690118
8.35432600341
881.94211036
668.797343273
39.8362560162
0.0
17.5009280071
1.23932800051
32.5835320133
40.8247760166
6.3728780026
2.18050700089
4.86146200198
59.6976350244
2.09138300085
4.82479700198
0.0
53.6140260219
157.647562064
0.0
879.728676359
35.8871500146
573.742791234
0.631131000258
40.2919210165
5.80115800236
0.784355000321
6.03444900246
488.8171412
1.64506400067
16.4120400067
0.0
81.1503070331
23.5003860096
9.87742200403
91.8720320374
45.5239170186
1.58161200065
18.6772150076
0.0
622.992872254
6.31529000259
1.7196760007
5.81591700236
9.86924300402
44.3846010182
144.044794059
315.318415129
915.656780374
19.1597950078
625.432949255
946.797001386
447.126626182
27.6629310113
1.32142500054
44.8225300183
8.06867500328
0.932768000381
37.8053620154
0.0
30.2773040124
1.21496100049
22.7102090093
84.5149940345
94.9617210389
174.826462071
276.345126113
0.0
25.7769510105
29.0044320118
24.0570730098
0.0
179.177469073
756.581568309
655.756768267
262.013155107
618.946710252
0.637894000259
1254.87175251
905.405576369
46.0241880188
2.26087300092
17.213809007
176.623952072
14.742411006
147.39847906
73.47896903
3.28612800135
22.4400300092
0.0
740.374721302
4.72682200193
18.0879870074
0.0
129.986925053
12.4740780051
0.263213000108
30.1926500123
69.2485520283
2.92805900119
74.1967620303
0.0
508.856729208
87.5011820356
1.68563300069
14.596945006
91.3847630373
0.0
386.861655158
224.985906092
39.9596150163
198.882701081
20.9048930085
80.0063520327
221.24885609
0.270000000109
4.03045800164
14.9358180061
121.24479505
0.0
0.0
0.0
202.362266083
4.888414002
0.0
2.38736200097
2414.60160699
276.866720113
25.6151500105
0.44454200018
434.761538177
448.168899183
0.0
26.1861000107
657.440623268
0.0
113.281175046
10.5742120043
185.801585076
241.836180099
0.501002000204
0.920041000375
13.4386580055
15.0963250062
38.8423240159
29.9003160122
0.0
9.40027500384
1.00139300041
0.0
138.167425056
2.33743800095
0.0
0.0
19.0694050078
0.529745000217
875.343715357
71.7994210293
43.7285490178
327.034202133
243.121611099
1.60021600065
1.04946600043
42.7265810174
26.2121690107
49.6684440203
2.64028800108
644.509639263
23.1459580095
0.0
1.13644800046
0.0
1.52302200062
0.0
644.982988263
17.7532280072
0.0
202.133776082
5.55648100227
15.8433350065
0.0
4.00254900163
2.30212500094
16.3088500066
85.2401830348
2.455784001
101.059759041
30.2709770123
5.6205860023
3.14405700128
1.59964300065
84.9098200346
1.29195800053
0.909586000372
612.16471925
388.624482158
92.2114110376
105.924800043
15.3273120063
0.0
6.36754600259
184.551781075
193.367391079
3.78985600155
0.0
5.58032800227
2.12823000087
72.4874930296
16.6159990068
9.04933100369
47.6459940194
0.0
132.012630054
37.5806110154
0.0
0.233639000095
0.0
794.458952324
23.0961160094
561.666496229
23.8371810097
5.6431500023
0.0
518.864978212
55.2359680225
1.00407900041
16.4626310067
301.810039123
0.780907000319
3.10555700127
22.9603310094
281.190918115
381.094362155
11.4367070047
3.78544400154
794.677198324
2.18790400089
0.0
161.519572066
238.706985098
0.0
0.0
13.5322900055
3.56346400146
90.5657110369
321.959758131
452.328946185
297.710869121
66.4012790271
0.0
795.267054324
0.298592000121
40.1083160164
1.89165600077
0.264095000108
58.1563170238
0.0
1272.95187352
2.03892300083
429.007419175
218.161098089
246.2366161
15.2428260062
0.0464010000188
809.72245333
95.1707140389
849.283378346
144.226113059
115.090522047
383.026459156
53.958646022
98.0423570399
55.2636320225
144.743334059
468.711388191
5.61583700228
0.0
16.9412800069
4.69347500193
0.0
5.51764000226
222.775513091
552.243985225
0.0
17.9776610073
2.67940400109
1.86472800076
5.30439000216
16.5999970068
10.9495720045
278.379769113
12.253562005
1046.96985643
37.4775030152
3.22619800131
29.2565610119
0.645554000264
5.03191300204
0.655775000267
1.17921000048
164.733114067
9.98463500406
1784.94745173
65.1591760266
972.649579397
2.2116010009
432.403067176
35.7990250147
393.473654161
32.4635320133
1.29114600053
193.646149079
610.383624249
329.401928134
197.584659081
0.959103000392
552.535515225
48.2488250198
0.465687000191
95.827186039
3.97577100162
515.24406121
0.0
139.237186057
38.1237250156
25.5774140104
0.0
0.593834000241
149.685781061
4.11724500168
0.336585000138
7.47232500305
773.016164315
88.516968036
40.9257190167
49.5249710202
170.53033507
476.602367194
78.2627550319
260.562215106
2095.21978685
103.720297042
0.461070000189
243.126422099
0.156087000064
482.796766197
32.4516720132
1103.57237345
264.518663108
12.9423510053
11.8846140049
402.515403164
14.613391006
271.105682111
1.51205100062
43.0987650176
7.05858200288
0.506746000206
4.60730600188
18.7670930076
0.0376090000152
0.56320100023
0.46565400019
30.7294460125
14.707690006
775.849736317
122.00631605
328.625683134
68.2455860279
0.634162000259
1.09157100045
3.17631000129
0.0
0.250476000102
94.2495740386
68.2015480278
0.374347000152
0.0
0.0
21.3266660087
21.2466840087
50.0630900205
58.8246770241
89.7890530365
2.10052800086
127.526866052
0.0
328.197035134
660.85959927
717.255399292
632.791706258
470.431949192
797.920634325
409.915125167
834.80732534
1173.84195348
4179.5090027
0.0
18.3622060075
308.220212126
25.7482730105
89.2072960364
0.626476000255
43.8728370179
16.7708980068
22.4555690091
0.409298000167
60.2822450246
996.189895407
3014.72508123
3.92205400161
344.829223141
0.0
140.312054057
19.0662060078
0.303988000125
0.0
16.9373090069
305.798495125
8.94023200366
7.70388300315
358.695326146
31.2790640128
595.650345243
278.612297114
6.76072000275
41.8253450171
0.0
29.1851110118
128.350257052
29.255044012
28.8693380118
25.2007560103
15.0963250062
394.253915161
656.581073268
446.847863182
11.3588790046
1023.00710542
39.4513980161
3.1856280013
8.70182100355
0.0
72.7702840297
109.088522044
34.364077014
44.7654720183
508.275088207
11.4755720047
1.04593300043
3.03659800124
0.0979200000401
2.79520400114
616.325124252
19.2425920078
0.462016000189
461.345202188
0.487850000199
120.644288049
835.108815341
99.9959130409
154.989779063
203.901095083
100.541301041
177.513788072
1045.95820343
70.6705490289
1.57653100064
21.4476260088
248.154413101
458.444447187
29.7757310122
0.284466000116
27.3413300112
0.59135000024
655.336172267
449.767980183
38.1416870156
96.7242610394
542.520574221
12.4055570051
17.5079550071
0.602015000245
3.84747300157
0.557078000226
0.135345000055
82.1172900335
178.416793073
2.62230900107
377.547140154
9.12198800372
133.169582054
9.46787500387
956.40334939
90.0957250367
1.11357200045
711.58827129
1.01010000041
2.38644100097
0.798667000325
129.119091053
433.323593177
0.0
193.460969079
32.004818013
503.872657205
6.97901200284
171.70057407
1.4871150006
108.810615044
29.1546820119
28.2801900115
719.363382294
479.298195195
47.0712050192
135.444549055
1.88845900077
115.102893047
0.608838000247
621.211691253
0.0
132.698979054
607.455842247
1.86689900076
9.0688860037
932.95775138
46.1576590188
0.632146000258
18.6849640076
512.375948209
422.182656172
0.0
507.531056207
22.5905240092
389.652393159
399.935226163
337.462939138
18.5803720076
472.714027193
0.0
23.4262500095
50.9232510208
6.98292700286
72.9539100297
5.94142300244
25.6936540105
394.711491161
291.239977119
10.0564050041
179.056687073
0.4928910002
54.079558022
51.1009240209
384.436567157
57.2020290234
0.0
388.987247159
6.35232800259
744.724861304
1.20627800049
8.43477500344
57.0367410233
40.6752430166
0.0
2.35681000096
1707.4811177
860.928318351
85.2812820348
0.0
88.6416100362
82.9849200339
0.0
0.0
16.7323140068
17.3907710071
17.6710610072
0.0
0.0
0.943242000385
38.5491660158
294.41013912
0.600962000244
860.555355351
445.456372182
93.2682170381
549.196688224
282.632409115
154.956589063
0.916601000375
6.26135500255
0.825871000337
0.0
0.0
0.0
17.186952007
0.0
2.81837700115
27.5702800113
119.073830049
269.75335311
11.7767400048
155.123139063
104.857343043
1.14717300047
24.59884401
21.5948600088
1.66273900068
5.52329000226
170.148089069
0.501458000205
336.824915137
8.06223200328
88.4611750361
0.0
180.851990074
1.85201800075
1.10686400045
650.600865266
0.0
9.3079550038
10.1358810041
16.3624820067
0.0
1.54489300063
84.4545440344
7.64718200311
630.013362257
0.0
19.575822008
448.547154183
878.501170358
22.9269550094
15.0329440061
6.44546000264
0.0
7.61989600311
1.09840400045
0.0
48.6538970198
17.5674120072
100.261821041
13.4415820055
50.7362510207
53.6499840219
16.5505510067
49.7967390203
16.5846890068
44.8847980183
100.764957041
11.6801820048
46.0338490188
174.087623071
3.05074200124
82.0270170335
1.14849300047
1.81457000074
4.49474000183
16.4759170067
31.997996013
72.0100150294
0.529092000216
24.55238101
35.3827760144
17.6966450072
473.864358193
7.61997300311
22.8575640093
194.489036079
152.237019062
56.1419770229
4.19461200172
6.71173300274
3.37750000139
1.55864000064
1.12616700046
127.916751052
15.8018560065
42.3300780173
0.0
1258.97015551
51.8019780211
219.58428309
2.41347900099
117.162444048
206.280399084
454.912660186
0.0
1.09782900045
16.6629320068
0.0
0.727129000296
2.79043500113
31.1113780127
48.94672302
17.5745000072
0.0
0.0
1.4791620006
40.6689590166
22.2305140091
74.2541710303
0.0
0.934450000381
20.6159760084
5.07772300207
0.272568000111
42.1553370172
11.7655710048
54.2504910222
11.5692050047
538.59410922
286.397080117
78.5009950321
307.672541126
0.457808000186
418.427232171
13.2143220054
0.0
30.5029610124
171.56717207
42.1567810172
44.4383690181
100.670881041
117.923334048
2.69262100111
20.7865260085
0.0
1627.31731166
0.603586000247
659.329498269
477.767860195
54.3060510223
19.6934540081
248.550602101
0.0
67.8283520277
417.78514517
0.387149000157
11.1246300045
1.53235800063
0.0
294.55451112
85.490045035
0.0
0.0
986.688690403
422.337697172
67.8378980276
0.435063000176
3.67177700151
200.889656082
34.346520014
469.241820192
65.9669330268
13.7951550056
4.34853400179
17.273258007
3.12307800127
171.93016207
6.72150500275
5.02259400205
198.753687081
520.496237212
372.008884152
0.0
177.264015072
0.0
4.68778200191
0.0
0.0
30.5700810125
170.403458069
32.3923920132
0.0
83.668488034
0.0
1.51692900062
1.60182800065
223.237979091
43.4575700177
65.1003190265
14.1699790058
241.915966099
57.8817530236
0.155778000063
39.0216430159
36.2863940148
67.0140450273
0.0963110000393
571.279662233
297.164352121
7.6000250031
4.1663080017
189.651245077
87.1219020356
81.5399520332
2.71373900111
0.0
0.0
1068.76324944
3.34792700137
11.7026800048
364.492393149
30.5786480125
3.98441000164
9.71765400396
20.1550710082
0.0
79.2456810323
288.237506118
0.743846000303
18.7913370077
0.0
38.3400400156
186.732826076
93.6010090381
28.9413430118
24.55215201
2.30494200094
514.92990121
52.5109590214
1176.84037748
49.3470250201
0.0
0.0168610000069
34.9796770143
76.096966031
2.17258000089
0.0
0.383912000157
1.18437500048
190.687205078
0.234261000096
113.418012046
31.7359620128
1.01050000041
2.32790200095
714.453378291
4.72947600193
977.598624399
433.069774176
1377.70794356
3.90323900159
0.842728000343
120.305026049
25.6321690105
46.2666320189
168.245007069
566.192741231
0.791224000323
545.160500222
0.0
11.2249640046
220.23004609
99.6951910408
4.38033800178
324.617720132
874.038669357
23.0475670094
30.2358370123
6.30112400257
1.37920900056
186.774369076
7.45651100305
590.861082241
31.931536013
113.906291047
33.2730690136
3.20599500132
16.6760920068
1.85003800076
473.902473193
0.631717000259
0.0
0.0
280.798333115
74.9016440305
0.41322300017
1.88934700077
2.24531500092
112.802527046
126.417995052
24.1361070098
2.81847300114
0.0
15.5517430063
7.6049760031
40.3469220165
14.9094560061
10.5576350043
8.8264510036
1.08680200044
0.0
2.40649600098
42.6184790174
0.387149000157
610.305055249
37.7071220154
6.41435100263
1.62586900066
0.784355000321
0.0
2.9190790012
118.588735048
0.752297000306
233.944056095
15.7448040064
15.6112120064
618.789385252
0.972291000396
56.6780540231
4.95687100202
0.0
523.000582213
42.9740760175
506.151049207
0.0
30.2340580123
0.272568000111
61.4641890251
772.584943315
0.915975000373
17.6406950072
22.3980200092
15.4854190063
4.10494000167
30.1385440123
138.166992056
5.79692800236
219.66962709
0.761573000311
0.516768000211
3.51731300143
15.5339240063
2.39782200098
21.7080310088
0.0
2.22362000091
0.0
4.85479000198
0.0
0.222149000091
3.26210700134
425.161372173
189.202700077
19.9829520082
327.819140134
797.329894325
94.1236160384
86.6505100354
14.5786980059
1.01127700041
6.51014500264
460.647435188
310.606634127
73.8357460301
252.450326103
663.621460271
0.0
0.0
548.509965224
414.405501169
65.0397960265
7.52504300308
58.756094024
0.0
4.83618600197
11.5780020047
0.29669900012
25.4105920104
24.2478990099
301.002144123
270.38549811
382.100273156
133.420965054
2.41605900099
680.730020278
11.0350470045
0.0
0.0
0.0
37.4835920153
0.174269000071
392.27955516
720.257497293
2669.35978909
22.5408810092
629.605651257
297.837206122
24.57902701
148.400175061
385.880738157
86.0063410351
36.2508840148
129.352359053
24.7394020101
0.355021000146
51.0886200209
0.0
0.0
0.0
1284.53782852
5.93901900241
13.7611470056
0.0
212.379260087
9.05790600368
13.7793610056
20.2133030082
232.609592095
5.72791600234
365.764106149
258.250757105
413.322320169
0.772398000316
4.57231700187
24.9375090102
0.446495000182
0.0
0.972442000398
1499.36067861
5.21976900213
217.371036089
0.0
21.5637370088
407.225796166
126.060490051
9.11539800371
17.6067070072
107.192325044
1.9595610008
169.211581069
4.24693000173
201.085628082
0.0
0.637091000259
265.710766108
4.30772200176
411.661387168
5.88907500241
1513.09070062
381.052006155
500.045018204
7.03863000286
0.0
0.783046000319
3.60265300147
78.6969980321
101.341470041
3.48766600143
13.9333390057
2.98462700122
2.07631800085
164.344901067
167.023508068
34.8664510142
127.461759052
3.09960500127
66.9104490272
1677.87531868
0.0
101.742394041
0.0
7.06180100288
15.9419890065
2.34338800096
650.734782265
86.4413360352
29.311126012
81.9077950335
2.77965900113
530.685858216
11.4690250047
20.4452740083
4.95727900202
2.30019500094
2793.42927914
0.0
0.462643000188
1.84981000075
0.990037000403
6.05811400248
216.927102089
19.4030990079
0.0
32.6428980133
0.0
1.28611700052
0.0
0.0
0.0
54.1526610221
0.0
42.3089240173
12.5086880051
1.41075500057
42.7220670174
0.0
0.383105000155
0.204159000083
230.648346094
0.696524000285
116.032470047
4.54761500185
29.8234970122
0.0
5.42202300222
789.660792322
196.53398008
259.807745106
1.48079500061
82.2842260336
1278.86480152
77.0271060315
153.447150063
47.6966520195
248.791864102
24.6999680101
351.053939143
7.35240500299
0.884488000361
341.004179139
3.4380300014
3.58765800145
13.1977590054
146.35960406
189.792952077
0.0
0.78633000032
0.531299000216
0.0
522.439314213
95.1019690389
67.1091810274
0.0
3.1812840013
10.9705430045
2.42568200099
115.710098047
1193.83290249
46.1294130188
22.5329380092
19.9723600082
130.794951053
107.397674044
3.24493600132
0.78408000032
0.0
138.368823056
0.444181000181
1.4791620006
44.163432018
0.0
9.00805100367
548.318407224
58.7089790239
31.4281870128
387.740536158
26.0516930106
674.236941275
28.9235960118
82.6237450337
73.2822490299
107.477217044
0.842493000343
2.81885400116
116.236217047
0.0
169.321148069
7.41530100302
0.199145000081
0.0
250.319525102
49.8869980203
0.973082000396
90.3672130369
16.8331360069
959.295375391
124.075368051
3.96136200161
1.79101500073
223.316223091
440.29961118
62.3294100254
1.37407300056
23.5820300096
84.0822340343
295.17264212
545.686493222
1.00974800041
2.23779900091
79.5220780325
1.19125600049
0.0
851.936567348
685.63434028
414.162711169
151.886545062
166.437364068
0.0
15.6036070064
0.0
5.05251100206
8.60162400351
183.191832075
45.0651820184
0.0
1.62159400066
22.077825009
569.320018232
169.807937069
169.979318069
14.1426460058
2.46893500102
18.1609520074
0.0
203.302244083
22.8511420093
45.4954810186
14.716356006
1203.50669149
150.458126061
24.6623370101
22.2633710091
423.388403173
341.623117139
1.12864300046
0.338773000138
71.3817290291
4.82692200197
144.885347059
15.6886140064
19.1239050078
0.801237000327
778.875718318
3.66916400149
0.524213000213
0.0
152.075971062
0.765985000314
13.0884690053
115.734448047
13.5291390055
269.00496011
0.59135000024
52.0601590212
7.92340000324
15.8115830064
17.6208310072
14.1848390058
15.0190580061
0.0
1.38870500057
434.261970177
18.6739450076
317.95698613
2265.16753692
536.276640219
3.53539000145
329.690039134
4.44167800181
369.457882151
0.430642000176
0.0
158.179678064
354.833078145
100.113815041
1.59964300065
48.5060140198
539.47739022
489.8710092
630.126209257
520.772680212
71.7217730292
503.431408205
80.0189930326
303.271810124
233.865840095
0.0
0.0
1.16533200047
8.42850400345
286.035907117
0.952347000389
127.974176052
124.214713051
1081.94192044
3.49361500142
54.7528840224
1.67983300069
144.888219059
65.6138940267
306.770032125
1.35543300055
0.0
0.300065000122
101.913549042
535.016988218
0.0
105.452338043
53.6029180219
0.148383000061
139.581691057
35.6045420146
6.00237900245
0.0
4.43695100181
116.579861047
5.8623580024
66.4048010271
13.0903100053
5.43627500221
2.63349900107
2.37481800097
1800.51049673
1176.60308748
10.0218910041
8.89012600364
12.6199580051
78.6363650321
87.2623000356
161.982769066
31.9524150131
40.1407810164
0.0
43.4131600177
698.174628285
0.0
0.0
365.479820149
101.175025041
26.0010130106
44.4354440181
36.2708630148
58.4201830238
18.8963240077
247.147566101
20.5887860084
0.0
120.925026049
1.67605200069
0.154476000063
0.116201000047
58.1979560237
0.0
548.198513224
6.20904600254
0.0
33.7610270138
28.6160690117
374.318396153
0.0
476.537886194
2.32823900095
36.778240015
538.92375522
35.1778360143
29.6899520121
88.8693780363
0.175849000072
12.7354380052
503.161936205
1.60155200066
26.0206880106
0.775558000316
23.6667390097
199.060393081
26.4560480108
2.07666500085
161.491075066
374.352723153
15.2674540062
19.8804300081
2.16280700088
20.7404590085
0.499552000203
4.80676000196
0.0
73.6984560301
0.34081000014
0.173162000071
0.896398000365
1.2293970005
210.937967086
16.3714400067
5.57313800228
59.3044470242
64.3978640262
0.0
1.73231000071
322.961140132
14.660180006
1.08798000044
40.6309650166
261.020735106
97.5624650398
64.3950260262
148.792229061
2.12643500087
277.727304113
198.732861081
42.0420350172
0.0
137.958055056
0.0
54.9167850224
27.117216011
281.461085115
151.076066062
21.3807500087
224.350048091
0.780907000319
1.34361800055
246.4485341
18.3142900075
9.76055700397
182.047351074
158.960782065
128.883396053
4.08908400166
166.293022068
19.1914340078
543.066979221
24.7410860101
85.5656690349
54.9507350224
0.0
109.231184045
85.0283160348
250.519383102
376.378137153
80.8451360329
25.9258050106
0.0
35.0004070143
364.094551149
581.550954237
15.5011220063
19.7729570081
233.745588095
1389.56308257
15.0384740061
31.5224740129
14.8725060061
273.590690112
39.1934090161
0.670413000274
40.9736200167
4.17308400169
1.01995100042
15.0963250062
190.057163078
151.677296062
0.769271000314
256.707940105
0.0
1.60252100065
37.1745970152
65.0204760265
587.19579524
657.007408268
13.4678950055
0.0
0.0
680.636095277
6.77237000276
0.190763000078
6.39533000261
0.0
27.7560200113
592.611464242
479.383436196
592.547450242
12.189970005
0.0
3.1790950013
62.6876020256
629.699094257
0.483904000197
927.076040378
1.78391000073
104.898428043
260.567417106
0.0
16.3951880067
3.27741700133
69.4942270283
0.0
8.74936300357
156.896877064
179.924486073
0.0
0.978901000398
208.392503085
62.4291880255
16.0687380065
75.6747360309
2.90801700118
0.0
649.723029265
0.0
0.452301000184
8.90630900364
509.106463208
0.51636200021
180.580879074
0.66534800027
56.8658220232
1.06086300043
6.82146800279
801.624316327
0.649111000264
114.304721047
44.9662480183
39.6344470162
2.51385100103
27.6067200113
0.0
0.0
95.783390039
8.47281100344
2.17646500089
106.309866043
1046.58050243
3.86279600158
43.6745400178
0.304297000125
2.82214100115
1.29517000053
214.718099088
117.024135048
210.286354086
0.226809000093
15.7448040064
645.928742264
98.2760530401
0.913713000373
0.0890130000362
0.0
50.9035150208
0.0
1.4776470006
1.61053400066
12.8877780053
14.9432760061
47.5054730194
445.951409182
21.2997160087
2.76292500113
7.41763100302
1285.69098652
0.601880000245
317.90760213
2.03952300083
0.958359000391
245.3073261
18.6996580076
152.360750062
106.283097043
1.04599100043
8.8360300036
71.9073800293
92.9968520379
777.583054317
36.1888950148
71.3645640291
435.489740177
1.36381000056
1.17838900048
2.1956320009
531.968403217
121.173016049
0.924606000378
542.675062221
0.0
0.0
34.5457140141
0.0
1211.01643149
360.289084147
0.855434000349
358.031210146
458.380948187
414.546316169
105.989561043
84.2392350343
146.51808706
754.524176308
0.0
325.000754133
26.0939400106
735.9400243
77.4352690316
42.8395050175
83.280028034
159.914322065
0.447882000182
9.83564900402
138.508511057
22.9743310094
299.662517122
20.3902430083
28.4596920116
227.590904093
0.227705000093
0.0
436.331865178
186.535741076
0.135874000055
344.09817314
20.0344750082
153.232473062
0.0
0.0
139.399888057
0.679443000277
49.6244970202
3.93490100161
109.582819045
18.2520180074
0.0
2.27251800093
0.452388000184
142.759076058
1.32261400054
0.665688000272
1.43840900059
23.3248090095
136.828788056
4.29560400175
245.0940171
17.6413550072
0.0
10.9453020045
315.026761128
289.074754117
2.57971100104
16.2528480066
543.541343221
21.928884009
447.750351183
412.086316168
59.6651340243
0.817628000335
463.198635189
357.844116146
19.8676210081
156.641941064
0.0
540.262404221
16.8646700069
527.563326215
590.767579241
293.89589012
8.22935700336
0.0
16.1080160066
107.872152044
195.20928408
57.9248490237
0.0
0.0
0.361401000147
32.7662510133
5.10653600208
93.0344970381
708.949644289
317.61794413
118.404337048
272.593044111
142.762394058
0.247423000101
45.9909410188
68.2795120279
759.99806031
172.816238071
162.740323066
1073.96627544
2.03234900083
44.8072870183
4.32300300175
214.299910087
112.304279046
10.3313010042
274.913894112
581.309323237
2.12619700087
162.574250067
24.3952230099
4.52746200185
267.573226109
0.9790320004
435.026081178
43.9240700179
129.656871053
1064.36917443
0.0
0.211598000086
0.0
0.262061000108
20.8135260085
72.1043960294
418.109220171
95.2406020389
15.6886140064
5.50664100225
0.0
0.0
2546.02196704
0.0
383.208241156
1133.76474246
8.0836960033
18.9681960077
1.45306800059
111.572055045
0.0
10.8287130044
1.40396200057
23.6382250096
0.0
594.062455242
45.2494070184
196.28009208
1.02056600042
29.7554670121
17.9383240073
563.162637229
1.80496600074
0.0
0.945639000386
80.5024600329
21.6170330088
4.45322600182
219.514794089
72.8465390297
2.66624900108
164.225968067
794.660807324
2123.08807987
1.24683600051
4148.92819469
215.715292088
2.64488600108
3.07433300126
0.70685800029
0.0
88.6488270362
288.148956118
19.634851008
0.0
23.1920130095
405.991131166
62.2586350254
16.5228250067
275.308381112
82.4410340338
0.809562000331
200.374629082
1.74692600071
0.114473000047
3.56357400145
2.74561400113
26.0432170106
136.063552056
0.841780000343
27.8557990113
36.8167910151
38.4706810157
217.856026089
44.5741930182
30.9851790127
0.567754000232
210.751495086
40.5362340165
40.2272370164
651.202165266
5.39567200221
10.2323770042
15.5578020063
13.4678950055
11.3296230046
0.0
0.963905000393
0.0
59.2723210242
0.0
101.574197041
0.0
1249.92157351
200.510106082
27.9259040114
0.0
1.34202700055
146.97187006
58.1990940238
18.9255970077
10.4822850043
3.4139070014
2.60455500106
0.345879000141
114.570132047
12.4465680051
21.6203620088
472.423847193
23.1269370094
266.111249109
226.115549092
44.147598018
18.1586620074
99.6944330407
63.2550600259
373.648384152
0.0
0.409636000167
9.35651500382
57.7697490236
364.558466149
10.9685890045
3.79906000155
599.659812245
183.549459075
146.60959406
158.047546065
53.1385560217
46.3154000189
58.6855150239
18.7793320077
4.75059200194
0.674272000275
53.7795170219
1.03926200042
39.7911250163
112.782708046
63.5578790259
5.67530000233
293.55575412
0.943513000385
16.7596110068
533.084886217
0.519910000213
0.0
321.738249131
2.56962800104
11.7282260048
183.768052075
373.730627152
2.06885700085
398.992562163
236.788463097
822.624629336
1362.00572156
320.06983913
0.534669000219
27.5320190112
525.351444214
45.8036670187
0.0
1657.39995268
1.03424300042
764.894905312
15.9895800065
0.360059000148
0.843195000345
0.178739000073
4.00385900163
1.57364500064
183.773364075
641.020853262
793.385976324
2.438272001
6.60500200269
472.446781193
348.505761142
514.14365921
71.9096410293
133.438085054
122.47989505
1.63757500067
240.123050098
0.0
149.725811061
423.254521173
11.8573570048
1.20732300049
0.0
410.180209167
3.90981400159
1.55413900063
1.59568900065
0.0
1.50531600061
0.664816000271
1.4753540006
61.1221990249
12.5873350051
0.0
0.0
0.557614000226
606.645766248
54.8533940225
1.19408100049
0.192888000079
9.99512900407
325.267358133
0.172668000071
4.21584200172
17.4132470071
8.05933000328
2.93508700119
3.67085300149
29.7732650121
73.5400640301
56.6940810231
5.75157500235
257.269568105
0.0
0.0
0.0
40.1482120163
0.0
490.5712812
96.1310710393
66.5241090272
238.161091097
1132.04326446
0.204159000083
619.932994253
0.0
248.724036101
511.929004209
435.430495178
112.649572046
0.0
100.761894041
53.819449022
4.71495200192
98.2599090402
41.9273850171
1.64782100067
0.423370000173
38.7464240158
0.672044000275
3.46620700141
196.53952608
0.0
7.14274600293
57.5107910235
112.901046046
17.8342720073
2.03466000083
138.280852057
97.2515980397
42.1931810172
482.049576197
1961.8662108
14.2642780058
0.422152000171
41.4768360169
206.786029084
370.658289151
902.443982368
622.873750254
563.24327923
24.0633970098
0.46565400019
46.509218019
632.998599258
172.40233107
164.461511067
807.241294329
0.0
0.311839000128
2.59364000106
14.2978320058
8.93134500364
0.0
0.999522000409
35.2426910144
609.661632249
143.590893059
53.890107022
52.1990970213
387.561699158
502.847770205
1.14503200047
243.417653099
19.3026540079
86.7875460354
0.413741000168
1799.17954273
705.046484288
0.449984000184
569.452968232
692.494401282
1.17679300048
0.0
0.0
33.5673200138
0.941399000384
58.2554850237
169.925435069
0.83677000034
0.347218000142
1.98144000081
5.85494400239
758.69584931
0.280191000115
21.6353860088
56.6606590231
3.44530700141
0.115825000047
2.2150010009
29.8167720122
264.066944108
26.5805750108
1.65575400067
49.2596910201
0.570092000233
165.295630067
2.66952200109
21.0406800086
6.08296700249
2.49983500102
5.29383100215
0.0
5.54940700227
2.452564001
32.4832560133
2.17989500089
108.432425044
0.581799000237
20.6593510084
2.81121800115
497.421542203
489.5233562
812.730085332
10.3492120042
610.170072249
245.9937461
185.367864076
113.846774046
100.353885041
0.572052000233
612.13524825
316.351009129
0.0
13.0979320053
0.665644000272
0.258471000105
0.0
82.2685000335
142.232238058
549.989650224
2.41085600098
66.7528870272
36.9027460151
63.2105530258
10.2649660042
449.427022183
0.617313000253
801.129589327
5.53515200227
3.47450600142
353.166354144
49.2151070201
251.045875102
538.88493222
2060.52595384
2340.37787195
31.0894800127
1.76114000072
7.8360640032
505.321114206
105.284687043
0.0
70.9770690288
4.01383600163
231.191268094
0.830648000338
620.886968253
502.454986205
238.459042097
0.114473000047
0.92920800038
37.5931950153
0.855434000349
74.5864390304
7.35301500299
583.417247238
51.547382021
1.06307400043
166.361578068
2.33250000095
6.3921260026
7.26356600295
126.776573052
2.13955200087
14.8316760061
467.28524919
63.2779540258
51.5771670211
271.14107311
0.0
633.243963258
22.3538560091
91.8667220374
0.46728600019
13.0825230053
285.195595116
419.289786171
1.74507800071
111.405700046
8.5599390035
1.33488500054
70.4195300287
1.67952800068
91.3077880373
333.077095136
17.149220007
150.697766061
588.37895524
4.83878900197
0.409298000167
0.0
0.0
117.220825048
70.9057870289
49.04142902
2.35287100096
19.2654850079
364.625821149
85.880103035
3.63160300148
4.80780400195
302.197022123
938.497758383
5.44913000223
0.738171000301
86.1957030352
956.78141039
10.0090970041
0.0
2.99959600123
4.92834800202
0.436091000177
2139.49203187
13.5737040055
2.29057400093
179.734004074
723.634106295
20.5240100084
21.1024500086
0.657709000268
4.29818000175
106.530119043
0.0
309.117970126
0.0
1048.25748043
2.51125800103
13.6309550056
0.0
253.901726104
692.164883283
730.185588298
0.322584000132
0.530501000216
1.79129100073
0.70910500029
0.614804000252
12.8186010052
287.129461117
1017.37623842
1.43172300058
1194.21556449
63.2223400258
24.8225110101
134.247409055
549.087791224
518.926099211
0.0
34.130129014
166.842253068
0.0
0.0
265.862305108
22.9315370094
0.417603000171
213.211992087
59.033434024
74.1629350303
106.867706044
20.2706680083
1.21496100049
108.307626044
10.6425720043
2.65830600109
615.903488252
1352.78727855
13.5163810055
8.59805400352
27.1332800111
706.461962288
70.5533280287
657.046933268
91.8424530376
537.98073622
51.516426021
93.7913320382
70.2022590286
594.559163243
435.774454178
2.11810400087
475.254316194
26.1095940106
136.829685056
57.4044500235
34.9948840143
547.137986223
3.01590400123
36.9980730151
49.6685140202
603.801832246
127.742353052
167.758660068
42.9086190175
8.99512200366
0.0
205.330623084
101.384822041
1.9727980008
245.2697891
28.0222000114
1.30497000053
8.23058100337
153.149186062
7.53370000308
597.137540243
42.2724030172
226.770305093
18.2376950074
35.7537540146
509.823444208
24.7464500101
29.398949012
3.79800700155
455.199698186
1.68949800069
588.33827924
67.8378530277
68.9114890281
2.92093500119
10.0781320041
26.0928950107
7.78603500318
13.7739640056
57.2196330233
0.747209000305
2.93290300119
51.7599770211
0.688652000281
93.9347600383
214.611408088
0.0
190.231073078
868.381611354
12.4003170051
484.610117198
16.8200920069
70.7983160289
41.4717470169
298.100940121
1.08564400044
255.348207104
264.635984108
1.07956900044
0.273302000112
205.138305084
15.5390530063
1.05427800043
49.8793600202
15.0963250062
143.371977059
173.558319071
100.957606041
723.850736295
348.102636142
17.8915530073
355.302287145
0.290977000118
1.87571400077
178.048471073
3.83553900157
0.441307000179
1.50191300061
539.52477722
3.16905300129
1.52581100062
0.7336540003
5.3691600022
33.8427850138
0.406924000165
17.6243030072
0.436091000177
254.746010104
0.0
2.31679000095
6.53600400266
0.0
10.8873950044
49.9954070204
0.22024200009
88.6509260362
139.418840057
201.818143082
16.8614340069
28.0796450115
154.395380063
53.0611020216
635.248693259
33.1914540135
22.9145780094
22.5378750092
14.8808800061
708.106351289
2.9299300012
4.1966770017
0.0
0.0
30.3568560124
8.62146200353
21.934200009
240.324537098
137.952270056
6.79786700277
17.5606160072
30.9708390127
269.16475811
29.5272320121
215.814228088
115.582001047
54.9458000224
51.379872021
20.5243830083
92.2889050376
570.564950233
1.49379900061
0.0
174.397644071
0.0
133.782246055
262.114250107
155.553084063
24.8334410101
1149.47235947
740.490833302
6.98365700285
29.6186770121
578.585875236
0.0
5.35403200218
253.350381103
0.0
25.4699450104
12.3804620051
0.250476000102
1.43509500059
63.608198026
0.0
0.0
0.0
153.597555063
59.192833024
538.91021822
13.5969740055
0.0
870.072006355
0.0
223.156847091
3.57903700147
0.455480000187
0.373880000153
617.749466252
0.547105000223
51.3817950209
19.2493540078
787.477454321
646.026862264
26.1170420107
51.291664021
114.347558047
1.41375000058
196.01079208
190.020168078
241.295730098
2.51420700103
0.996785000407
24.8872380102
0.772048000315
0.0
180.124937073
60.2389040246
0.453804000184
2.05309600084
24.44972301
64.9418590266
0.494904000202
711.56576029
13.8896150057
420.080046171
44.136250018
214.678172088
239.429963098
134.718368055
0.276584000113
9.828524004
11.7038990048
0.757302000309
262.286062107
0.469897000192
2.52858200103
2722.65489111
30.5772200125
2.78535700114
67.2282090274
0.0
0.0
17.8369180073
0.745151000303
8.87291200362
82.3630070336
103.629667042
75.8755680309
50.5186360206
28.3990490116
1.27915700052
188.787934077
1.20428300049
715.391580292
281.482905115
0.59135000024
0.0
81.2055580331
60.7544750248
74.0957740302
41.3648870169
123.487150051
15.3278260062
17.133178007
586.009811239
160.094132065
6.72137100275
746.820537304
712.286387291
852.771905348
0.0
0.781531000318
5.26551700214
0.22037100009
34.2148350139
55.4291180226
0.0
38.0935520155
1594.65782465
263.053573107
48.1105030196
219.97097109
0.0
124.277507051
18.5922720076
0.0
1.29597000053
150.082893061
131.917540054
31.1205180127
20.7353410085
90.4180850369
132.483523054
62.9647190256
28.0029320114
37.0031110151
10.7730990044
0.0
340.698880139
272.088028111
1.19739000049
5.53055100226
22.8606600093
0.197282000081
702.239711287
214.679750088
29.7137350121
0.95434900039
112.241621046
4.01654600164
3.56084200144
27.7393020113
3.44906900141
234.440602096
1.01274100041
513.109330209
10.6953460044
0.0
236.930313097
63.6490120259
38.4660270157
1.73381000071
52.9390120216
37.1014440151
3.63364100148
0.0
10.0099630041
0.603660000246
26.6920280109
208.011677085
0.0
63.1249190257
0.447882000182
0.39213500016
304.533805124
0.479815000196
478.141329195
73.4618800299
0.0
130.818191053
15.6957780064
3.50681600143
16.0072160065
1006.98446541
57.2163200234
28.5724470117
434.211507177
99.5164780406
16.4909740067
412.279106168
21.3955920087
14.1104270057
2411.26217998
659.531398269
26.2281050107
0.408867000168
454.772343186
158.631298065
87.1049730355
2.80567100115
80.7939230329
0.0
584.164943238
103.744943042
1294.20569753
25.7793640105
17.238630007
9.12322300372
150.801511062
514.23783321
0.0
2.07019900085
3404.05957739
327.141579133
115.329496047
0.46642300019
2.27767600093
0.0
655.418545268
105.930104043
9.37797200382
145.336623059
5.12574300208
24.6632120101
407.985347167
12.6745990052
13.5708950055
39.7340760162
0.0
916.918183374
6.76529500277
700.640471286
0.0
3.69471300151
577.410230236
292.254586119
443.372102181
1.38466100056
82.6053560336
6.35661800259
2.70983100111
53.885449022
82.8890280338
201.367353082
536.325641219
0.0
24.1258650099
0.651541000266
23.3400650095
0.959702000391
3.85191200157
62.3006330254
1.18503200048
210.897013086
26.7946470109
0.0
23.3208230095
0.87953500036
0.41690500017
72.5957740297
0.0
85.0655090347
17.6223500072
32.7562560134
0.0
2073.86536785
686.30176628
11.2858060046
1.17121800048
60.4179820247
26.861265011
230.414610094
42.3445540173
67.5295260276
2.7007770011
0.314211000127
1.03425300042
1.12181700046
164.235068067
6.95531400283
18.6996400076
78.528929032
27.6620870113
21.6937010089
192.627948079
0.0
0.0501280000205
24.0189820098
1.04826300043
1.30474700053
756.450818309
0.0
800.796473327
238.793481098
562.78354523
60.3511650245
353.272704144
4.63619200189
0.0
0.892192000364
420.945681172
370.072950151
11.2497890046
0.937353000382
686.81480528
1.08365500044
10.5590250043
119.203399049
6.16974900252
31.890009013
25.4039310104
249.167243102
0.564716000231
69.6718990283
69.5487750285
40.8530250167
1.98742000081
32.8509520134
2.18968900089
11.1742090046
189.179033077
19.9904960082
44.020251018
11.5872570047
0.780736000318
101.808843041
0.0
1.01010000041
133.590274054
5.6475570023
9.33647300381
11.2052310046
852.354783348
39.3982230161
26.2281050107
81.4319430332
821.979652336
21.2341400087
177.688676072
6.14427900251
0.0
1.15486100047
0.71062800029
10.8876320044
156.865001064
1.76831400072
44.040464018
0.377488000154
115.836692047
0.0
161.335873066
539.48957222
5427.42481621
14.4076840059
496.153161203
15.2928200062
199.784095081
1.50773600061
0.0
32.6006280133
508.639102207
516.673093211
300.328506122
1084.70625644
4.82120900196
22.4290580092
41.4492710169
32.0979450131
6.62239200269
62.9714200256
0.0
4.03141800165
0.31586800013
61.389911025
10.1671540042
15.1819600062
93.5934920382
19.9388540081
20.1424010082
6.5998160027
8.44103400345
13.7955340056
110.848136045
107.023252044
2.65767900108
1.80504300074
0.457409000186
19.9384390081
46.675307019
222.825100091
27.7617220113
555.704171226
0.0
23.1888500095
63.4125500258
628.586006256
0.329880000135
829.767741338
0.0
0.0
24.7017380101
35.2954870145
0.178388000073
0.0
395.096461161
33.3100230136
35.7999220145
4.32430800176
0.777210000318
0.759563000311
269.09078511
59.4316070241
92.2353330377
275.142302112
91.8127050374
34.0709530139
2.75298300111
64.6170560264
226.314959092
7.38063000301
32.6715380133
321.716801131
1.33488500054
33.2933700136
0.0
1.48866100061
81.9116700334
7.22414800294
197.676631081
0.0
10.9783350045
0.600149000244
1.28627600052
89.6208250365
1.40282400057
1.66547900068
260.837280107
0.127001000052
0.0
39.8772810163
58.5412360239
802.515489327
0.0
53.0975610217
18.8647990077
0.0
18.3511380075
0.621242000253
755.525019308
21.0446730086
497.428642203
26.8161280109
42.7010150174
429.321457175
52.2293150213
35.1006870143
39.8477480163
96.2741750393
2.09219500085
2.55002300105
24.38563601
103.735409042
162.889314066
215.643582088
0.0
14.656462006
638.708557261
913.307344373
1087.22965644
1.53044500063
71.5739420292
62.5839080256
23.4845050096
45.8780980188
21.3820240087
0.0
93.8592680383
479.660112196
9.90834200405
2.86853800117
72.9579940297
96.3842220393
423.895495173
0.0
58.590107024
15.0963250062
0.827002000336
9.37758900384
0.993981000404
2.07906100085
0.0
514.82178521
465.03792119
8.79804000358
26.1755470107
275.600940113
1.16218400047
0.0
1261.39138151
10.7379760044
0.923917000376
7.76847400317
25.3787000104
20.7573190085
122.73539205
41.829819017
0.457063000187
2277.90342793
0.0
6.92210400283
19.3953550079
101.749013042
4.03192300164
8.46289300345
0.0
1.93926900079
154.122320063
2.39083300098
0.749628000306
235.885623096
3.23311800132
10.9471840045
88.5219420361
105.589339043
0.0
91.1264250372
0.632755000259
0.0
444.757878181
0.0
45.7811020187
19.7387590081
22.3561260091
36.9384880151
17.7853210073
9.0648180037
184.627143075
2.89457500119
1673.21246768
287.379874117
4.27473200173
0.0
1.21410300049
1.29843900053
421.307512172
98.7022510403
0.0
55.2717540226
585.145912239
0.0
5.23533300214
24.7700760101
116.888738048
0.0
1.04625900043
1.19739000049
309.375022126
0.0
0.0
59.2828550242
34.0738660139
2.07939800085
16.6629320068
6.98754400285
53.790290022
324.700046132
8.56081100349
47.8751860195
0.0
295.851983121
0.994954000407
580.039135237
5.98904100244
6.45614800262
0.0
18.5148760075
0.502233000205
51.5962610211
229.453759093
19.9299650081
2.50520200101
0.0
3.81559300156
22.8830650093
12.7567260052
270.64105711
53.8314640219
0.0
57.7794190236
311.513583127
174.866715071
2.68690200109
0.0
83.319615034
371.658133152
82.7574590338
114.022042047
376.139346154
94.6318860385
2.73104800112
80.991107033
172.51288007
0.0
1.08255000044
115.728101047
0.729539000299
16.0823020066
0.472865000193
51.9732600212
0.0
112.755240046
7.82343400319
7.15019800291
34.6021810141
28.8935540118
0.0
380.022402155
11.2250580046
290.474713118
74.5151350304
613.49752025
624.433833255
6.04764900247
621.630248254
876.048873358
5.08608100207
1.79511300073
0.0
646.388017264
7.51045400307
0.947436000385
4.68214700191
311.125142127
0.797768000324
9.81254300399
0.0849140000347
136.204549056
12.8110190052
85.651563035
39.165450016
317.82178413
0.855110000349
179.432096073
374.544176153
11.1105450045
723.428939295
1.05386100043
4.58870400188
16.7609830068
4.00527300163
25.8076110105
24.0715400098
683.516825279
452.254447184
0.0
80.8150850329
0.0
16.9796850069
0.0
3.00263300122
39.231248016
0.0
249.579533102
1.80485100074
1.54821500063
0.168027000069
193.840859079
0.345453000142
0.132577000054
8.27726500338
803.817721328
17.114396007
31.3238990128
47.2949560193
629.775426257
0.188944000077
266.826799109
60.3000150246
16.4455770067
14.9955860061
8.3530080034
4.46408200182
1934.81503979
15.0963250062
6.05124400247
1.36166200056
0.912224000373
75.885316031
4.78394600195
0.0
15.3567390063
1.94281900079
12.9017820053
10.2132600042
116.694097048
8.35980400343
106.546811043
206.001443084
2.12817000087
273.562151112
0.993749000406
358.430704146
26.6499570109
0.0
0.0
6.59033500269
21.0444500086
16.3488290067
6.10244400249
742.162399303
17.0123120069
354.968964145
715.197414292
20.2007240083
2.17833000089
139.295311057
24.8049560101
783.19057732
35.1953260144
1.97336900081
18.2827320075
628.591603257
369.758438151
10.0571960041
2.35021600096
43.8064850179
67.4991030277
37.0939200151
11.2002620046
2.32566000095
0.2457980001
23.9144600097
0.204159000083
0.403633000166
10.2724460042
7.88255900322
1723.5172677
0.0
471.908300193
528.088433215
0.0
2.41523100099
0.0
288.468920118
1.10423200045
79.3613780324
161.192175066
0.0
70.1563010286
3.49125000141
380.694615155
0.0
11.2951830046
33.8422290138
3.56533900146
27.2197080111
128.581980053
27.5534850112
105.790286043
0.0
5.07035100206
7.43775300304
295.288532121
3.4517120014
67.6799800276
3.14253000128
3.87637900159
144.545781059
2.54808100104
12.332948005
25.2280990103
233.768276095
0.0
451.739695184
289.358431118
27.9017410113
1.48866100061
1.73795000071
6.77785200277
38.2670720156
497.501002203
6.30790300257
1719.5055327
0.462016000189
0.0
1.34682200055
15.6895290064
50.1199980205
811.648121331
8.20559700334
402.237860164
29.2652960119
666.326192272
282.376402115
1.61651200066
2.62142200107
15.0332600061
18.0101740074
0.0
0.0
3.80061300155
55.1753060225
15.2556750062
2.74196800112
2.38114100097
620.444266253
17.3324190071
0.0
35.2312860144
29.2710940119
0.877001000357
49.2499610201
40.2374600164
132.321053054
5.59594900227
1.05822000043
0.0
27.6891040113
50.9749450208
151.829812062
42.9402530175
32.6851920133
25.6441280104
524.864817214
10.2198720042
43.0414400176
205.758610084
5.11401600208
123.77461205
641.994559262
66.5101000273
144.908722059
16.5986720068
7.0850900029
209.135771085
199.749299081
13.3485350055
0.364451000148
5.09049700208
9.67146300395
64.3280310262
541.595430221
71.9468450292
20.5747420084
170.059276069
79.5742900325
6.39399900261
470.452261192
224.683972092
0.0
0.0
558.174595228
0.0
13.1810490054
65.859994027
932.44017638
111.457902045
38.5608790158
0.0
35.3818750144
432.859776177
112.907692046
13.5098260055
68.5611590279
23.9849920098
229.266478093
0.46565400019
2.2132340009
3.46020500141
12.6220080052
40.3354680165
0.447882000182
421.962207172
61.8322460252
0.959103000392
187.020298076
0.467695000191
576.127324235
200.280699082
0.268499000109
632.862249258
114.327578047
122.00207605
0.115011000047
61.612013025
12.1445580049
16.7609830068
71.134697029
0.0
24.7815830101
20.6626250084
0.0
1.00220600041
25.6653300105
14.8323080061
0.0
8.92258900363
2.58077100105
243.752931099
16.4929390067
0.808747000331
30.7752260126
5.65422200231
177.023177072
1.75597600072
0.0
3.39870000139
106.349548043
19.3856490079
63.3252380258
0.31586800013
1.28611700052
283.162748116
1.37390200056
15.8070360065
2.73338100111
9.31367500379
0.0
39.0806640159
3.79654800155
172.950369071
36.830073015
1595.00850565
638.34471526
1.4785390006
2.18009000089
649.881881265
502.734176205
16.6622830068
7.93552300324
166.779110068
3.22947100131
2.23811200091
804.739907329
23.7922280097
17.198664007
559.205978228
420.398970172
631.502107257
0.0
1.04864600043
1.63408800067
19.573495008
0.127486000052
294.54300812
18.6063590076
339.792727139
127.503549052
223.053595091
3.42799500141
1.28913300053
0.0
6.41827600262
25.2853660103
128.152248052
0.0
2.92745900119
7.35288200299
253.644442103
2.69391200109
2.64137800108
443.986280181
53.748627022
263.286371107
31.1396180127
10.7799510044
0.753995000307
2208.5336049
86.3752020353
61.7524340252
44.4962160182
76.6083010313
255.095307104
36.929386015
0.571209000234
409.243801167
0.0
40.8750130167
239.014650098
239.894501098
94.9658620388
105.608321043
3.55718400145
43.6611180178
202.814100083
0.0
5.60216200227
4.4008360018
102.994957042
264.532079108
4.86117700197
601.207557245
0.767835000312
0.699217000285
148.804515061
64.9820310266
1026.29948042
434.768604177
21.4187360088
162.571955066
23.4452030096
41.1940680168
198.286415081
45.2770630185
28.8388650118
1.99021100081
7.62328700312
23.0642210094
2.03342400083
59.5429890243
0.500059000205
2.40656000098
0.0
0.0
483.724384198
1.21008200049
86.2880890353
71.5414400292
1.96786000081
0.0
702.947919287
1.7219750007
10.6989490044
1.92920200079
0.0
29.556074012
428.485185175
15.7374240064
0.193283000079
1.15538100047
148.08138506
41.5393770169
194.332831079
44.3596220181
0.0
13.2663450054
2.24213000091
846.195032345
314.469293128
2.63910900108
1.85237900076
0.0
1.20196900049
2.40820100098
77.6191050318
0.0
5.58378500227
68.8175680281
20.7770110085
10.8357610044
0.0
5.51611100225
22.8182530093
459.129941187
0.0
0.149794000061
311.716370127
10.3851030042
2.94234900119
564.27347023
10.3917270043
38.8620860159
21.2027710087
88.9735250363
249.576120102
1.10072000045
1.02387100042
0.581799000237
728.278646297
2.62095700107
815.231367333
2238.80493791
0.0
173.995464071
159.868274065
14.774772006
0.0
529.707261216
1.04180700043
0.530501000216
17.0253610069
3.08425600126
2.58249700105
129.439664053
23.3369440095
363.244324148
75.7153320309
390.035369159
35.7316540146
421.966841172
37.9210150155
71.4641620291
513.36533121
34.374896014
20.5844730084
144.665602059
21.1159160086
96.4104480393
514.80126321
111.166765045
31.0369050127
244.4113561
26.5947610109
0.798667000325
1.39628300057
574.747841235
0.445300000182
0.0
185.947082076
1.18627600048
35.5985330145
0.411181000168
1636.76980667
83.2470190339
59.3917550243
0.558815000227
95.425143039
0.0
129.272780053
44.6784210182
87.5028350357
0.260104000107
0.435063000176
284.503066116
0.0
3.91071400158
67.2038720274
5.29864200217
0.0
2.91925100118
0.0
0.0
0.0
0.995965000407
64.4959530263
0.0
89.7485850366
549.726799224
114.169486046
2.24584400092
0.139432000057
42.9304440175
22.8987700093
4.46958500182
1.02120000042
36.817797015
35.6886700145
976.971584399
229.900118094
14.2202260058
4.86381500198
37.0424390151
0.0
571.758557233
101.621141041
21.2160040087
0.0
0.0
0.12264000005
23.8608650097
16.1993300066
12.241416005
52.0212880212
47.1911350192
546.224654223
23.5216140096
107.691097044
41.1749980168
0.587434000239
1646.19145467
489.1971032
0.709779000289
31.723646013
464.98435219
19.529637008
16.3214660066
0.0
41.574767017
10.0977620041
0.295453000121
17.025368007
467.977503191
6.0999160025
1261.29643051
5.98216600245
628.099336256
50.7786700207
326.839584133
1.9555060008
16.3454040067
116.192464047
19.2760400079
245.0744031
0.702546000288
6.50511300265
2.02236300083
57.3512400234
25.0074870101
15.6377330064
1.7068480007
83.0582150339
0.352983000144
17.3582920071
308.476701126
1.17140600048
51.8424930211
15.7913600064
33.7439710138
308.543116126
194.509293079
75.3189250307
0.916881000375
462.439862188
67.4506650275
1.52391000062
0.654299000267
73.8247810301
37.5536650153
122.80930505
3.20538100131
9.40880700384
0.630905000258
0.495376000201
0.0
0.0
1754.29638072
101.362311041
3.72495600151
0.0
30.2126410123
126.297850052
4.81659200197
541.423344221
5.43934400223
1080.79940344
176.454008072
16.4698410067
275.115808112
3.4290930014
9.94706600408
0.0
153.933766063
685.88452428
85.6248570348
0.0
28.8761750118
0.304869000125
0.777835000317
0.467671000191
0.455251000185
5.99405200245
27.3877020112
0.784355000321
12.5837680051
1.38386900056
5.42820400221
46.267013019
876.857733358
2.16344100088
88.9883020362
3.57818200145
32.9700030134
87.1710440356
0.83698900034
3.10387000127
500.130650204
161.014808066
21.6862360088
0.642231000263
18.4060180075
35.9461300147
0.324663000134
155.331327063
138.218416056
501.032437204
20.0976860082
2.07704900085
74.2009320302
637.61721526
5.50463100224
0.714618000291
17.4478510071
5.10129200209
1.04025100042
148.493365061
83.7470830341
111.663510046
271.768711111
0.0
678.336258277
0.0
37.6169030153
6.22273900253
816.214045333
0.423370000173
2.06791200084
49.1734200201
127.104476052
134.269380055
6.55326300267
39.0171560159
1379.08762556
2.35556700096
217.866962089
463.867833189
21.6159210088
8.70712300354
0.856268000349
417.35702617
0.989966000404
0.0
158.938868065
0.0
56.7542070231
55.5442780226
50.4666570206
0.0
10.2732280042
4.52746200185
0.322728000133
0.754920000307
256.644279105
90.1262560368
88.0333610359
98.4486150401
550.102405224
72.9258240297
2.25576400092
77.5070520316
2.55045900104
1.83230600075
0.0
33.1205600135
19.9915180082
0.406924000165
598.147183244
5.29604600215
41.560712017
0.731904000298
4.20714200173
0.322584000132
0.0
29.6015880121
9.1088850037
1189.93373149
384.080475157
244.1543201
35.0493540143
1413.42221258
10.9109870045
763.716230312
50.8319330207
169.544555069
57.3095120234
19.686882008
0.0
0.410970000167
4.46555500182
2.73034800111
371.979231152
2.57854900106
0.0
0.860825000351
66.4528800271
64.0007960261
377.691055154
0.31586800013
64.7995970264
0.0
586.264858239
950.197347388
11.6402920047
0.0
10.9490540045
437.395775178
5.32681400217
4.875388002
38.0974740155
0.0
45.9149630187
3.24517500132
64.9323940265
63.539700026
0.0
227.737163093
407.633049166
779.947919318
94.8821980387
0.0
130.076119053
0.0
21.5695120088
3.1824610013
532.554162217
446.272183182
131.884684054
7.29981700299
4.6824690019
232.987230095
0.0
0.0
10.9357670045
20.5628710084
580.683448237
18.7442430076
41.4448590169
14.4352150059
390.143528159
25.0191740102
0.76338800031
633.201961258
15.3519320063
272.413406111
22.3178550091
7.01153600287
605.359439247
62.4680520254
0.0
0.0
2.446297001
527.562812215
0.0
0.176637000072
0.115011000047
233.400215095
4.86514400199
500.180512204
12.282047005
0.0
0.0
613.47695925
75.7688390309
87.6754060358
36.3754560148
25.8246900105
330.631852135
512.175115209
37.6441490153
1.06385600043
19.9467210081
7.28940300296
1.9662240008
288.174840118
106.900212044
30.5720510125
0.0
2.03712200083
95.4223120389
113.208643046
1.62616200067
0.0
9.92223100404
64.5336460263
11.4520660047
0.0
14.2993640059
0.0
0.422152000171
1050.75189443
673.277819275
1.11601400045
297.563092121
362.437628148
281.191572114
3.32891200136
290.025478118
434.597721177
3.9130600016
44.9917530182
356.673082146
553.200104226
46.9063400192
195.80670508
127.032457052
48.3792510198
2.52928700102
0.0
0.0
24.8556860101
1.42092500058
569.810553232
3193.4496913
1243.42788651
772.571384315
64.9671490264
412.172347168
18.3021010075
1.01894700041
5.80438600238
148.414923061
167.833962068
0.277404000113
587.60475124
115.048119047
495.702222202
0.0
579.914876237
21.8162660089
3.55469200145
8.60759200352
0.0
1.03450100042
353.409740144
134.720073055
17.8741030073
3.83480100156
468.429733191
78.538161032
17.5781530072
272.572326111
236.034408096
0.0
2.54776000103
25.2110330103
10.2963730042
379.288037155
0.0
7.99434600327
287.730711117
3918.3102126
370.534105151
635.364146259
644.643708263
81.254379033
5.71410100234
45.9601360187
163.874040067
6.25810000255
14.0405690057
33.8419480138
0.0
14.1549080058
0.968585000395
4.16054300171
0.0
2.65179700108
0.0
17.3557430071
730.697876298
77.3725820316
12.8682370052
62.6752210256
5.41675100221
0.503831000205
15.7231120064
119.057979049
200.210942082
0.920754000374
0.725302000296
50.0583700204
44.8560720183
110.073935045
0.603948000246
13.8653280056
4.13589200168
138.161896056
9.5522460039
46.702756019
247.200143101
223.222620091
185.313126076
228.783908093
489.8857712
4.22016500171
0.358078000147
49.2836100201
0.0
1509.87559862
56.381409023
121.88964805
296.258501121
11.4928400047
77.6216700317
34.9393100143
1.93735000079
76.8261320313
30.9722830126
348.957814142
294.72374612
70.1274050286
571.539620233
136.539403056
158.387239065
24.7158530101
821.538582335
0.749684000305
487.658618199
637.32799326
0.622095000253
529.286288216
46.7956320191
710.96399129
460.109436188
307.979839126
2.96975900121
0.0548390000223
4.57010800187
8.51923100348
755.041262308
270.794967111
48.4220460198
9.21164200378
0.0
34.5445470141
488.780608199
191.696458078
0.0
0.212455000087
10.5943590043
14.1162900058
0.391710000161
643.360401262
65.7957890269
177.899810072
3.77273600153
0.292719000119
0.0
81.9165950334
188.058587077
533.068665217
42.2336110172
2.59978900106
17.9977460073
187.120508076
37.7185540154
6.63987800271
19.3873940079
150.435917061
9.55320600389
16.5505510067
592.305616242
0.0
4.03030200164
4.37162000178
109.207863045
579.642264236
46.694235019
62.1911800253
1178.39817548
280.838140115
540.09857222
0.0
23.2166720095
44.3172830181
88.3612030361
56.1626100229
682.171184278
54.5015290222
4.97491500203
80.5541050328
208.843384085
467.593479191
647.234098264
93.8877400384
367.96521415
603.376408246
124.625346051
19.1887690078
877.691129358
117.567436048
22.088315009
422.990455173
710.00074929
49.8409930204
531.433790217
217.269104089
494.613645202
1.29286800053
22.5409270092
2.81160400115
325.095351133
80.6547680329
0.382051000155
2.37407500097
209.430144085
147.06146606
0.0
471.326638192
1.9744640008
0.0
67.2079440274
0.761504000311
0.0
87.7588460358
1431.45732058
1104.14229445
21.5797440088
47.5225560194
20.1682190082
0.925293000378
3.12289700127
2760.92327413
378.578937154
0.575988000235
63.9710130261
714.463282292
1007.40570341
64.5748120262
345.006881141
0.0
1531.07272163
140.202239057
479.374462196
44.432319018
1.2307200005
1.89819500077
17.4858840071
585.408178239
74.0196090302
9.830455004
3.4293350014
59.7108240244
155.685168064
408.398133167
1.59259900065
7.49754300305
5.27335700214
0.547105000223
0.378631000155
2.00714400082
6.60579800268
44.2929700181
0.397415000162
224.174794092
262.529280107
0.136680000056
17.5394200072
0.0
3047.72253024
21.7049730088
116.664655048
0.0916530000373
1.12211200046
2.6831630011
491.1947112
26.1105340106
105.365293043
571.454107233
1.86910300076
10.6272140043
0.0
47.5513000194
115.215990047
32.9487890135
282.782129116
710.03497429
1.20428300049
14.5672350059
16.5691710068
0.748357000305
3.96304500161
1070.52935444
407.031822166
0.0
16.2121740066
15.1700220062
30.0531060123
1.84799700075
555.736123227
695.672700284
72.4886790296
187.496641077
0.917816000375
340.104147139
2478.62099201
14.4967820059
0.834508000341
1020.49152042
86.6801620354
625.774849255
6.77568000277
20.4842420083
490.4356382
956.906303391
5.20307600212
40.2109280164
1.91476100078
2.26389600092
193.229814079
41.4054870168
228.721114093
286.310540117
231.974227095
3.54749900145
97.5932540397
150.989950062
49.10411902
197.26122908
236.214649096
11.4030190046
0.0
3.97809900163
155.520816063
2.34604400096
4.59887300188
20.0711690082
19.1835060078
0.0
20.1714670082
743.873064304
6.00356300245
264.911245108
29.514159012
0.0
0.0
0.58782200024
602.009816245
0.0
137.022320056
953.970271389
110.605413045
375.230034153
707.582909289
218.301018089
340.327108139
30.2269240123
0.0
43.6988610178
1.92365900079
10.3346930042
21.7755790089
1.98345700081
87.8078730357
518.858069212
60.1972060246
25.2367680103
226.853825092
71.9779720295
0.0
164.321728067
375.098882153
36.3605300148
17.3228150071
1530.36211662
207.034921084
17.060627007
189.327710077
6.22304500254
328.091031134
202.850490083
1.39387700057
425.859961174
769.822266314
14.3515260059
33.5533710137
55.6162000227
132.537409054
21.8625440089
87.7717560358
32.5557170133
4.08887500167
24.3818410099
67.3383930274
76.6459650312
4.48670800183
14.731667006
708.138893289
1.09082000045
35.1518280143
10.5407250043
113.389542046
947.911970387
16.5583170068
7.86600000321
140.252876057
0.157981000064
549.642843224
11.1507300045
19.8304360081
45.2307660185
0.0
0.428720000175
0.821605000335
297.834086121
0.746732000305
2.65692900108
98.7995500402
0.0
35.0508950143
24.45105501
40.7941080167
21.2149080086
520.911086213
0.0
0.0
309.001990126
646.413103264
331.286212135
27.8871130114
1.56565400064
64.7775390265
410.493824167
83.270069034
82.1521850335
396.910489162
4.55704300186
4.39569500179
16.0127020065
122.61614205
1.94052500079
135.993280055
47.1254900192
91.3616320372
861.218602351
3.4334540014
686.43273728
0.0
0.0
70.8716730289
256.266871105
331.440464135
32.7671880135
529.276116216
14.8323080061
45.6724700187
0.0
1269.53288352
448.208957183
0.0
0.151968000062
0.0
258.255849105
7.68041300313
0.0
1529.99942362
0.0
13.9516170057
30.8748890126
15.5067480063
32.0786290131
395.630413162
1.40139900057
566.176936231
16.4698410067
40.5291630166
523.430341214
1440.56989359
4.91196300201
215.234308088
24.0479100098
3.54107100144
505.327743206
7.11392200291
11.1545160045
50.9025740208
0.0
0.0997270000407
0.0
1.29563000053
178.014018073
130.225933053
1.32816000054
56.9613350233
72.7777920297
117.545421048
61.7936690252
6.37718400261
0.0
27.9125550114
99.9889040407
0.669214000273
155.172230063
250.453789102
0.0
8.04952200329
7.353488003
12.9253870053
47.4623120193
0.562264000229
842.706524344
97.6549980398
20.1713310082
391.75500916
175.249259071
80.1028760327
710.01434929
45.5097520186
0.519910000213
26.2136140107
205.054311084
2.26327300093
278.668808114
82.6110670337
0.0
474.253832193
109.208617045
26.4175110108
81.1186270331
0.0
431.414089176
2.74966400112
0.214345000088
1498.89710961
66.0575580269
48.1282570196
90.1364630369
0.0
5.72096400233
817.839295334
126.145334051
697.409331284
0.463587000189
15.5694390064
113.034360046
0.413220000168
54.5362820223
73.4057780299
2.68142100109
5.95169900243
31.2988790128
0.0
656.599494268
35.6131020145
5.07429000208
24.56294301
130.651792053
17.3186500071
1.84440100075
89.6888850365
69.5887960284
19.9388540081
0.0
18.4300160075
3.35539300137
651.709446266
17.138152007
733.373353299
113.039439046
15.8925880065
0.0
11.9062940049
1649.87048467
562.361563229
17.7915700072
142.403526058
5.95981900243
41.548018017
0.106821000044
1.21496100049
75.0212070306
131.949612054
0.432314000175
413.015181168
16.0634560066
16.6159990068
90.0317200367
17.049781007
16.2382320066
14.5108750059
26.8168600108
724.000984295
12.0928860049
44.5388720181
21.1971430086
3.90247800159
163.181108067
474.262203193
0.76189200031
3.38541300139
0.0
0.0
15.4692700063
83.8862910341
303.842859124
242.778579099
1.24530800051
867.607272354
16.1080160066
434.004812177
341.049562139
110.667491045
202.093532082
315.217098128
27.7521120113
176.630790072
12.0047140049
0.0
803.829995328
885.233160361
20.4234350083
427.905146175
3.62396400148
24.2837730099
598.442408244
0.0
33.9628340138
1.37694400056
441.38543418
620.351019253
12.1336990049
1.28006900052
54.9188260225
3.98723200163
29.8809870122
3.26341600133
161.744716066
94.6313700385
0.0
2.86772800117
0.0
196.46132108
1.38310700057
129.556722053
0.0
3.62124700148
357.326335146
4.28072500176
17.8948450073
15.2212570062
2.6990610011
458.689914187
2.6990610011
408.319864166
543.076530222
52.6925490215
1098.40353645
160.670724066
145.425529059
17.204649007
457.686908187
9.53196000388
270.81702611
592.843625242
66.278707027
92.2099260376
75.5799520308
0.0
19.9183940081
164.474436067
13.0750630053
44.9125110183
47.5784710193
86.2845070352
13.4923450055
0.0
0.27074200011
548.395903224
427.648136174
0.782757000319
17.7285150072
19.8228040081
630.381870257
0.0
230.905264094
0.944448000386
23.8805010097
10.9690010045
142.596183058
70.1847220286
15.6589970064
0.0
758.515914309
249.031403102
237.119105097
24.63651701
9.72745900396
22.074395009
2.54054300103
280.705810114
2.08085600085
29.351705012
33.9304770138
12.4173390051
0.914177000374
1685.72554869
0.0
96.4424370393
0.0
0.0
25.4763240104
42.6201990174
2.74828300112
31.0642900127
0.396048000162
15.6401190064
696.819275284
13.8192800056
90.1827080367
102.832487042
478.528291195
0.501458000205
5.31767500217
476.545519194
163.903319067
0.479815000196
116.471609048
322.465035132
89.8457130367
8.47117400346
5.6755280023
7.8361340032
43.5338480178
10.4252970043
139.371329057
0.0
255.745720104
283.099608115
0.58680800024
2.24769700092
575.542619235
16.6159990068
161.148455066
57.9209140236
0.338485000138
701.746803286
132.126118054
7.32358600298
3.35583800138
130.207748053
0.0
1.49114200061
16.2046980066
451.605575184
0.262093000107
61.7772920252
52.9707720216
108.056281044
524.217253214
0.637894000259
166.070739068
368.40518215
915.914650373
0.31586800013
1318.73304454
0.0
0.384270000156
48.2200280197
14.1133500058
377.865607154
0.0
0.0
61.068062025
0.739581000301
34.1951690139
0.0
23.6045660096
378.738620154
240.016760098
142.809566058
4.58492800187
2.74657900112
27.3243320112
7.09169600289
632.327943258
1491.32127661
2.65692900108
566.780764231
14.789642006
4.34408700178
8.03180600328
166.867047068
3.03767800124
0.0
2.04765600083
3.29550100134
0.0
0.66391700027
20.4410320083
39.8836450163
31.2894200127
510.096931208
244.3572391
0.0
1228.9061335
141.410317058
0.0
31.0110360126
16.1413220066
277.105418113
20.8831910085
88.314995036
1.32397800054
521.959445213
0.993067000406
571.153467233
102.598393042
404.181973165
37.9972190155
0.992663000406
74.2610740303
2.38340900097
745.594911304
23.4308700096
2.84452700115
48.8389540199
632.416681258
1.31825700054
16.6130680068
2.79354100113
0.0
635.683455259
23.4237840095
1.41877600058
0.0
1.37575500056
476.138859194
13.0247230053
18.2788530075
24.2560350099
928.565867379
8.25254200337
27.3925580112
0.761504000311
56.7726290231
17.107329007
218.861131089
391.46550016
1.04885600043
7.52255500307
16.1901020066
74.8152070305
112.875816046
120.196134049
458.644004187
96.9765750395
20.6824160085
0.0
0.447882000182
168.298801069
0.375626000152
115.368556047
112.504122046
15.6886140064
133.682628055
0.0
1056.51780543
320.573526131
144.019809059
84.5854240344
512.045570209
22.117126009
15.7849530064
1.9597740008
8.01445100326
11.5911210047
166.840805068
15.8630240065
108.110042044
154.237636063
1.53011100063
22.5937190092
640.859268262
17.246137007
232.669536095
38.8841600158
0.947436000385
17.9284440073
0.406924000165
0.581997000237
89.0078790363
429.564267175
355.628000145
7.54923600308
1.79164200073
0.0
502.082511205
750.675790306
61.5204620251
606.877770248
7.47523400305
561.982330229
0.913534000374
647.603488264
73.56584203
1.99286000081
280.852549115
4.08913300167
16.7369040068
735.8290283
9.80409400399
456.719549186
19.8518510081
89.0098550363
1.91879500078
727.941173297
44.5125670182
2.35632600096
43.9253620179
2.16331900088
145.66792706
2.99058200122
13.6779930056
15.8518220065
4.93348400201
4.75390100194
0.631717000259
1.61644000066
3.11377500127
0.0
885.360979361
5.01263400205
178.377636073
58.4392420238
2.52640200103
1034.44817942
19.615621008
1209.23211649
3.35049900138
2.32548600095
1.50921500062
98.8330440403
29.2219240119
217.552358089
208.601230085
433.236249177
1.36605700056
411.780577168
17.238630007
87.3572890356
21.8297070089
12.5684130051
11.1162490045
375.359189153
20.7430830085
1.66273900068
40.2162570164
0.749628000306
1.27449300052
1.38102000056
0.0
3.79370300156
908.345320371
0.0
1.56427200064
1.59964300065
219.163541089
84.0813230343
0.846229000346
84.7557830347
0.0
1069.60203444
5.60003200229
0.584788000238
14.8052570061
273.580197112
630.263561257
56.9312910232
494.257065201
18.6870880076
207.477808085
0.520478000214
1181.24161348
5.79381600236
145.70484306
371.604661152
451.376574184
4.82868900196
16.9232630069
0.0
18.2366850074
12.7729350052
0.0
1.80506800074
8.88559400363
17.6988950072
24.1225990098
13.6685790056
0.0
58.4957570239
127.653544052
22.2670800091
10.6517110044
28.7344900117
12.374772005
7.75311700317
516.052093211
1040.66175642
1.53370800063
603.269660246
14.8316760061
542.900951222
4.00551000163
458.184773187
8.09949600331
12.4507180051
23.9649610098
4.19988100172
20.2864480083
