3.86042099995
85.8833329988
326.953752995
48.4167759993
298.839495996
3.32309399995
18.7912629997
84.9202999989
2.81923599996
48.5759669993
0.0
7.4088319999
163.077584998
57.2422469991
67.8163649989
11.4004919998
3.46469899995
125.356267998
19.9613619997
120.561779998
225.197039997
213.734405997
4.20757799994
389.295320994
29.2458089996
201.254999997
153.361051998
55.6768659993
7.86105699988
331.578191995
9.09579399989
63.3624509992
162.681488998
324.179610995
0.74030399999
19.2695139997
14.3476249998
4.10865599996
137.004466998
134.048879998
313.912720996
3.22748099995
78.8556119989
149.615835998
0.75017299999
6.70419499991
634.937733991
0.851655999987
94.4707709986
93.5913449988
19.8662249997
774.278636989
3.93081299995
419.541573994
10.6919919998
0.0
346.891162995
17.9056049997
171.529911997
851.179817988
26.1846309996
156.640586998
3.03424899996
75.2972229988
685.753252991
6.29600899991
67.0106359992
2.98460599996
60.4696359991
0.129226999998
0.0
715.94780599
0.0
586.557473992
64.1479239991
11.6285359999
121.510174998
1.53652899998
38.3575459995
0.259778999996
335.366205995
0.977013999985
137.312236998
2.42155499997
5.12859699993
320.799695996
867.508616988
0.315137999997
0.0
1.60687999998
4.26014099993
5.23641999991
213.935134997
63.3856619991
45.4374899994
2.32771999997
9.80320499985
65.874563999
854.257666988
14.9215459998
20.1382219997
0.0
626.033232991
111.251063998
0.462087999994
127.968162998
0.0
431.164872994
6.01774299992
25.2987729996
49.4947899993
0.0
106.168640998
1234.60129398
3.51841099996
7.31804399991
127.030123998
343.668983995
118.357141998
37.3507209995
62.6305589992
177.723039997
134.474681998
0.0
134.641425998
178.806099997
1.73011499998
0.0
2.14762699997
25.0775419996
5.33086499992
310.508467996
17.5430389997
226.607538997
563.983731992
492.213792993
5.31213999991
25.5948989997
84.4492709989
1.30806999998
260.548762996
239.140757997
447.901792994
5.17370699993
5.10741699992
536.914378993
0.177221999998
594.665219991
169.926980998
50.2207969993
0.0
3.85629299995
798.182806989
46.2819979993
108.509432999
1198.82940398
4.33669299994
1.33508399998
76.1515409991
716.62213299
139.006475998
103.825635999
198.033438997
62.2570989991
56.4563589992
3.84296799993
2.69285099996
60.9163599991
2.03078899997
571.505630992
145.557158998
5.95351599992
65.8411019991
2.46976999996
41.1151559995
22.2071899997
184.229196997
57.1094069991
450.667557994
1.57251099998
269.053796996
26.2967669997
54.6784669993
116.985451998
14.0371099998
26.4905759996
141.452013998
109.925754998
59.7355689992
2.23463399997
1.29971699998
135.459027998
30.6084929996
581.210635992
2.28816899997
87.3058329986
1961.80916997
426.104893994
352.526282995
1295.57406198
0.761871999988
1.64489899998
2.41607199997
0.0
37.7054319995
64.7124839991
0.957106999986
0.0
4.46128899993
2.21726399997
11.5483269998
1.29924199998
283.376088996
1.44249599998
15.0474209998
0.0
6.00138399991
128.670479998
0.0
2.11437099997
9.80449899988
320.453137995
1.89436199997
19.0702669997
49.1391929993
284.925298996
56.6545469992
2.60943799996
15.0011909998
400.135178994
11.9904079998
51.8050409994
7.24889599989
5.02190099993
0.0
1.80253199997
263.699846996
217.547284997
127.855248998
113.642065998
137.255651998
502.709034993
110.789879998
0.0
382.327876994
66.969763999
143.618288998
101.573282999
2.18202399997
8.42418699989
479.151765993
192.138769997
60.743493999
6.87356099991
0.0
19.6983969997
19.8276129997
30.3339729996
288.067788996
707.76909399
7.65813099991
44.3281129994
279.120648996
12.1386299998
11.2998759999
0.0
30.8516059996
57.7782709992
1.99861599997
33.1024209995
188.503806997
277.867358996
64.2775379991
196.003224997
582.546536992
59.403342999
8.28248299989
1075.51543098
193.386709997
2.69309899996
379.779644995
4.09039599994
10.8950939999
3.78908599995
22.5665309997
5.98106599991
112.819431999
88.0426679989
0.542269999993
78.4221539988
783.23389799
123.931947998
7.93144199988
6.23041299992
662.540542991
90.1568759987
0.0
2.99601199996
9.40984099988
171.778238998
52.0173779993
224.791776997
5.44233899991
91.6532089986
9.05815999987
204.285166997
66.1513529991
46.5367049993
9.21954799988
62.100723999
0.477058999994
1.91480299997
30.4603639996
2.63150099996
79.5185419988
1736.94958298
77.704124999
662.731018991
26.7937109996
568.225267992
3.88072399995
48.6261249993
36.7541769995
4.11841199994
86.1485879988
178.989679997
3.42980799996
2.33571599997
88.1924999988
3.53976499995
82.9433049989
1490.73351398
1.77772999998
57.1094069991
4.23411599995
114.641288998
362.108628995
485.517001993
10.6509789998
875.856906988
0.798296999987
45.3668439992
124.872289998
9.73047999987
518.597842993
240.014391997
6.3423879999
25.2106169996
0.132219999998
487.366154993
145.452899998
0.497246999992
7.39143699991
102.828732999
23.5773019997
363.333905995
28.3701959996
138.788102998
595.184329992
57.1094069991
0.132759999998
2.59792499996
448.541498994
187.186141997
78.1701189988
41.8750249994
3.10964799995
257.602352997
0.0
78.5933369989
8.73790999989
4.05483499993
225.670667997
40.1169819995
11.2589749998
191.080133997
7.57483799992
21.7559809997
72.833333999
39.0998729995
2.81424799996
163.855913998
51.6401349994
167.490971998
41.4825319994
54.7867989992
8.5772319999
76.135318999
55.3558549993
9.92984999986
3.71569099995
4.43393099993
4.06130399995
10.7573059999
26.6500829996
101.987534999
0.0
38.2010779995
654.292927991
191.551249997
2.62916499996
23.6112659996
84.6405269989
113.178362998
345.897223995
130.339052998
153.805905998
863.466543988
633.428017991
544.645441992
576.898382992
536.705988992
2.03104399997
332.320604995
0.0
201.961604997
2.11462499997
21.9046419997
11.6209479998
16.2467499998
0.0
0.0
64.3321039991
1.62406199998
302.471350996
130.448187998
0.601264999992
0.0
2.80712399996
0.0
72.4621669989
9.06522099988
160.314301998
106.764100998
11.6861319998
0.0
148.902847998
9.20979299989
2.29856499997
0.0
3.39505199995
61.865452999
22.1059759997
89.2691739989
1.19082799998
0.630490999991
0.0
555.807062992
0.0
144.630877998
0.0
367.796344995
0.0
424.586686994
429.931923994
95.9763089986
30.0135619995
186.959372997
193.462155997
362.558416995
587.325448992
6.31203299992
566.368223992
24.8346899997
106.847239998
12.9042229998
0.0
1.83073999998
375.678041995
178.253543998
10.0815399999
0.0
0.0
93.7797269987
0.0
130.530058998
0.0
58.2470479991
13.0343589998
54.5538139992
26.8197829996
694.18824599
206.897278997
2.26973299997
3.28451999995
5.87625399991
50.2652079992
303.701342996
8.19258799989
760.965966989
0.0
26.0101819996
1.84365599997
0.0
480.069674993
4.77664899993
16.5854949998
319.594884996
124.656102998
402.553099994
596.786068992
55.0181989992
18.1808129997
19.5042199997
7.0696839999
0.634435999992
0.0
177.270981997
195.240562997
184.373510997
2.41884599996
3.73460299996
250.901971996
43.9326949994
71.5962199991
4.67130799995
49.7963689993
404.077884995
58.8953639991
38.1436069995
209.386501997
76.3567589989
765.753252989
2.02826799997
129.542395998
169.968333998
105.445730999
5.38242699992
175.073850997
1.70972099998
116.807117998
20.8044039997
9.14295399987
497.226183993
26.5493039996
6.9657619999
142.830830998
0.626301999992
138.156738998
5.10133499993
630.577912991
249.214805997
80.8749329989
164.956104998
2.91199799996
12.3861009998
320.823537995
155.536401998
0.0
0.0
292.935734996
412.474151994
18.1023289998
121.371522998
15.8184019998
128.950346998
211.051334997
215.561681997
10.7319719998
18.1770019997
50.2125919993
3.58146799995
669.66163299
79.7880449988
34.4752429995
104.730571999
6.7498449999
278.617793996
2.07499199997
56.2655699992
72.125046999
0.0
1.40963799998
358.411298995
209.040051997
5.30573899992
471.308088993
26.7325209996
68.8270189991
134.217113998
0.0
4.05958199995
1.01206699998
3.74063499995
58.0557039993
581.524043992
2545.98922796
2.91289499996
121.813411998
238.128793997
80.8446679989
1.61576399998
393.941720995
493.621278993
22.9266389997
2.52283099996
103.519805999
79.479449999
51.9119959994
66.920000999
2.59681999996
40.6745179994
0.0
7.34913799989
60.3831849991
35.4166669996
165.325122998
148.786529998
150.983517998
0.0
42.5551589994
0.0
110.614561998
146.219853998
142.568565998
703.65023099
4.81177699993
164.564990998
287.637685996
460.212962994
239.624462997
570.803398992
696.494685991
199.500589997
541.847107992
0.0
510.198541993
59.2477049992
215.337941997
40.5151069995
572.518327992
2.12578299997
0.0
1405.21788298
1.81201899997
0.0
60.3952469992
38.1036219994
27.4690359996
0.79926599999
214.835191997
1.48864999998
2.46015699996
66.4373879991
0.243897999997
5.46302299993
216.611869997
135.843439998
86.2981109988
54.8856179991
30.0315989996
24.1254469997
88.5240609988
394.473783994
15.3517289998
2.55811299997
6.10038799992
70.423040999
2.57647399997
0.0
104.969469999
72.082248999
8.94373399988
81.9185879988
2.55390799996
0.546202999992
543.521207992
715.69271499
30.2404349996
1.62114599998
6.35960499992
0.873586999987
172.028991998
0.0
0.0
2.42922999997
155.306618998
7.3184199999
103.800978998
311.597606996
12.5244109998
0.0
280.993734996
124.023337998
367.722733995
87.6054369987
0.0
168.602999998
96.2408219987
165.307890998
93.5575779988
678.54051899
9.47964399988
10.3849829999
17.7872289998
18.1993279997
9.37636499988
10.0399129998
398.467551994
77.597555999
0.0
36.9192369996
21.7092099997
1419.69966398
154.705572998
218.468381997
220.486228997
532.757377992
6.8431689999
375.101949995
355.881969995
355.661734995
3.24525799995
9.71578799987
0.390192999996
0.0
371.606090995
627.687035991
11.4026959998
45.4865089993
1.30236799998
0.0
16.5650839998
73.435952999
13.1366219998
1.44701799998
63.889694999
1.18644199998
906.359083987
1.60526299998
69.2859539992
5.91962099992
391.043618995
21.3028259997
70.598216999
2.89857999996
486.775375993
92.1628509988
470.960368993
513.467161993
169.093986998
134.861751998
41.9337779994
14.9769289998
0.70339499999
364.267667995
25.6945719997
25.4197679997
186.906176997
0.519003999992
0.509451999993
7.34319399989
0.0
216.514842997
241.838953997
132.837701998
118.997109998
56.1094899992
410.877251994
268.263117996
50.5627289993
10.9807509999
407.352594994
13.7789209998
30.4497469996
636.470092992
779.812261989
778.548148989
2467.54998597
544.480771992
152.490200998
6.35837799992
9.90799599985
24.7033009997
456.754435994
206.808601997
750.06974799
418.064891994
92.1449689988
274.975682996
20.1972069997
0.807633999989
1365.98656098
2.22020599997
73.015790999
526.874715993
517.275215993
0.0
851.765656988
352.371715995
125.365219998
0.0
777.051819989
10.6937949999
50.0602669993
6.16751599991
8.1665169999
134.691591998
1.49564999998
3.76415599995
16.3119179998
40.1692729994
4.17169499993
0.0
1.07508299999
661.788664991
99.5290829986
0.107728999999
29.4804749996
15.2263869998
4.41900699994
0.0487149999995
144.322202998
679.24469199
53.1698139993
61.2024209992
58.0371899991
46.9453119995
2.69913799996
0.0
66.523401999
0.0
7.66074099989
0.187132999997
52.2860439991
217.615345997
10.3455489998
56.1734759992
20.9224479997
9.64634399987
970.192477986
877.984688988
146.447187998
4.80156699993
62.4495539991
88.4918989988
0.0
315.265463995
5.40821399993
38.7498959993
5.42172899993
237.870996997
400.346267994
434.125296994
575.759926992
11.6631619998
159.642647998
85.4372989987
101.790385998
798.029780989
14.6642939998
191.751188997
75.698014999
329.819347995
1060.65573898
5.05293799993
479.295176993
265.335620996
48.4167759993
91.2078749986
0.0
146.832561998
405.775401994
0.0
65.9495769991
13.7636559998
8.39925399988
299.969281996
98.5740909986
19.4298099997
132.142725998
34.1564169995
191.641921997
350.220579995
0.598671999992
148.863212998
4.87422399993
8.47342499987
119.609773998
67.9142129989
293.060330995
4.62416699994
7.74455199989
121.466477998
21.8732899997
519.715958992
25.6037749996
6.75376399991
0.0
35.7068429995
0.0
1.82277099998
10.4562059998
66.6859469991
0.0
67.2339179992
259.455782996
201.260298997
29.8091789996
3.25811999995
37.3126279995
0.0
112.257602998
14.2843489998
0.0
0.0
69.0523439992
0.0
2.78449199996
338.805837995
1.63433299998
411.592490994
700.323184991
67.7548339991
11.5511819998
196.038464997
0.0
424.131129994
877.682290988
24.4185079996
0.0
0.294166999996
0.853429999987
92.2757619987
165.292370998
11.0044609999
143.457008998
99.2515439985
2.43570199997
0.0
53.4486369992
525.131627993
12.5722839998
40.4297589995
28.6672379996
7.5701669999
3.45825099995
241.586324997
0.0
357.279142995
36.3999309995
65.8869299992
82.3035869987
21.5891839997
863.413313988
6.17278799991
0.488720999994
32.3116359995
0.76933299999
4.69767899993
743.82107199
30.0818459996
16.1358009998
432.750366994
60.4699199993
258.920502996
176.253662998
94.7866079986
513.081839993
540.111474992
0.0
1.65330399998
391.680522994
296.997022996
2.00857399997
3.91613799994
153.929074998
258.708703996
45.5437919993
16.2648249998
207.640125997
738.57847199
684.36130099
6.2909279999
56.8274409992
222.418466997
271.615472996
124.978809998
211.676060997
36.3351619995
19.7815869997
357.019062995
3725.73788195
173.614844997
45.9616259994
187.003484998
1.34252299998
55.3714019992
3.41943299995
139.173558998
412.895140994
465.637521994
0.540634999993
15.4903829998
14.1368309998
50.8590059993
3.21103099995
4.60723399994
2.24619899997
32.0998709996
18.2981669998
123.769241998
446.372691994
184.264999998
4.20785999994
33.4398629995
176.861851998
69.5335499991
0.765227999991
1.00101599999
1.49347799998
0.0
3.68555099996
165.253370998
89.1112509988
235.453831997
637.998287991
130.332670998
10.2387179999
184.548455997
1.30479499998
14.4561119998
108.016009998
211.460458997
17.6666349997
2.23545699997
672.444874991
8.51379599988
2.09309399997
7.2455719999
531.518465992
0.0
13.0532959998
0.0
8.23605799987
113.241883998
0.0
8.4414589999
89.3946169987
18.5041859997
135.976707998
12.1033209998
789.573339989
2.28585399997
0.0
7.1691389999
178.140861998
0.0
79.8057389989
131.345556998
0.0
21.2719089997
14.7483689998
276.396937996
1.46266499998
0.136444999998
212.575460997
54.5471629992
90.6849229987
1531.67810598
0.0
125.719878998
101.246711998
14.1993129998
86.8710909988
121.877671998
7.58490399989
4.82069399993
461.122059994
478.576811993
441.441623994
186.323127997
159.761840998
0.0
9.71461299986
5.50819799991
4.29898899995
9.54693399988
372.474251995
282.611956996
7.18975999991
4.46648199994
293.261344996
88.4226869987
4.92716199993
4.74842499993
70.3012199989
9.17349099987
421.800673994
59.3422469991
1.92243299997
155.415053998
0.260185999996
1.42714499998
29.5704689996
4.62868799994
36.6680669995
15.9509129998
18.6571409997
14.8669259998
4.93178599993
0.0
191.149196997
6.3274569999
4.04115199994
55.9587159991
277.001228996
141.459734998
1.52894099998
133.323478998
989.835638986
278.097159996
187.676572997
2.35699399997
20.5707169997
1.79247799998
10.7173429998
105.840474999
3.19472999995
7.2262659999
4.31050599994
2.84268799996
2.07874799997
2.38526299997
974.831496986
28.7065139996
117.883402998
1.87452499997
0.113642999998
3.29317899996
56.9835469992
195.791723997
285.009802996
576.833156992
3.62997299996
0.0
9.54693399988
47.3829649993
265.844945996
94.9083389986
153.910122998
0.675116999992
7.66440299988
3.03879499996
47.2026529994
16.2989389998
566.382835992
672.179432991
22.2170479997
1.09603399998
56.8274409992
4.07328599996
66.603954999
76.4977629989
10.1959729999
1.89438499997
8.31700599988
203.384050997
8.40861099988
8.30931499988
3.08003299996
51.6853549993
113.787154998
0.0
836.855564989
22.0541419997
615.799264991
4.16469099994
119.366481998
6.97759999989
3.84296799993
8.30211199988
113.333568999
2.69368499996
61.0527639992
1.12978099998
106.524927999
33.0021839995
21.4491199997
91.8725369988
113.137021998
0.654143999991
32.5671249995
0.0
511.084818993
13.0688679998
8.29927799987
17.8981809997
16.3672609998
54.8417529993
74.4964389989
264.946461996
765.65389699
35.3247629995
522.970437993
546.102539993
217.844406997
20.2997319997
5.71647999991
38.1718689995
14.5073659998
6.52078199992
125.402873998
0.0
16.9739479998
5.39652599991
47.2794679993
167.890916998
181.503715998
293.293308996
378.865590995
0.239472999997
72.9653069991
69.4717119991
32.7709959995
0.0
147.108991998
532.501651993
538.794965993
167.343956998
454.740752994
0.261634999996
915.624172987
727.33142299
102.719366999
10.6208169999
32.6578649995
113.063267998
18.9117449997
227.461562997
27.4177609996
5.49624099993
65.222285999
0.0
487.093882993
4.27303799994
48.7182399993
0.0
101.145997998
25.4390109997
2.58844499996
114.218813998
113.533771999
3.61851399995
64.3624499991
0.0
499.615379993
100.020133999
6.7201069999
44.9614589994
139.117797998
0.70325099999
321.746906996
242.497187997
80.8015879989
238.259827997
16.3586159998
134.435528998
202.087528997
1.77034099998
5.68634299992
24.5301779997
246.525619997
0.0
3.88416899996
0.0
30.2307339996
4.78430999993
0.0
3.97806699995
1862.42538597
315.338222996
33.1743589995
4.82665599994
373.126179995
383.721972994
0.0
69.5408109989
678.785310991
0.0
233.543555997
14.9851459998
111.069906998
267.408375996
1.81213999998
2.69295299996
16.2145109998
57.1094069991
41.1735909994
70.603572999
0.0
3.20340899995
5.35658999991
0.0
147.837109998
15.0508219998
0.0
0.833368999988
18.4180259997
1.73252399998
741.72416799
69.140574999
99.5715969986
357.007738995
414.173603994
6.69101599992
4.25867199994
33.4037019995
41.8912429994
62.5935559992
11.1330229998
688.55511899
2.58738999996
0.0
8.94423499987
0.894294999987
8.05325099988
0.0
551.397322992
15.6306079998
0.786399999988
229.013313997
19.5977029997
60.4288989991
0.0
6.77011799991
2.59681999996
57.0467039991
89.4523189988
5.21426399993
196.481493997
122.618152998
3.13268499995
5.06812899993
8.51202799988
42.4224189995
6.3777109999
9.30026699986
511.236118993
222.230369997
162.607052998
122.182988998
52.4347929992
0.0
17.5420289997
177.771133997
273.913426996
5.13706499994
0.0546669999993
4.54585099994
5.27432399992
145.137218998
57.0246299992
27.6701209996
76.4278729989
0.0
124.410102998
34.3361449995
9.24517099985
2.10505699997
1.42675899998
529.825091992
16.5760659998
459.491082993
52.8747529993
14.0307649998
2.95477199996
346.122160995
52.1640649993
0.82632099999
19.2052399997
242.542621997
1.29168499998
7.76703299988
12.6622029998
264.973253996
332.094702995
7.1056839999
13.4545959998
450.051751994
3.51799899995
5.51779199992
23.2131289997
307.005197995
0.0
0.0
14.2250619998
13.2340879998
48.8419139992
328.837508995
196.631704997
304.190294996
175.477108998
0.635095999991
875.081509987
0.244849999997
117.815614998
3.86456799994
3.52733499994
163.240962998
0.0539999999991
1009.98916999
5.47238499991
407.680099994
205.473000997
261.016718996
23.1912879997
0.113642999998
434.415394994
106.933942999
683.45870899
109.992459998
63.5211519991
300.993344996
40.2166979994
39.4521169994
70.4234629992
344.510354995
432.918451994
13.8619169998
0.0
37.9724159995
16.4808449998
0.155245999998
10.3052449998
154.758676998
462.665210993
0.203857999997
61.4032939992
1.82289599998
2.05521699997
16.4233589998
27.8770559996
19.8447789997
224.211546997
25.3204129996
936.923308987
19.3880199997
9.27570299988
131.773784998
5.32618799993
5.22714299993
1.61406799998
4.98744699993
211.263497997
7.19772099991
1393.95383898
158.905548998
635.487764991
1.56262499998
279.439491996
27.3100789996
440.753529994
92.0140959986
2.41516399997
53.2518729993
565.048174992
184.242592997
387.622820995
2.38984499997
529.940210993
60.6588659992
0.634847999991
86.4560799987
3.14801199996
349.433290995
1.49300999998
190.573852997
58.8277039991
73.7606189989
0.0
0.489497999992
191.282628997
0.0
3.91722899994
11.3494919998
614.142548991
225.715912997
133.312276998
99.4430119986
205.794261997
522.977529993
237.938366997
542.482521992
1982.15266297
206.029667997
0.0
407.927153994
1.27672999998
432.909678994
57.8839209993
1104.18854198
238.092854997
12.7999299998
21.9520169997
249.417048997
55.9476919992
205.316475997
2.06709199997
45.0088749994
33.6399149994
0.684252999989
10.7344249998
41.4235649994
0.0613979999992
4.16465399994
1.54696299998
34.9913659995
52.7474699993
762.912528989
161.385313998
357.843598995
74.8819169989
1.66788899998
7.38523499989
6.8953569999
0.0
1.19273399998
220.388153997
96.7910299986
2.10542099997
0.0
0.0
5.06053599992
49.3815969993
46.3905229994
102.775834999
18.5775079998
1.98211499997
117.396420998
8.26342099988
477.517493993
579.022369992
638.203361991
527.791060992
390.975794995
793.749842989
431.088154994
776.404164989
846.712597988
3165.57582396
0.0539999999991
24.6510659996
317.717540996
28.1352119996
180.090587997
0.0
64.914232999
53.9350499994
33.3123269996
1.76657599998
147.068962998
999.384644986
2497.85999797
10.5626919999
251.867650996
0.0
272.248181996
40.8064879994
0.74789499999
0.0
60.6232039993
269.883378996
20.8967689997
12.3163189998
396.067506995
67.0522189991
367.097803995
474.842067993
44.2625349994
39.4062059994
0.0
47.8510559994
155.209012998
18.3271969997
25.4356709996
106.677973998
57.1094069991
310.717086996
601.831972992
226.253514997
12.2815569998
767.364991989
118.448282998
16.7421849997
20.5003939997
0.0487149999995
71.596514999
145.800147998
18.4537549998
104.978357999
203.968659997
14.2550619998
4.92255699993
13.4581919998
0.0800129999988
6.10129199991
515.845670993
72.778144999
1.70284199998
507.947350993
2.04910599997
239.452482997
668.773021991
177.656135998
274.704063996
168.245070997
257.060273996
193.042292997
654.007996991
151.478255998
1.57663499998
32.7584769994
144.173676998
443.702729993
11.1013449999
2.64488699997
22.5743179997
1.48031699998
463.528916993
373.852681995
34.1713189995
47.8414009993
363.011541995
13.2645419998
46.5354239993
0.600910999993
10.0174759998
3.17370299996
4.07390099994
182.058333998
93.9079599987
6.8741429999
467.785541993
12.6351089998
118.601217998
12.0298149998
479.726135993
105.451648998
2.54840299996
706.63676699
4.29983199994
5.50702899992
3.01843199995
208.083213997
288.234969996
0.0
299.492899996
121.976751998
379.470843995
29.2381139996
204.104870997
3.04428399996
215.490224997
28.1824149996
47.4537619993
660.045058991
580.182232992
100.659907999
27.1913169996
3.89008899994
190.819662997
5.40821399993
516.742543993
0.282514999996
110.980361998
408.703749994
2.84748499996
20.3606829997
625.401083991
78.8959539989
6.87577799989
70.7500629989
764.408725989
284.999056996
3.86879099995
297.346356996
48.5765869993
593.025243992
449.430942994
374.415424995
36.9624829995
552.208639992
0.0
55.1113869992
148.427105998
14.0164519998
220.971148997
9.87282599986
64.7382219991
254.820913997
256.207305996
28.2843059996
290.130845996
4.44188099993
118.776824998
162.008484998
211.553490997
241.266652997
0.0
488.869754993
13.4462869998
659.090246991
2.08652699997
16.0472589998
160.121074998
102.758048999
3.31123499996
7.4014259999
1603.81213398
533.185974993
87.7627199988
1.59429499998
222.812112997
192.129092997
0.0
0.0
60.098952999
54.3286779993
59.090053999
0.0
0.0
3.78565999994
73.140701999
364.601436995
1.96275599997
606.952378992
472.845061993
177.261036997
398.484194994
425.188782994
44.5754619994
3.45047599996
17.5077559998
3.71196999994
1.91501099997
0.0
3.00993599994
65.587236999
0.0
6.87758299989
44.8416609994
52.1771569993
107.274396999
7.93850799988
79.5750489989
111.490037999
1.89055499997
81.8446229988
38.8454579994
4.62416699994
8.66309899988
256.760050997
1.92900099998
287.847738996
10.8492309999
37.1594059995
0.66482699999
111.818383998
2.01987799997
2.96823299997
502.754132993
2.83679599996
30.0107789996
9.22021799988
19.9515279997
0.0
2.04122999997
186.150810997
8.82542299988
584.478623992
0.0781649999988
66.1074819992
424.891189994
877.837679988
82.6390929987
13.0939919998
7.6917189999
0.0
22.6711819997
1.41130299998
0.0
50.5882969993
16.3534599998
33.4057269997
37.8794049996
150.719691998
58.0509019992
67.3588349992
133.774721998
15.8075259998
14.6859579998
182.271756997
23.1243539997
75.0159219989
155.989820998
12.9235189998
25.5731189996
5.20506999992
5.68241299991
12.9581269998
16.5040199998
83.6057429989
109.038442998
0.252539999996
59.5210369992
37.1040399995
23.6438189997
550.076674992
9.93413899985
75.025676999
371.854861995
244.008082996
41.0598779994
4.87720699992
14.5416599998
3.85609799995
5.88404499991
2.73125399996
91.7907939988
15.3206469998
94.3513479987
0.0
946.383571987
50.1217019993
318.523264995
5.02868999992
65.2932059991
296.640330996
232.483852997
0.0
3.59863599995
64.5851709992
6.42245099992
3.17688999997
5.50262799992
70.9529939991
9.34917499986
14.9535419998
1.06386599999
4.17935099995
3.23152799996
33.6347009995
76.6209959989
152.413548998
4.66274599993
2.44722499997
62.3174279991
8.83678399988
1.73591199998
77.0299009989
28.3760299996
74.546180999
6.1259159999
514.130283993
250.026022996
89.9783469988
435.046594994
2.24667999997
435.717870994
27.1124289996
1.30459099998
69.578551999
446.359735993
123.682725998
167.413219998
39.5233089994
292.164392996
4.05871799993
70.581465999
3.23311999995
1466.43841598
4.23921699994
678.97074899
455.633711993
48.7755779993
57.8647299991
595.536425992
8.28511499988
204.323553997
347.593367995
1.89806099997
12.1344429998
9.93061599987
0.0
281.581352996
80.1014749989
1.25000099998
0.0
1059.30277399
128.040441998
69.0511609991
0.891840999988
6.03349999991
128.211422998
41.4176479994
471.716138993
186.376841997
22.0953429997
13.0231089998
22.4996349997
6.91874699991
265.458052996
22.9142699997
35.0470809996
128.537170998
389.760377995
245.473865996
0.0
133.748289998
0.0
14.0856109998
0.523809999994
0.0
79.6553769987
138.481049998
103.827733999
0.0
77.8987579988
3.45955099994
0.62767899999
9.83026099987
213.730963997
19.1137169997
162.811620998
55.1718379992
176.233184997
78.4031239989
2.03871899997
38.4088009995
56.4592049993
63.1548169991
0.150307999998
406.358569994
374.316439995
20.7447939997
3.04564699996
205.166133997
40.4306879996
120.900637998
11.3754679998
0.0
1.93698399997
812.264035989
12.6207349998
24.6075389997
288.547861996
39.4618949995
2.35469199997
21.3672649997
89.0341159988
0.0
155.773909998
153.879826998
3.19597299995
39.4565109995
1.06819699998
57.1970059992
272.889664996
119.529026998
106.450413998
35.2287359995
1.89937599997
517.225011993
88.8347909987
757.014802989
125.377599998
1.66333299998
0.0815789999988
58.2868869992
295.466018996
2.70992399996
0.0546669999993
8.87610299986
4.81969199993
178.441456998
0.191879999997
121.301760998
98.9487749987
5.14654799993
2.18591699997
543.677269992
2.95467899995
658.012999991
392.731072995
1188.74928998
14.4221559998
0.0
70.5275949991
8.79891799987
95.0429699987
177.871143998
432.648409994
1.96348499997
328.831502995
1.48126699998
29.6843879996
60.4171599991
103.386643999
4.38026399994
185.286641997
948.295158987
26.5876069996
79.4979429988
8.91456999988
8.3789589999
206.361753997
4.85263699993
507.540606993
30.4451869996
77.132923999
41.5454569994
11.1252249998
63.630132999
4.67904899994
367.750360995
6.62006899989
0.842840999988
0.0
190.173496997
192.822365997
0.378254999994
0.930875999987
7.3681319999
66.6962089991
128.420185998
45.9738849992
5.00905299992
0.159398999998
63.4960079992
28.3971469996
103.472556998
44.4757949994
21.2231649997
7.80052799988
0.61118199999
0.0
4.25092799994
100.056108999
1.89806099997
377.679977995
101.669207999
5.63885899993
9.44996399987
3.84296799993
1.45766499998
0.299560999996
303.059663996
6.12450899993
145.103846998
56.3452999992
56.3284339992
476.335937993
5.13674499994
181.341395998
7.5075409999
0.0
472.673377993
122.227935998
491.497339993
0.313347999994
93.3166449986
1.73591199998
225.114702997
716.14529699
13.2413029998
17.9300789998
52.7098359993
60.0345879991
3.47687199995
128.604737998
215.546009997
11.1877199998
479.935535993
0.980919999986
0.850784999988
12.5666519998
60.6399789993
3.68647499995
19.1118939998
1.13079499999
6.83750299991
0.456901999995
6.01179099991
0.0
0.302412999995
5.53958999993
278.467112996
97.2125419986
62.4076599993
272.631213996
983.617533986
190.409723997
238.037112997
47.5778349993
3.34864099995
13.7868039998
459.129140993
149.639952998
147.809087998
306.925932995
633.363157991
0.0
0.0
537.022905993
527.543328992
55.2018619992
14.5774029998
22.2907749997
0.0
27.1989289996
53.6992419993
4.37920899995
12.0812559998
18.6257769997
201.790092997
261.109167996
352.147951995
74.8066439989
4.34054499993
525.832765993
9.86187399985
0.0
0.0
0.0
118.116832998
0.241113999997
531.682979993
710.98154299
2125.74335897
91.9976809986
583.321484991
96.3454089986
40.5854849995
42.8757839994
291.951640996
169.057253998
74.2033629991
47.8980009993
27.9146939996
7.2461969999
25.5245379997
0.0
4.64703399995
1.13818699999
2406.11724097
10.9895369998
15.9056939998
0.0
329.006423995
9.45103699986
2.32499599997
60.0867049992
215.958540997
4.88174399993
477.915192993
443.635294994
334.466613995
3.32919599996
7.01928799989
26.2777419997
3.67088999993
0.0
9.19155599988
1216.81438398
9.05326099989
169.063507998
1.28084799998
31.2266949996
262.324489996
146.961163998
4.12673399994
17.1877039997
203.904441997
2.88562899996
150.388791998
13.3910169998
181.113551997
0.0
0.488471999993
165.247399998
7.92500399989
260.443943996
1.87893999997
1307.29097998
223.147684997
508.581855993
5.86208499991
0.0
2.04962399997
16.4451249998
93.0769069987
136.630665998
2.48977499996
25.8379659996
7.2261899999
4.57198899994
145.933215998
202.721953997
117.923932998
338.297398995
1.91862999997
104.964917999
1338.99272798
0.0
59.7810949992
0.0
32.5097219996
57.1085549991
5.76972799992
539.600406993
135.771111998
81.4206829989
177.541054997
11.1023419999
398.704711995
9.71839199988
68.857329999
15.5671129998
8.61783399987
2510.42329697
0.0
2.71327699996
5.66992099991
14.7933989998
6.08519499991
173.673412998
19.6468529997
0.0
115.090402998
0.0
9.60180099986
0.0
0.0
0.140558999998
166.711881998
0.173977999998
133.331031998
9.72321099987
5.89978399991
69.803379999
0.0
0.699198999991
1.00101599999
305.185679996
0.997343999987
116.748198998
16.3718859998
114.669347998
0.0
6.55336899992
774.133841989
247.196364997
274.874009996
3.65537899996
160.394206998
1365.10256398
32.7598469995
295.432769996
147.946697998
328.822461995
42.8596609994
276.886472996
2.79580099996
4.10972299993
361.363952995
9.86988399988
1.26559799998
14.4377639998
82.7715949987
245.093938997
0.0
5.34887099993
3.56045399994
0.0
521.452996993
187.909045997
51.4255379993
0.0
34.0838159995
46.8667189993
10.8112769999
66.9014699992
1173.81428298
96.6331969987
78.8594099988
22.9838159997
34.8153859995
107.486049998
1.47520099998
5.15339499993
0.0
102.214600998
1.81252799997
3.23152799996
39.3892299994
0.128047999998
27.2074359996
368.280971995
165.871727998
80.0332419989
422.680438994
82.5960659989
676.818180991
95.9388429985
90.8098589988
190.983961997
252.072197997
5.61564699993
4.97407499993
177.323504998
0.0
147.038985998
17.7010759997
4.72747099992
0.0
170.877852998
27.8364529996
12.5565779998
38.3149249995
17.3013019998
790.184559989
114.440757998
8.3978599999
3.64715799995
378.217540995
322.280461995
98.8803009986
5.55119399991
67.253914999
190.307445997
393.619449994
309.760147996
4.23480599994
5.53614499992
161.627072998
4.75730699995
0.0
704.69851899
485.518673993
376.985869995
390.574990995
170.846362998
0.0
19.4018929997
0.977428999988
8.92190899987
6.23456999992
226.972215997
97.5715209988
2.07819399997
13.5302189998
37.2542039995
320.793566995
53.5797359992
71.3120659989
38.6022429994
4.91237699994
72.370854999
0.200379999997
285.384747996
101.557290999
59.3008409992
71.811209999
812.333221988
297.065257995
20.5792569997
86.1607609989
339.697506995
461.868131993
4.76947799993
1.59134599998
99.7400729986
9.88166899987
116.092593998
61.3335589991
22.5877569997
1.97462799997
740.543490989
2.42312199997
3.04488099996
0.340406999995
228.028011997
9.88075099987
13.9417109998
20.6409419997
19.3693019997
358.382795995
1.48031699998
87.1778589988
8.35377399988
58.4668119992
24.2835149997
33.3770409996
25.4423659997
0.0
4.01363699995
333.070557995
66.7872179991
303.784868996
1752.24834398
391.636099995
5.23094199992
273.019225996
3.50769499995
356.436471995
5.47210899993
1.18984299998
330.640417995
231.682983997
261.025997996
8.28248299989
45.2955229993
522.544154993
522.315423993
553.772154992
519.286378993
210.613594997
477.086669993
222.118082997
344.085007995
269.204980996
0.0
7.0577389999
0.952750999986
10.6451809998
244.025865996
3.13355699994
113.958796999
90.9412659988
716.14817299
14.1994089998
94.4124879988
0.862765999987
136.019581998
114.242895998
242.952454997
5.08452899994
0.73417799999
5.36619099994
181.664025997
352.852290995
0.0
51.1879429991
169.032955998
0.728131999989
134.157048998
8.03904999987
9.94548599987
0.965429999988
7.1206179999
35.2811749995
6.1691159999
87.3638469988
10.4208099998
21.1901169997
5.05832699993
1.83657999998
1188.49823098
959.038440987
16.2126429998
4.36829799995
18.1089059997
234.263782997
155.228838998
113.021515999
119.783188998
96.1599459986
0.0
77.3587589989
550.172653992
0.0
0.0
272.660810996
17.4496899997
49.9529779994
156.567672998
79.0454009989
163.930787998
60.3217229992
263.011407996
63.9296209992
0.0
52.2876699992
3.63460199995
1.31549999998
0.191678999997
39.0650929995
1.00103799999
486.178147993
21.0417959997
0.0
50.5466779992
74.1498329989
190.672925998
0.0
462.877340993
3.83754399994
142.118224998
537.157497993
57.5701489992
32.7051809995
48.0523849994
0.287774999996
8.75029899989
455.496081994
13.8350199998
44.1976999994
3.15744399996
98.4241069986
338.348332995
41.4345639994
13.3268719998
85.2115469988
235.380620997
4.23172499995
69.831899999
4.64735699995
15.1871309998
3.47894699994
24.7351809997
1.14457099999
175.487775998
0.557679999992
1.83813799998
2.07448799997
3.02844099996
84.8535459988
62.0840559991
5.22130499992
199.934118997
219.558953997
3.93453399994
0.0
95.5147609986
21.3545619997
2.15552299997
48.7283719993
246.730842997
228.963775997
109.490593999
44.3176509994
7.78659099988
213.761842997
185.055470997
97.2387759987
0.0
153.520472998
0.299919999994
36.6961769995
16.7890269998
387.183338995
222.665354997
26.4356459996
85.9388179987
1.29168499998
6.15664299991
211.341929997
71.1429479991
32.7806859995
197.571766997
197.534622997
116.005380998
7.89209899988
96.5059279987
64.9280129991
452.905601994
72.5182209989
35.8773199995
109.367755998
0.0
33.4768589995
74.9649859991
153.574309998
296.531794996
84.9423099988
18.6062519998
0.0
28.9373659996
484.627213993
377.123341994
20.5075689997
62.9740129991
301.281601996
1097.37089898
16.4501279998
13.2693919998
11.8927049998
142.735978998
52.8108159994
4.98035499992
107.390881999
20.9461259997
4.71958299992
57.1094069991
165.540829998
90.3713789989
0.636087999992
239.511915997
3.78164899995
0.0
69.203469999
65.3309189991
485.033841993
483.680811993
54.6363029992
0.894294999987
1.19263099998
786.237650989
3.60751499995
1.09109299998
5.19462299993
1.54254599998
94.9118309986
367.937419995
472.630732993
511.055338993
60.4985279992
0.0
2.29143699997
215.441072997
759.793192989
1.75947399998
652.983300991
4.77721399993
109.895461998
123.401482998
0.0
57.3400049992
4.21159499995
89.6708139987
0.0
10.9985169998
194.612020997
60.0704499991
0.0
9.40619799987
113.183519998
173.123381998
67.5578039991
53.6413079992
3.00490299996
1.43210899998
575.737640992
0.512929999993
1.21310199998
10.5006679998
445.838959994
1.79419799997
211.847963997
0.549142999993
152.877958998
0.662823999992
14.8336939998
674.81000399
4.37013499993
109.657661998
153.145690998
131.159548998
10.7767919998
96.7742099987
2.80886199996
0.0
189.367508997
12.7834019998
3.21636899996
40.7814239993
957.255466986
3.18605299996
58.2199569992
0.0
5.60731699992
2.70442699996
72.2656199991
58.0988139993
621.778620992
4.82953999992
55.3714019992
726.92617399
273.187857996
2.25050699997
0.0
0.0
146.174811998
1.58710699998
2.32261199997
2.66510999996
12.5138849998
67.7223449989
50.3918889993
348.215317995
101.700764998
1.58724799998
17.5552209998
794.615995989
0.349344999995
390.102147995
4.80036399993
1.80167599997
245.923328997
69.7453399992
165.395211998
264.826479996
4.92393199993
11.3775859998
41.5737019994
127.764785998
732.37807699
135.593544998
120.301126999
351.828537995
4.12608399995
5.31425699991
15.6640039998
608.409554992
207.710368997
1.08290999998
445.756106994
0.0
4.65545099995
64.8034999991
0.0
935.750296987
219.917673997
2.09968899997
253.366122996
325.548314995
395.278497994
135.324819998
121.018275998
110.224730998
777.723474989
0.0
246.199192997
63.3838549991
649.435039991
148.888472998
129.253298998
164.181018998
141.000534998
1.59996899998
32.6885179996
85.9688059989
35.0321059995
98.8524369986
20.4552499997
32.1859599995
55.3740649992
0.571139999993
0.0
433.217749994
125.439925998
2.33309699997
361.524097995
39.8822769994
79.6147579988
8.4417489999
0.68280699999
214.245903997
0.658828999991
163.830768998
12.0931759998
296.258235996
63.0544619992
0.0
4.29467399995
3.27554099996
58.7650819992
3.82194499995
1.09240699998
8.29105299989
24.5531899997
144.465204998
2.95712199995
151.739876998
67.316899999
4.21117699994
36.2481819994
227.035540997
159.419082998
3.17441899997
60.8913179991
331.984432995
14.9547699998
282.889561996
314.974594996
82.4737119988
1.23661099998
383.700381995
523.453239993
20.7154719997
193.079339997
2.96057399996
504.291786993
40.7812899994
482.535343993
579.481195992
210.733741997
10.8082359998
4.21117699994
58.5292139991
31.0740599996
204.678174997
186.061469997
1.60687999998
0.0
0.210155999997
109.282633998
10.8749809999
183.920981997
745.787027989
462.539760993
256.633088996
375.915910994
274.219313996
1.62166299998
46.4496619993
91.1727979987
307.359665996
90.4392459987
158.071899998
889.453307987
2.09804099997
143.521394998
12.9374239998
163.094008998
54.2419869991
7.86823199989
128.800470998
487.711633993
1.78533699997
275.296279996
49.5558119994
15.0297769998
252.538059996
0.812559999988
330.806436995
95.8436619985
210.282560997
947.019156986
0.0
1.46850999998
0.325421999997
4.50986599993
4.69806099994
105.231708998
338.360939995
107.481962998
61.3335589991
8.36708799989
0.0
0.0
1561.51398198
0.243143999997
358.360027995
771.804396989
12.0329329998
20.1985009997
4.82910699993
100.765979999
0.0
14.6755499998
9.06562799988
54.7572249991
0.0
497.763643993
143.936817998
296.722047996
2.17227099997
20.2116459997
48.3969029992
486.332965993
3.68802399995
0.0
3.30117799995
198.202853997
32.2665259996
13.1897639998
266.870129996
113.123919998
7.18358699989
228.185934997
786.695353988
2392.28285397
4.04268799993
4245.51393194
498.573150993
9.60195599988
9.88506599985
1.74058399998
0.0
172.200049998
150.005624998
31.8179159996
0.0
83.3747539987
399.676548995
21.1875869997
12.3166659998
107.865447998
211.837747997
2.87524199996
189.201828997
1.31207199998
0.187132999997
29.6810149996
1.11852399998
62.2084309992
102.127238999
1.03764399999
131.063821998
132.312679998
74.2789359991
124.577754998
73.2209489989
99.3608709985
0.462725999994
158.450833998
35.2063179995
30.4343929996
572.925983992
5.93647399992
12.2992399998
59.374139999
55.9503899992
66.5031119991
0.0
2.39936899997
3.36224999995
75.3456369989
0.0
231.147566997
0.155245999998
1222.38496498
439.892544994
42.5662269994
0.0
0.553874999991
61.2747089991
60.8873049991
70.9008799991
14.9731589998
2.24470499997
2.45758399996
2.77827199996
295.989021995
18.0404959997
26.4791499996
284.875407996
33.7934829994
249.227008997
113.200492998
49.5897779994
67.2474189991
15.4813899998
34.4113679995
395.396961994
0.0
2.43165999997
42.8493499994
74.295213999
136.924089998
16.3435759998
13.1768399998
694.60112699
139.420577998
295.579667996
227.903943997
107.231225999
132.764251998
156.356073998
66.670963999
7.4153399999
1.84365599997
100.172648998
2.86467799996
42.6812509994
98.3123939986
193.380992997
0.500121999992
356.615599995
1.06702099998
19.4591039997
401.932700994
4.89304499993
0.0
107.036632998
0.760699999988
24.6834019996
265.380623996
459.217549994
3.04565399995
506.217109993
221.430569997
515.402624993
1192.11513798
207.466454997
1.32080099998
33.9159859995
551.864949992
110.676147998
1.59059399998
1369.47855098
2.03214199997
772.576356989
45.8359999994
0.0
12.8498299998
1.82537699998
8.87922399987
11.3239139998
157.554038998
610.444047992
678.39075299
1.84319299997
2.31744599997
310.746072996
166.969234997
721.13837199
114.620689998
189.488451997
84.7979439988
0.0
170.188673998
5.95959899991
180.986377997
444.448534994
9.19133099988
5.87442199991
0.343693999995
228.386729997
10.5637299998
6.57855999991
0.0
0.0
7.31964699991
1.81473499997
4.75630599995
155.846042998
41.7422059995
0.0
0.978620999985
3.83818299995
426.469106994
71.1705779989
6.99680699991
0.286537999996
49.6549699993
302.173529996
1.12889099998
8.03863799989
23.7555229997
13.5272479998
9.76538599986
5.09705699993
58.1356729992
87.3503069988
146.250705998
5.02875399993
98.9507199985
5.54527399992
3.09690899995
1.85794599997
26.1377209996
0.72695399999
415.268800994
181.327245997
116.516975998
201.659956997
964.130700986
1.00101599999
541.811633993
0.132759999998
127.393962998
369.584585995
338.395029995
70.0503659989
0.0
214.722585997
99.5147509985
3.24983499995
223.370420997
102.674417998
4.00597299994
1.86767899997
97.2803119987
1.40011299998
10.0007179999
173.292155998
1.49736599998
7.62364499989
78.7171039989
143.817828998
88.4752389986
2.55982999996
144.431175998
204.042661997
50.9878819993
328.694957996
1480.64377098
18.6966229997
1.98190099997
28.0898979996
160.237927998
438.465660994
730.297381989
645.175059991
569.291493992
75.0138369989
1.60076099998
50.7491739993
333.340394995
108.370533999
145.392523998
557.754410992
0.0
0.269719999996
3.08416799995
15.9294999998
16.3015649998
1.10822099998
7.12744999991
43.0943039994
487.925975993
201.715683997
42.0642079994
76.417843999
306.611097996
309.901925995
3.63404999995
346.476927995
31.9196079995
139.216364998
0.0
1578.59336098
514.761962993
2.21988199997
603.206914992
680.97499199
0.0
0.377411999995
0.0
22.5195039997
0.772167999989
50.4588289993
168.511390998
1.45718199998
3.47110499995
3.08775799996
10.4600139999
424.146829994
2.01599999997
38.1671259995
151.111963998
13.6369899998
3.90526399994
10.1370299998
83.4699369989
146.764226998
45.2988049994
2.27173099997
106.800679999
0.137783999998
213.705119997
8.00137799989
48.1333359993
13.4569369998
5.78950799991
10.2839209999
0.137783999998
10.9726189998
11.5103859998
36.5600379995
9.35226499988
98.2406769986
1.73011499998
65.697853999
6.9342019999
335.506386995
382.011184995
811.459336989
48.0618229993
520.289261993
223.441138997
84.8482599989
152.212983998
215.873283997
1.24276499998
451.173174994
287.056481996
0.0
26.3092669996
1.09877999998
4.23623199994
4.01233399995
195.856853997
171.651503998
388.130971995
1.72990399998
158.260472998
75.014474999
55.6716989992
44.1140039994
541.648736992
5.17924599991
634.878114992
6.55803699991
2.42727199996
193.291959997
69.0626219991
300.034773996
523.135105992
1502.40056498
1929.11045497
62.4401259991
0.72955999999
6.08167499992
503.431064993
187.964404997
0.0
107.449118998
7.19644599989
289.019178996
5.56154799992
488.510841993
482.417601993
110.021209999
0.187132999997
0.770523999989
68.489241999
8.25318899989
129.519732998
8.2391109999
377.726939995
100.814654999
3.58098899995
214.851937997
0.820221999988
8.52351399988
13.9645599998
224.083815997
3.14415299994
7.38663699989
378.016611995
86.3041359989
146.446976998
199.850767997
0.68342799999
671.91550699
55.0569499992
12.7023359998
0.637032999992
15.5054009998
269.032013996
451.798278994
3.64183299995
97.2204389986
8.15247599989
5.75835199992
231.993635997
4.24730699993
27.2006129996
237.723860997
27.5373829996
218.440523997
513.495956993
14.7944449998
1.76657599998
0.0
0.0
233.824902997
63.4622089991
13.5131299998
4.68790999994
67.806988999
353.137744995
272.074190996
0.296407999997
7.00827699989
373.692814995
797.546204989
28.9375439996
4.88028099994
87.6158119989
734.78333999
23.7426869997
0.0
5.74284099992
6.95934699991
5.49301299993
1755.91049298
59.1780979991
3.81348599994
228.499961996
643.831776991
68.2625979991
66.090315999
2.33384099997
21.4796959997
161.772048998
0.0
188.472927997
0.0
836.998132988
5.01274999992
37.8689259995
1.54978699998
249.871752996
759.828233989
586.482346992
2.22346499997
1.74721199998
6.87384699989
3.99869599995
1.97901699997
21.8591049997
423.857253994
917.860533987
3.08602599997
741.15670899
96.6433809986
71.860008999
122.415802998
471.611736994
467.509241993
0.0
55.8954019992
101.213358999
5.05118999993
0.0
91.2964879987
59.793757999
0.343159999995
201.340832997
24.6765439996
108.667299998
117.329559998
88.7456669989
5.39652599991
32.3936289995
17.3625379998
6.86580499991
527.401511992
930.689367987
15.0975329998
9.05336299988
89.7118399987
615.140011991
184.796239997
547.297226993
203.808866997
458.745946994
111.859494998
211.534146997
179.871572997
574.530704992
218.080966997
5.16869799993
229.463525997
17.9862579997
93.2638399987
64.6672809991
81.9259379987
527.347198993
12.5857019998
90.5509619987
202.090262998
362.794160995
259.382754996
226.029049997
111.312300999
16.2467159998
0.0
217.702320997
233.966015997
4.07328599996
200.933471997
42.1421749993
2.98741999996
11.1672589998
102.027701998
21.3086749997
489.943825993
64.0590859991
88.5068749988
64.666496999
26.4151559996
425.747650994
8.71958599988
87.8756399986
10.8796479998
381.168973995
5.45736299994
615.058825992
77.6670949989
145.761064998
7.7530819999
54.2661129992
95.1328829987
20.8475839997
28.1578609996
117.846023998
3.18498999995
2.00726499997
119.403430998
2.82579899996
98.0898209986
183.104645997
0.0
274.541306996
513.546067993
61.4096979992
525.344627993
21.3856239997
62.2070079991
55.9180529992
236.359935997
2.85722899996
558.374802992
366.450075995
2.74742699996
0.0
74.1636289989
13.1135149998
5.64211599993
73.0259789991
57.1094069991
208.420042997
57.3854909992
225.780226997
521.841732993
410.918198994
10.6000279998
341.018834995
0.538457999992
5.37301299993
372.397927995
17.2845369998
4.02502299993
6.35781199991
577.521238992
7.2478899999
3.02800099996
4.30081499993
2.49370199996
101.614506998
0.775443999989
23.5360669997
3.94316499995
251.582422996
3.08380299996
11.2587049998
11.2079479999
0.0
10.6924799998
42.1191009994
0.709651999991
157.845549998
212.525564997
130.290632998
58.9426029991
19.5533289997
169.852056998
63.5211889991
557.196771992
22.3864709997
23.8270059997
75.7251049991
53.2949239992
502.726437993
12.4632109998
3.71257299995
0.0
0.313347999994
117.116746998
17.7563499997
63.3551479991
130.931165998
103.635733999
20.7693119997
58.5610299992
45.4547589993
149.088344998
65.1440859991
89.0285349988
147.084125998
73.3978979988
162.946459998
73.672939999
31.2121629997
579.748074992
0.916203999988
1.91501099997
85.2081759989
0.0
214.183834997
120.500622998
131.532440998
38.3817909995
687.95482999
454.587716994
31.0041189995
21.9588199997
488.878623993
2.14550999997
10.2295739999
298.200182996
4.69713699994
59.253937999
39.9323409995
1.19273399998
1.20083999998
59.8587139992
0.0781649999988
1.14564499998
0.0
62.1144079991
80.5832979989
524.101552993
34.3699039995
0.0
970.514058986
0.0
83.5628919988
9.07348299987
3.54383199994
1.27614499998
626.088751991
1.61875899998
108.337248998
70.4365639989
447.307021994
598.934614991
131.830447998
51.7737789993
112.364425998
5.52740599993
288.724014996
205.127675997
308.886865996
6.4420769999
4.73252499994
17.8759849998
3.83049199993
0.0
217.047683997
197.354743998
1.62114599998
3.54979499994
34.3182349995
8.86807099987
6.3098549999
656.750001991
54.5070519992
250.274767997
65.9725599991
252.207177997
278.256919996
49.9974889993
0.906859999988
7.1121099999
30.9516339996
1.23878699998
215.892024997
2.98365299996
6.24277899993
2547.02399596
9.77861099986
4.77006499993
66.4010069991
0.0
0.0925739999987
24.0911869997
3.69527999994
16.4456579998
194.498674997
131.140219998
242.132871996
151.905483998
96.1786319986
3.01210899996
136.905558998
2.40697499997
606.452872991
263.814490997
1.48031699998
0.0
139.808454998
63.4452389991
117.397327998
78.3999889989
114.056087998
7.9250439999
29.4318389996
351.771551995
143.043432998
4.94378799993
685.959392991
938.048662986
792.823274989
1.05831499998
1.49435499998
3.73866299995
2.43147799997
60.460863999
126.081632998
0.116482999998
31.4647759996
1231.89851298
176.152928997
55.9864119992
181.979703997
0.192351999997
80.718980999
29.7861309995
0.0
2.16343899997
62.7249239992
156.593787998
77.744508999
69.3693289991
300.502486996
179.708231997
138.036767998
13.7113179998
110.326730999
15.4370869998
0.0
280.825997996
311.051866996
2.69309899996
21.4345689997
39.7895459995
3.75026199994
808.958390989
180.826564998
80.5437639989
9.41488099987
197.710958997
1.11836899999
6.2802639999
98.8161729985
7.61665199988
199.048255997
11.3693169998
500.103514993
3.82815899994
0.0
133.727308998
104.316241999
79.0485029989
3.07993599997
136.209316998
114.057683998
9.68697999986
0.0
20.0568919997
6.50429299991
71.450503999
392.495387995
0.0
98.7010109986
5.39082999991
2.40732799997
253.255767997
0.392496999995
278.431495996
203.919381997
1.21460199998
88.9352669987
13.1317669998
4.78955499993
58.6010389991
808.439878988
157.206518998
34.7333309995
407.933349994
224.616063997
67.6492139991
437.721801994
55.5900779991
77.4702349989
1881.80462097
465.483920993
43.6143309993
4.54695999993
401.592581994
423.889380994
20.4988109997
1.77994399997
50.0967819993
0.129541999998
431.101667994
26.1428729996
702.05554099
48.4093879993
62.337778999
6.56811699992
276.396204996
585.921490992
0.0
2.27968599997
3093.17521196
297.781555996
128.930548998
4.38291499994
2.98213699997
0.472090999994
382.417156995
97.9930139986
9.19368699987
148.699353998
4.53415799994
66.7585039991
261.111066996
8.0485079999
4.85738199992
139.953554998
0.0
764.244004988
11.8354469998
605.888035991
4.57888499994
12.6742889998
452.096421994
148.373608998
539.658070993
4.63035699995
216.486816997
20.0691379997
7.15987699989
90.0233819987
94.0119209987
226.318482997
423.170142994
0.0
27.9700429996
5.82818999991
45.1544979994
4.19875099993
1.52962999998
134.454786998
1.36659399998
208.748241997
59.2074389992
0.0
54.5202699994
0.728688999991
1.71291299998
241.267283997
0.831931999987
40.1221729994
9.14111299987
103.883595998
0.0
1604.96992898
560.302033992
6.31182099991
5.83642999991
177.657526998
120.581803998
423.528185994
22.7057949997
61.9257869991
12.3262219998
1.53906999998
12.2082629998
6.4692359999
238.621288996
3.81661299996
10.7645749999
102.852294999
68.7983709991
17.7093509997
142.375408998
0.0
0.404956999994
20.7716949997
1.74218899998
6.5950119999
596.514764992
0.0
711.63963199
266.355691996
382.156860995
50.5758729993
364.730807995
6.61394599991
1.39258699998
4.24475299995
411.348130994
262.865153996
31.3126449996
2.33217099997
522.103569993
1.33865599998
16.6282219998
59.1695719991
7.79779299989
30.3144389996
79.6020829988
252.348226996
0.930513999988
169.116353998
128.796742998
110.340334998
5.83457899991
97.5517109986
2.37445899997
9.70364699986
248.134510997
83.4789479988
60.4101499993
7.21122699989
10.1557069999
142.930817998
0.0
4.29983199994
196.576951997
6.68527399989
7.85091899989
16.1471049998
653.58444399
175.062731998
43.6143309993
163.895039998
785.416689989
36.1412129996
213.170527997
8.1807559999
2.61141999996
3.67213799995
2.10460399997
8.67436599987
169.542165998
7.65869299988
101.798374999
2.16983799997
240.593102997
0.0
365.882570995
465.701814994
4431.75753294
55.9676209991
408.050153995
54.7286739992
89.0119859987
5.49549199993
0.568836999993
85.0969909987
423.299056994
605.567539991
297.860991996
925.580621988
14.3497869998
24.7272779997
138.376597998
30.0635079996
13.9361169998
143.277922998
0.0
11.1951689998
4.24871999994
178.539964998
35.1656429995
59.5680389991
37.0078719995
91.1044119988
75.6233209989
2.20443999997
10.0369379999
11.6965829998
124.990516998
156.414604998
7.21936499991
3.80340199993
1.12048199999
66.8244379991
129.142899998
205.642280997
23.6061089997
229.489632997
0.0
72.1411569991
76.166988999
544.167424992
1.66099499998
726.88711499
0.0
0.0
24.3471429996
75.8175029989
3.72560099995
0.346567999995
419.147956994
115.965589998
60.1018089991
15.8716929998
1.17011699998
4.67551599994
149.294389998
41.1253329994
144.263817998
170.426383998
106.706498999
41.8317309994
2.13289699997
47.6291229993
233.624416996
27.1938649996
102.702268999
355.176791995
5.75835199992
119.754996998
0.882030999988
3.40882499994
61.4817049991
7.3241359999
137.033561998
0.0
10.6065939999
3.27518799995
1.70627199997
19.8189039997
0.0
1.22159299998
106.151461999
3.52981099995
0.0
66.1450339991
98.8128159985
1014.20460199
0.0
150.723354998
101.176543999
0.805608999989
33.0283489996
1.35164399998
661.480506991
66.5930559992
441.633333994
65.640126999
91.0017189987
297.277917996
191.348116997
89.9447629987
71.5840109991
252.710968997
7.09763899992
2.78732599996
48.4616379993
197.546032997
163.140935998
211.069486997
1.13503099998
40.8060849994
552.063593993
690.91027199
953.732231986
0.0
156.216510998
38.4510839995
39.3887829995
60.8878909991
14.1655729998
2.39779799997
46.7164149993
384.136552995
40.3002059995
5.92004599991
152.610667998
93.0548929987
194.142541997
0.0
35.6665349995
57.1094069991
6.31093999991
13.6490159998
4.20410099995
2.03595899997
0.901307999987
488.946535993
301.363165996
15.7796389998
48.9423439993
88.3823769988
5.75377799991
0.0
1076.47501898
45.2400119994
4.94030599993
7.0818209999
29.3435519996
64.219365999
143.001967998
18.2082899998
2.62964099996
1871.15919897
0.0
11.4615119998
62.019249999
225.596969997
12.0407009998
29.9302549996
0.0
5.41529499992
377.313921995
2.01667699997
29.9728909996
377.579891995
15.4057889998
7.58398199991
169.203452998
98.7849869985
0.0
214.343354997
0.800552999988
1.42835099998
421.124333994
1.67981399998
57.3178899993
27.7333709996
92.3741959987
55.7696369992
23.0236889997
6.99305699991
118.848732998
3.74596499995
1275.18442698
414.965388994
7.5491279999
1.12509699998
7.30195899989
5.74217499993
309.888830996
86.0521299988
1.32456199998
70.033614999
473.720759994
1.05513299998
5.39587299992
71.6694849989
160.484073998
4.40656199994
3.23075899996
2.69309899996
198.974947997
0.0
0.796674999989
158.353166998
106.995436999
1.86835699997
64.5851709992
10.0374519999
117.188791998
176.347356997
17.1593089998
92.0222329988
0.0
302.840877996
3.63841299994
462.554362994
8.49300399989
11.7473709998
0.0
53.3755149992
3.49770199996
93.2389239987
210.861022997
106.826485999
0.0
0.0
7.83872099988
20.6632809997
29.5942259996
112.236221998
43.3602379994
1.90056699997
84.505157999
207.143158997
195.513714997
1.59477199998
0.0
197.723089997
485.530661993
63.0019939991
99.1977199986
393.961317994
17.8081299997
6.8780049999
142.944389998
133.314678998
0.0
4.96398199993
136.468041998
1.20561799998
59.7810899992
4.27845299994
54.7513359992
3.97518499995
83.703339999
3.95301999994
27.0955399996
40.2279959994
45.1497179994
0.0
505.238543993
14.2003579998
185.488988998
84.3240409988
510.883873993
370.471695995
17.5745789998
543.103012992
845.349316988
13.5583479998
4.60054199993
0.876118999989
304.721172996
24.0232939997
0.0
8.61953099989
402.888899994
1.68308799998
9.55457799987
0.346848999996
289.070612996
3.55093799995
207.816786997
78.2521469988
228.018667997
1.99179699997
186.736309997
285.742147996
16.3116099998
960.513982987
8.26406299988
4.95220899994
56.7414599992
7.2339179999
53.8104159993
17.6748179998
488.648126993
434.417925994
5.65921299993
240.994170997
0.0
67.5162749989
1.46088299998
2.32362599997
32.2046419995
0.0
211.700848997
6.77766899991
3.66767199995
0.480430999992
356.650392995
0.282360999996
0.758786999988
13.6966169998
614.485323992
40.8531059994
96.4433759988
154.180512998
532.460170992
2.96099899996
198.139028997
87.3647959988
18.1991949998
25.2881419997
16.4812169998
11.2557869999
1148.26527198
57.1094069991
4.38911299994
3.27765699996
0.0
169.580861998
12.3691059998
0.0
15.1563239998
6.44807599991
4.66117599994
55.8727479992
30.2184539996
12.8746859998
103.896431999
202.434134997
2.09099799997
280.293948996
1.63549099998
484.255088993
14.5536629998
0.0
1.35995999998
13.3128859998
31.0486819996
59.1969799991
9.70553299986
622.642669991
19.4337899997
416.237570994
645.044519991
72.0762259991
3.60609899995
245.108259997
55.6657689993
695.52115899
124.891291998
1.65359099998
33.0660259995
380.593550995
214.514031997
16.4392119998
15.6359299998
44.9074579994
150.353363998
53.8658229992
2.95316399996
10.7925719998
1.40959699998
48.4062559994
1.50025999998
2.19761499997
43.6102849994
14.9286269998
1333.60761998
2.51636599996
288.338551996
393.899794994
0.0
6.93224199991
0.128383999998
327.032747996
11.6132589998
133.315765998
237.325262997
0.0
251.469730996
17.0372709997
356.127846995
0.0
5.29363199993
116.919658999
8.90964899988
24.7154289996
223.586167997
46.6186739994
242.930783997
4.53498499993
13.3307169998
8.18990599989
188.049552997
1.82935499997
80.4287099989
2.00857399997
20.2136959997
199.438143997
2.81441799996
20.1112269997
54.2523219992
167.526570998
0.0
374.876568995
255.233413996
18.0763429997
3.40882499994
2.37351299997
6.8476649999
32.2909649995
646.248414991
9.76678599986
1224.51357498
1.70284199998
0.0
5.9073899999
54.7089699992
116.026840998
1116.72575198
37.6938369995
221.040545997
31.4201269996
763.245258989
517.361133993
8.77419399988
12.4490529999
24.2629869997
37.1089149995
0.980937999987
0.0
15.5219869998
154.205477998
18.1842239997
5.79123899992
1.83474499997
554.568875992
32.3322809996
0.970318999987
104.946428999
45.5277009994
2.98845199997
52.4458889992
85.2299489989
217.043491997
3.33482099995
5.14270899992
0.0
39.3037479994
63.8209089991
171.177071998
119.937262998
76.711454999
34.3245699995
392.637739994
20.0901799997
71.1443629989
183.471432997
10.0344189999
87.1465679988
504.024672993
135.340638998
185.415823997
10.9401539999
39.5650389994
204.375105997
135.751830998
12.3345929998
3.60524899995
23.3547069997
8.65383999985
95.9389669986
459.296775994
40.0050739994
55.4468799993
477.184251993
185.549501997
4.96791499992
466.064805993
169.541393998
2.60950299996
0.0
463.590430994
3.41088799995
7.59372499988
51.2370859993
654.141144991
23.8276479997
62.6771309992
0.0
52.6861769993
396.653081995
39.7547509995
13.1000799998
93.2648269986
28.9089439996
380.383184995
1.54696299998
6.2234019999
19.0840909997
27.7986079996
20.1097739997
3.14975599995
225.563867997
70.655649999
2.38984499997
310.608328996
2.30797599997
543.174246992
297.362210996
2.77172599996
631.761458991
319.857718996
212.550384997
0.469559999994
112.642717998
23.7770029997
56.7414599992
73.961275999
0.0
27.0378289996
84.975851999
0.0
12.0404099998
84.6947509989
63.4952039992
0.203779999997
11.7888429999
1.07694999998
657.753617991
60.9732279991
1.80630999997
63.5527569991
19.8259739997
87.7577219988
5.09170999992
1.03411999999
3.93549799993
152.004560998
72.075730999
200.774157997
5.00528199993
5.30536599991
325.982734995
10.5447209999
29.7980889995
5.94024799991
5.74586799991
0.0
87.3865799987
22.1866629997
174.768355998
31.0520299996
1332.09570898
470.140023993
5.77160099992
1.78403199998
552.088604992
715.36092399
64.0411239992
8.47362799988
247.678516997
0.924641999987
6.40028099991
735.657807989
28.5673799996
54.7952879992
429.914372994
464.189706994
716.65234699
0.968514999985
0.71393199999
7.18041999989
37.8671999995
2.39719999997
62.2227899991
62.8044579992
362.966128995
199.645958997
156.019137998
9.90394299986
2.61696299996
1.09484499999
24.1953789997
32.1323349996
135.476281998
7.40321999989
11.8268589998
12.7732459998
121.517081998
1.95503299997
4.24064299995
427.393613994
55.6998019991
84.2915119989
81.1338939987
7.80719799988
2.83298399996
1946.81881997
143.888402998
166.461874997
36.5600409995
72.112639999
260.211920996
24.8744689997
1.51623099998
507.298489993
0.0
45.3043589994
169.341877998
281.370697996
312.581054996
97.2552049987
1.35021499998
45.4178149993
83.3148119989
0.275752999996
34.4938979995
14.9013929998
45.4535219993
363.865180995
2.69514699996
498.914892993
2.30793699997
3.65882799995
78.7126689989
69.8854499991
1057.51850099
276.452394996
67.626728999
63.7096289991
35.4516459995
67.157305999
332.998118995
36.7539199994
37.8716159995
8.14420999987
22.8538489997
74.9248879989
9.74726699986
119.222308998
6.51820499992
10.7108249998
1.66237799998
0.0
429.063924994
1.00847699999
231.516744997
143.300427998
12.5223509998
0.0
547.569884992
10.9177679998
30.6794529996
11.8503649998
0.0
48.2255369993
401.421012994
10.7340869998
7.31867899989
7.5073989999
56.4110989992
46.0986249993
175.292542998
120.726949998
1.39977799998
11.5937879998
5.80567299993
693.39745799
325.669108996
3.26694899997
1.36661699998
0.0
0.76252499999
2.16691299997
180.391118997
0.0
11.3917769999
106.354868999
33.8006969995
29.7698109996
0.0
10.3378189999
68.6368269989
311.812883996
0.0
0.0
355.321139995
9.13473199987
7.5656839999
672.394910991
8.5203979999
68.788506999
59.1014899993
102.830328999
113.859739999
6.07392199992
1.67791799998
2.40973999997
662.701394991
5.61145899994
611.716678991
1667.11419998
0.0939189999986
165.223975998
184.092380997
23.1727289997
0.0
360.130641995
5.57476099992
1.74721199998
57.8509429993
8.25488699989
4.17580099994
211.376545997
27.8777109996
250.241700996
66.2609129991
271.296363996
93.6845559987
381.841700995
75.772829999
203.939186997
680.87911399
51.7882099994
15.6575609998
122.843934998
102.210858999
229.691089997
417.477850994
60.5340009991
107.759561998
202.340007997
31.4933669995
3.01843199995
1.16754899998
544.641533992
1.09829599998
3.31123499996
102.791279999
5.20758299993
35.9882099995
4.39197499995
1223.57281298
71.394367999
123.712239998
1.38103999998
235.595043997
0.774201999988
102.562509999
114.095308998
222.311915997
0.924280999988
0.799266999989
126.012283998
1.11124599999
5.29981399993
155.741206998
42.6859279994
0.067820999999
15.7731789998
0.0
0.0
0.0
0.826862999987
100.399673999
0.0
77.8221819989
357.616737995
55.3717609993
4.50734499994
6.19678499991
96.0929289986
54.7669179992
5.19239699993
0.544085999993
153.428865998
138.571421998
878.473049988
130.069801998
4.61703999994
13.5338629998
72.4375739989
1.12978099998
499.385769993
159.994426998
60.0652959992
0.65660599999
0.0
0.200511999997
54.8147519992
15.5578219998
23.4697189997
205.093708997
155.528800998
363.937602995
30.4652279996
175.757773998
57.3842159993
1.92333499997
893.420372988
486.649736993
5.91847899992
45.7024589994
288.738877996
51.6433239991
73.015790999
0.0
48.4036919993
31.3472219995
1.62891499998
28.2228989996
472.053575994
12.1026929998
844.453910989
3.66946399995
594.520780992
113.626338998
216.015976997
2.43444099997
59.8587949993
126.697349998
39.1946569995
300.470313996
3.74811899995
5.38308099992
19.4017899997
44.5346909994
40.6758229994
30.4958719996
5.51083799991
218.085917997
0.866490999988
58.8158719993
230.631931997
4.40800799995
74.6745669989
9.91805299986
29.9450169996
187.643055997
180.692031998
63.8249279991
2.30178699997
456.652875994
160.429291998
6.09820199991
0.0
133.877295998
72.8598049989
79.3482889989
3.55279499996
36.3797969995
3.81627199995
2.68000699996
1.79848099997
0.107728999999
1332.45843298
202.917668997
5.73009499993
0.0
39.1608209994
197.475605997
9.88924199986
496.343501993
0.904645999987
962.574734986
176.528888997
53.4533239991
266.224969996
9.45153799988
37.9862129995
0.895719999987
101.541953999
400.448938994
109.960302999
0.0
34.9083849995
1.79247799998
7.00080199989
1.98700999997
4.77733699993
13.9957299998
69.5552959989
12.2281809998
32.2276709995
1.76657599998
12.7800949998
30.9096809996
632.887594991
7.5205759999
157.401640998
3.86056899995
38.9457289994
210.567995997
4.81537099993
7.86669299988
384.076025995
187.402534997
23.6095339997
1.05969199999
62.8559089992
140.859046998
0.265590999996
157.974673998
87.8466929987
279.155206996
62.1882589993
2.78169399996
120.977501998
312.012847996
10.6787499999
0.586603999991
24.5047879997
6.9656169999
0.864312999987
101.211822999
220.660367997
235.881586997
184.113197997
2.26442799997
579.880877992
2.70529099996
121.705386998
3.72947499995
583.954506992
1.86767899997
11.6755589998
118.672714998
62.5974859991
144.344832998
13.9752319998
79.8675629991
878.719416988
3.03739999996
190.471407997
333.849035995
37.3586899994
6.4434829999
1.94917099997
395.128551994
1.52387999998
0.155245999998
91.6409239987
0.0
23.8299109996
135.524562998
161.459027998
0.0
20.0582489997
15.0297769998
0.79426299999
1.87218599997
288.088138996
137.727094998
101.594178998
228.656718997
400.025872994
164.689654998
6.90459699991
180.876215997
3.65261799995
7.55534899991
3.82649199995
132.556710998
69.2348519989
8.23243499988
588.453170992
4.25252599994
131.411342998
0.889518999988
23.8268799997
2.22346499997
6.62246999993
41.5733399994
5.25407099991
927.146129987
474.376705994
129.337538998
122.504520998
1321.27202098
16.0033889998
622.158718991
184.147824997
115.361064998
91.0782589987
61.0652579992
0.0
1.14325499998
16.8918409998
0.497580999993
303.046097996
8.11301399989
0.0
3.56475199996
189.317833997
114.757944998
329.980896995
2.01198199997
164.491480998
0.0
459.901792994
767.839992989
18.9764079997
0.0
16.7537569998
276.007049996
0.0
4.51246899994
123.233088998
1.13934899998
38.0170059995
5.08930899993
121.938169998
86.0041469988
1.43169999998
191.486072997
306.907140996
719.78896099
218.113530997
1.92325799997
54.6650169992
0.0
66.0420759991
11.0116979999
427.896584994
459.508971994
130.001596998
7.4862959999
20.7960789997
172.042240998
1.43738499998
0.0
22.1472259997
50.1467159992
429.252111994
80.2746609989
90.9348519989
33.2224599996
274.491742996
81.5942899987
2.52462799996
706.93996099
10.1317429999
207.236914997
81.1916899989
9.99396999984
512.999347993
75.5276859989
0.0
0.0925739999987
2.98519499996
489.686573993
5.25411299993
2.16802199997
0.469559999994
256.991263996
16.6537459998
518.963536992
34.9886869995
0.0
0.0
483.277503993
68.997504999
203.745515997
133.254381998
56.7176779993
349.484820995
390.191092994
70.382591999
8.30393399989
46.9228199993
33.3032099995
4.85583499993
331.864553995
134.981172998
61.0558219991
0.0
3.93523599994
119.955085998
128.402299998
11.9205109998
0.0
6.72194899989
83.5277969988
20.0871559997
0.0
27.0813349996
0.0
1.98190099997
753.161703989
594.824812992
5.98950699991
252.098962996
203.054849997
136.641635998
33.1055599997
297.193886996
244.143292997
17.2520309998
14.9076379998
165.662273998
501.009999993
59.3044559992
92.5820369987
50.1480339993
102.432176998
2.32270899997
0.0
2.72200299996
34.4718629995
3.45109499994
431.002753994
2865.06398896
1444.05441298
692.661405991
117.227025998
287.752947996
45.0646059994
3.43943499995
9.91825999985
186.196815998
267.808577996
5.12329999993
612.643818991
259.062689996
387.674634994
0.0
619.658411991
102.218585999
6.93742099991
24.0820619997
2.91526499996
0.0
242.875185997
248.445994997
66.2830219992
3.19981399995
482.853648993
137.117022998
31.1271169995
245.829651997
140.007860998
0.0
1.47840199998
90.3333599988
31.8921389996
307.466902996
0.0
12.8473669998
274.622199996
3460.72766395
196.255175997
539.992095992
453.489351994
167.717565998
4.72895799993
121.110537998
115.551570998
3.40891999995
57.5923609991
128.083911998
0.290234999996
29.6446199996
3.27519299995
5.50315299992
0.0
4.79794499994
0.0
13.5886509998
572.732023993
121.594545998
53.8391959993
176.613178998
6.9526519999
3.06538399996
63.2001759992
151.056316998
189.427145997
9.76830099986
4.07403999994
164.043042998
37.8940209995
85.2580009988
0.617451999991
13.5991729998
3.72458499995
91.9952299988
24.8194419997
133.507265998
119.092018998
169.033418998
142.271940998
198.290078997
370.431100995
5.76344399992
0.587874999991
59.1019079992
0.0
981.169125986
45.3032589994
263.942368996
259.870176997
30.6558689996
36.0518509995
96.7433129986
2.39080599997
119.522876998
36.7916479995
222.141712997
241.566628996
42.3947229994
426.074190994
19.2371579997
98.7570139986
104.211928998
619.735955991
1.53894799998
577.382872992
704.95391599
3.69480799996
411.079932994
106.248675999
543.463937992
305.463258996
293.636011996
8.06407799987
0.224723999997
4.25845999995
49.1357389993
774.031693989
436.624327994
133.122753998
37.0486229995
0.0
130.993948998
347.582257995
141.224088998
0.0
1.06225199999
12.2611779998
52.3824159994
0.0
616.931698991
194.406428997
204.522075997
7.92820999987
0.925857999986
0.109309999999
20.7604379997
154.464456998
449.585904994
55.2802909992
4.65412799993
60.3304679992
135.964661998
62.6290569993
28.7030179996
64.939461999
139.516057998
5.45292499991
67.3588349992
669.975326991
1.10822099998
5.59035299992
32.9721149995
156.696672998
555.313630992
141.378616998
155.970487998
1350.56464998
147.444996998
473.482184993
0.0
35.1164979995
108.272944998
137.575561998
46.8443179994
524.892122993
46.2002549993
6.88565999991
211.505695997
50.3406289993
456.173217994
598.996103991
212.713289997
478.944235993
573.881475992
233.834670997
82.1061119989
1277.52539198
52.4252889992
72.7057679989
242.515399997
636.721038991
62.6269509991
328.443107996
201.364398997
331.757874995
8.00933099987
21.3406449997
10.5300069999
198.445749997
142.761231998
1.59047099998
4.05603899994
132.366334998
105.397181999
0.0
460.102298994
5.31836899994
0.0
70.124862999
0.312674999996
0.128465999998
31.0988469996
1073.86909998
1146.42873898
17.3581389997
85.0225649988
39.4697209994
7.09606799989
11.8867079998
2119.52652997
278.482978996
1.66928699998
134.529677998
387.421908995
623.641680991
98.0829159987
384.909547995
0.0
1253.45331398
292.714869996
290.443173996
55.9008919992
7.05284399989
0.0
4.07043299994
473.175303993
199.034059997
22.8244799997
0.824520999988
53.1352929993
172.883410998
448.059361994
1.65763299998
6.33459399991
8.81014699986
1.61875899998
0.75119199999
3.19446799996
18.8728869997
70.8283039991
3.21877399996
286.414164996
342.944775995
0.223520999997
56.0506609992
0.0
2193.56869497
29.4929459997
176.592034997
1.90085399997
3.73477199993
4.71251199994
352.793438995
86.1277289987
174.102528998
478.874199994
1.09417199998
58.5190119992
0.0
100.855728999
28.2978129996
87.0078969988
747.127128989
757.19078699
2.40697499997
57.2422469991
61.1384259992
2.28386799997
6.07900599991
813.207802988
156.473598998
0.0
58.0808339992
27.9802029996
105.026169999
2.64518599996
509.083532993
669.81344599
259.106588996
194.536311997
4.56553599993
218.389714997
1863.48124797
62.1353229991
2.42409399996
751.15907899
213.155350997
325.107474995
11.6084609998
56.1010029992
411.703497994
692.50883499
10.5288739999
83.7242949987
3.26311799996
2.06010399997
327.154689996
64.5130009992
183.027427997
316.448778996
158.245279998
26.9036529996
305.898970996
213.474486997
79.9551029989
60.6495759991
187.311680997
36.1621869995
0.0
9.0824689999
85.3778129987
5.32618899993
8.07009799989
62.5705289991
77.2813709988
0.0
81.5125099989
630.615843991
6.69154599991
374.429232995
79.093443999
0.0
0.135131999998
1.27614499998
495.861205993
0.0
132.292337998
731.54780099
199.149546997
186.839029997
591.135985992
180.168066997
400.092427994
72.184495999
1.22775499998
142.208040998
4.74753499993
9.56349499987
85.1761039989
18.9843899997
159.151623998
294.624260996
163.528852998
77.8514429989
100.963923998
190.561781997
0.0
272.768629996
248.590624997
77.9817069989
65.8299009989
1260.78514198
91.9088959988
16.2943919998
209.527922997
25.0696409996
131.394868998
232.028781997
4.02876799993
340.557836995
661.490630991
16.6886709998
64.5740469991
123.955173998
186.200983997
86.5449999989
124.159711998
117.460457998
5.75152399992
87.1935739988
136.426485998
141.877146998
13.8599239998
28.3573309996
580.844217992
3.56936299994
134.038588998
55.5113729992
199.689731997
841.504301988
47.9119939994
11.0526329998
140.286851998
1.44949399998
449.117309994
5.62316599992
55.0745379992
81.825957999
2.20232699997
1.40150299998
3.19496499994
227.224437997
3.06366899996
1.95856199997
70.7662619989
0.0
105.611569999
67.421515999
52.3559009992
22.4271559997
375.555796995
3.33231499997
0.0
339.921825995
656.244695991
325.122365996
103.737178999
1.40372599998
39.2250259995
416.348205994
94.9976739987
121.845522998
291.149549996
8.72010099988
3.79497199995
71.819243999
47.9217149992
8.31892999987
218.936085997
86.6492219987
75.5640349989
382.362923995
3.16991699996
533.031824993
0.0449299999993
0.0
60.4612939992
249.975868996
123.542940998
30.5894319996
435.664435994
63.4952039992
69.128955999
1.04203399999
1208.91045598
356.352435995
1.12509699998
0.0
0.0
141.326407998
6.86417599991
0.0
1326.45350098
0.0
21.4577159997
97.3204659988
61.2698959993
88.6257119986
393.028299995
3.06094199996
571.652836992
53.4533239991
58.4017589992
564.034244992
1063.78811199
14.3121399998
235.208125997
62.0936249991
5.55743299992
547.100994992
9.94013799986
41.1534639993
149.704901998
0.0
0.162983999998
0.337008999995
5.35966799993
225.298252997
67.3489289991
1.10922799999
119.614287998
118.036797998
50.2725809993
178.016410998
5.38554899991
6.31943399991
57.2184619992
301.712163996
1.65711499998
203.165096997
125.048629998
0.0
12.8636759998
13.5417729998
8.49467999987
102.410147999
6.16424599991
703.93803699
97.0733939986
65.9985489992
217.516572997
290.552656996
116.043243998
572.510519992
97.3165679986
1.59220099998
16.6005409998
199.808177997
6.3526079999
187.741915997
54.3290339992
2.28994599997
491.311898993
19.0971459997
31.1275079996
98.9754059988
0.0
608.242701991
4.35096499994
1.13863999998
1287.25835098
98.7348929985
90.1979009986
189.547579998
0.0
12.6609459998
860.984174988
124.032946998
687.51542399
1.46685799998
60.2716909991
244.018004997
2.80174199996
97.6431059987
191.254556997
5.49730599991
11.3349879998
34.8363439995
4.12787999994
597.708826991
116.959277998
5.24386999993
41.9594199993
200.559152997
21.3552909997
13.2990039998
78.9109619989
108.494544998
91.1044119988
0.0
66.7543699989
4.60693899994
667.371586991
34.1813649995
456.400920994
147.036500998
61.6726429991
0.610043999993
47.0290489993
863.621938988
516.474112993
62.8444129991
96.8500969987
22.3013109997
117.711571998
3.53206799995
5.39652599991
83.1427529988
82.1013179988
1.06602199998
303.238660995
61.6413489991
57.0246299992
99.3227179985
60.6065679993
59.4350679991
66.7715859991
81.2822159989
524.805431993
45.6792109993
71.838751999
71.980694999
14.2131989998
279.644108996
476.408924993
3.12835199995
1.11788899999
0.0
0.514886999992
30.9369319996
149.076771998
187.522099997
198.687208997
6.23093799992
657.615308991
58.5292139991
270.938239996
332.790318995
254.353664996
137.686205998
149.482535998
99.1288349986
355.170990995
10.9726309998
0.0
675.664562991
861.822597988
64.4717379991
467.584217993
5.63473699992
84.1382409988
528.172586992
0.0
115.232721998
2.21511499997
333.572713995
711.72024799
18.7113249997
1.05602699999
97.0072979987
6.43595399991
47.4749929993
7.90883599989
153.218923998
36.3062599994
0.678757999992
12.5639589998
0.0
176.444033997
7.56678699988
146.226597998
0.0
4.00223799994
186.555209997
9.02529199988
20.5673349997
31.1600589995
2.97202599996
366.428997995
6.20514599991
263.863346996
457.555341994
153.321926998
1022.41625799
93.5195059987
55.0623609992
7.1979609999
259.222734996
4.11163299996
159.899799998
502.771929993
83.9371729988
291.039759996
116.667727998
1.80528099998
11.4082269999
105.499787999
54.9074419993
174.932076997
98.7661009987
183.797132997
61.854747999
5.16284599993
1.54840499998
452.473937994
423.043990994
4.27631199994
66.6969529989
30.8771629996
557.670757992
0.0
284.946092996
0.0
63.4241559991
8.73759799989
245.112205996
119.019676998
57.1989729993
0.888541999987
584.523101992
150.191733998
224.113420997
62.7324289991
19.4203749997
86.2390529988
6.99995599989
173.989857998
4.80111999994
5.67939799992
64.7222159991
16.1868779998
4.70355699994
1273.61828698
0.582955999993
13.2644919998
1.43169999998
1.14408399998
71.0820279991
73.6226319989
2.55474999996
45.8469459994
2.15876499997
14.0666559998
648.777473991
55.6691629992
197.447276997
49.6287939992
359.864264995
3.96332399994
5.53789399992
336.699315995
145.143442998
0.392496999995
26.5680249996
354.559512995
46.4761179993
6.90293699991
5.51818599994
3.96408599994
53.5829529992
19.9062709997
100.147338998
0.0
132.283550998
273.856691996
2.50114999997
1.75354699997
510.598696993
58.8993749992
92.4588669986
53.7720379993
0.79952999999
836.073589988
325.482468996
34.0937869995
10.8613119998
60.8709769993
1.33546899998
7.1892649999
54.0304779993
538.805326992
3.65882499996
73.9406119989
85.0821029988
102.464780999
537.520380992
1.00348599999
128.190618998
193.401758997
745.65477399
2.01198199997
921.152991987
0.0
4.73375299994
57.6150859992
15.5353349998
346.515715995
0.0
0.0
93.4284019986
1.61576399998
37.6983339995
0.0
25.9480829996
396.255549995
122.421019998
78.3229649988
15.0207799998
5.64506099992
81.7252169987
5.25969499992
498.904172993
1128.20343798
1.95856199997
562.525227992
6.5211989999
0.719671999991
9.42336899987
216.803368997
14.6633139998
0.0
4.79182899994
5.13103399993
0.0
1.53015499998
31.1463579996
161.471265998
67.8625219989
542.506196993
177.001525997
5.84851099991
1035.81852699
55.5588289991
0.0
80.5185629988
59.7758089992
336.803148995
53.0834419993
157.737733998
3.22515899995
281.339167996
10.1900239999
413.805134994
55.1174869993
485.398843993
41.5942139994
4.12036799994
216.920278997
3.66301299994
732.89700399
42.4550379995
2.36098399997
67.225088999
608.455839991
0.72245199999
35.0573689995
1.66096499998
1.82556799997
604.700225991
68.527235999
3.56050999996
0.0
1.14995999998
352.754482995
43.8144549994
67.6122829991
62.8545899991
454.285072994
6.3055529999
27.0477769996
1.70997699998
57.2795929991
81.8766109989
281.321742996
490.432652993
0.503222999993
12.7354799998
59.4769809991
169.238739998
242.555894996
81.9575819988
295.162787996
156.960892998
37.5139439995
0.0
1.59996899998
422.535529994
0.123674999998
54.2137649993
155.593612998
61.3335589991
67.7766039991
0.0
987.753440986
409.101033994
141.900349998
66.4686779992
415.197200994
98.9963979985
23.9079439997
2.47795799996
21.5555399997
26.2092239996
322.550323996
70.160831999
265.757130996
170.124050998
18.2962109998
78.646447999
416.449202994
22.3258089997
123.022565998
119.416119998
0.785893999989
58.4182039992
0.775443999989
1.78485999997
12.9828249998
331.764435996
337.278918995
12.2066209998
1.01627399999
0.0537979999993
504.267308993
723.41570799
169.564559997
446.869342994
16.2369159998
414.437816994
4.29190299994
633.508131991
64.8402639991
0.0
121.564907998
0.0
64.4014899991
506.298551993
8.87340299988
319.062554996
77.7878239989
299.760123995
3.23933199996
933.468941987
125.149923998
2.00429999997
122.311641998
2.60198299997
369.150704995
2.50512999997
48.1299019993
62.7210409991
17.1285079998
4.64635499993
2.96475199996
8.02988599988
2.54816099996
0.0
644.934495991
33.6391379997
88.8303739988
118.884508998
5.42532899992
779.902910989
52.3013189993
856.031131988
13.9247799998
2.43570199997
5.19812799993
236.043118997
83.6977399989
213.513462997
220.862035997
395.455422994
3.97837699994
316.688437996
62.337778999
194.289396997
37.2281409995
59.3320829992
12.7542669998
219.507699997
77.0155599989
10.1979929999
107.890502999
6.1962949999
2.44400899997
3.99115299995
0.409695999993
14.4325259998
526.326112993
3.87707999996
10.7798659998
8.28248299989
161.779428998
176.933851998
0.76633499999
172.858161997
0.0
691.303633991
12.3988779998
3.24920599995
39.6169419994
191.769297997
572.770274992
33.3318489995
512.175275993
12.6873319998
100.578933999
4.90487799994
1003.90752199
32.4269749995
172.859750997
352.157649995
327.608735995
3.18901799996
61.837980999
0.294930999996
62.4068439991
22.0488729997
0.0
7.11269799991
5.80486199992
82.6546419989
36.8405199995
58.0998569992
0.294361999997
62.9042609991
46.2141369993
24.3720309997
25.6871709996
68.176668999
13.2414929998
21.4299019997
400.930473994
930.795806987
4.81739699992
643.150746991
7.38663699989
394.868232995
9.16329599988
378.276148995
15.5960569998
21.4241269997
87.9648889986
0.359304999995
80.2511479988
