7.88941849181
40.0383496398
685.683824237
25.6195204717
184.024446733
5.2341386342
0.989692941485
39.193784342
5.24885187636
65.6691082209
5.42884299519
35.104502643
236.378782445
49.5728905299
106.34913216
19.8617554511
0.403766143734
332.975549335
8.35298045893
79.4449228794
334.649703632
315.897092932
37.4159810911
306.182322787
10.4721040682
125.903881075
47.0069105128
85.5438864211
6.47452849707
234.594786258
5.02319391091
113.620551561
162.096165402
717.375495731
0.68717085024
31.0554909508
18.9360381841
1.78470921229
61.3364592235
40.6052698141
641.72765679
0.677135884666
108.150773992
435.705676663
0.871801479225
6.63049689408
657.817783997
4.8839504565
55.6943801325
78.5120365932
35.503705425
886.615660839
1.83175088244
569.117236336
0.180049268463
0.0
345.623140624
24.3556630777
200.337217819
899.982028687
222.116918525
272.468956013
4.42996656493
134.233935348
602.470050452
6.58986968248
89.9321915417
26.1728073256
39.0814074035
2.11151708322
1.40216076274
620.496308524
2.07336815367
981.822983738
101.784716716
0.0
123.715544171
0.901155968747
65.2353451726
2.50709658906
264.530185095
0.0
155.468324008
0.0912007798236
12.9179400169
428.959579679
648.915214725
14.1576680815
0.0
6.41585274638
21.3552817509
22.2679956518
183.324066225
106.344804165
67.9455044403
13.4971546853
18.1753828095
208.794862082
863.449591148
14.0013978602
0.0
0.645058053905
478.13354433
88.0306347915
5.58904939299
154.614742747
0.509220506693
468.23696935
12.3966257706
43.3865765447
43.6911920228
0.0
59.0606957274
1531.69938781
2.71822406836
7.22477093349
73.85437821
529.210907136
132.28695681
81.6874801651
58.3689075193
139.469728477
440.045880958
2.04837627128
103.829897527
278.2906081
17.3135969126
0.0
0.0
12.6471939321
11.2110530148
227.338413767
17.0796996977
241.343166308
517.16860232
336.212411383
24.082033048
8.59744983129
37.5935977666
0.0
337.141776847
158.258408565
389.506089375
8.30377894518
21.1991222908
412.233055942
3.66607419396
515.546720393
145.045778658
29.6610031708
0.0
2.520599765
757.176871763
44.3553688461
188.961941927
1838.47874952
7.98983875778
12.1115734911
62.6879771921
645.330349265
93.2412075939
327.186740718
460.420805553
44.5401670014
25.9324264264
2.28740588375
21.574273276
60.7725185259
16.6798752686
1155.0458658
49.6549355112
21.3025164953
27.1139120936
2.67369529316
20.0400491544
4.22063757076
270.105135971
58.4074814949
341.879907403
18.3976930175
211.157261612
11.920747157
19.6445236446
172.311292388
48.7161068861
74.2830060916
177.861467366
96.275829364
164.522598755
0.626709075054
0.0
426.094176114
13.9499465094
422.854684874
4.66843129524
173.89249034
2213.83699948
646.125991337
237.921983763
1387.60211968
0.0
21.1170966927
3.49296273076
1.5000598267
175.767980823
22.7630027264
0.0
0.0
30.2882328236
2.51590625876
26.2053475844
0.0
263.394846702
0.0
7.47341461894
0.0
1.83388718927
117.329747863
1.83388718927
2.50736103145
17.0370621701
279.850833415
2.47666494677
10.6944308903
75.1449830517
665.468337634
36.5152210938
1.09657612405
11.8529723729
378.205366855
26.1624026945
26.2799106461
4.55812420679
145.950483139
1.52181055919
2.52551894721
261.06480606
98.0725007869
186.208715932
104.649246651
228.718059545
466.758924698
186.154516319
0.774749738514
331.571021052
146.705677986
120.844448865
210.284038236
17.6711825547
66.9024287495
388.111337153
505.000890895
66.571673626
6.69671271409
0.820653337236
4.84207579676
8.78711594177
54.6428104413
320.141649387
537.046211855
13.2188159196
44.5348989214
587.788984429
19.4967321939
4.84201626261
0.322219587825
13.6293634184
46.000525857
8.80487234814
15.0394214554
188.366650269
229.616129429
79.5027831506
182.307876433
789.364883619
85.9491630709
6.73229613714
1387.1139909
551.527074221
1.14302245269
393.369220222
19.2889289354
40.6597864814
6.33081167431
27.2836910289
8.36417564817
254.511934774
104.284905959
7.7599206393
59.2439570709
532.077951349
19.9375978048
3.87739827442
8.86055616171
563.84675695
484.229950674
5.92724628527
17.9478612867
5.82265585975
181.267874364
85.0671134108
589.210205812
0.0
70.1294025894
24.7900408506
176.146821541
46.3775556294
12.7441376806
11.6868180982
60.0402069447
11.0323619557
3.62034227512
62.3835029348
7.97718013607
71.4954870418
1731.52141647
135.502569319
484.671011499
16.0585450347
642.987373097
0.485247627435
25.4439168813
33.585632794
4.24298364476
66.9079155829
460.70086804
4.48756377834
9.40324870584
54.8857083891
0.0
89.0884846433
1133.52637087
0.0
64.6525902989
1.28939754447
100.862986853
285.836108883
393.872528849
23.5332334076
1022.60147578
4.96038815162
81.6116696551
76.1749183096
0.0
337.331782164
334.896235932
5.64179941897
16.6841368061
2.09318333403
420.198739065
36.1860650852
3.36459048906
3.68236301433
157.76016311
36.2554915958
297.813488246
86.0877959543
159.385117276
655.230802271
59.315126686
16.5073065352
0.138990088138
593.884186243
123.509979673
243.085257376
14.6987393584
9.42254192402
176.654967664
0.470006885018
71.9613542266
5.55383563549
14.5028595441
268.998325512
60.0833345906
12.8205712222
505.973641525
3.03435178968
26.9919736936
41.9829011225
48.1335181543
4.78216921215
133.174532071
33.950453912
243.900026524
34.0663945924
2.4126685045
3.02850498233
57.0662753949
44.2446477874
0.0
0.685743415152
13.5339481746
39.6761341793
0.732113595467
19.4668668183
162.307608551
1.64082486321
58.7296733924
960.953121295
200.017491743
2.23708429729
35.2389418301
64.3573009147
200.019207157
584.722636495
140.909647737
132.879676039
935.749305641
813.194785388
547.862506381
735.378650397
740.357607665
20.3896170693
286.049909861
1.24765995174
161.403261275
1.0960956973
14.7637548038
34.6607821621
34.0258933718
20.1839044286
0.0
66.8066646079
2.52012210729
376.710205441
65.680623233
0.17541114282
2.42065300318
12.8110083763
5.12558295738
44.1181155664
4.47416859459
137.310228254
115.833564678
38.1297152484
1.4853701213
126.83423093
6.84259076494
7.07919747598
0.0
17.9986785295
67.8110541773
21.981947906
79.7788734637
5.55516892352
2.20999210546
35.2978127974
755.7469847
0.0
135.39956001
0.0
274.358434253
0.0
279.922511147
294.337477519
110.2733132
13.8213070562
297.545095837
272.571134613
439.500217245
419.841215726
3.35563821431
419.747006395
16.3001373846
115.624995783
15.4558406827
0.0
4.44603663191
480.242803269
119.163167086
21.8870338567
0.784264126404
0.0
45.8673839607
0.0
142.089483062
3.97797083708
56.3626288147
15.4411717451
82.3186958369
70.1971289154
569.350432987
443.386264585
4.17858846213
3.82238179719
0.0
105.867110452
199.321548605
0.94164334433
666.07210114
0.0
6.69657703164
16.6798752686
0.0
458.492918094
1.83971045985
33.0762101481
230.550983111
204.433445629
261.206225972
456.522571711
57.5672358843
19.6859995639
22.2807525741
15.0806620072
0.0
0.770565733829
122.390889949
351.285277185
399.803565936
43.7358717103
1.16632245761
333.602201645
35.271786682
49.0081883489
0.842505139339
47.0705511347
448.34167402
57.2508326445
48.0446253612
493.723302236
47.2638599044
655.562127813
3.43314198608
155.405501635
181.408008062
42.2025295246
2.13402929902
182.335299523
1.89720660365
116.671377696
5.28899727672
30.923118845
387.518179033
45.325426594
3.9717086752
337.967399209
0.728466782648
194.883915979
29.1280036169
648.561537569
229.751926826
92.6222227286
194.282784436
2.71043201728
61.0612466931
386.294935005
64.2153175049
33.0068362491
14.3860576953
211.238862164
293.974169676
73.3165646972
326.749275476
18.7117979621
96.5389218492
191.214431725
240.112877866
3.16165657021
25.7360191118
4.30542389205
4.72605342991
472.87737806
52.4134766597
51.751031865
35.4261421191
9.4612446596
252.96267205
3.67706447498
68.0757499311
264.0270703
0.0
2.3008730623
325.84981277
164.216288632
2.51858529551
520.040237585
13.9745161147
94.7902404892
74.6591733111
4.20133743003
39.1599689448
0.590096957284
1.78549146333
41.6298193081
635.923318063
2075.36187206
5.43436167245
116.957162384
373.414363051
66.5036260925
20.7332454143
445.833558429
422.342728565
6.38704375582
2.41277511217
116.580247527
129.172538512
36.8756934498
42.8559445118
3.11259904606
78.4877092781
0.68939576603
5.66182089208
67.5501049215
18.7919267746
176.36798814
167.117336537
90.0204169986
14.464158193
44.3620006734
0.0
126.987751504
38.6121204664
219.734598592
905.548754159
38.659797629
453.009893485
249.586914061
688.343758835
317.00998972
741.640366461
429.937832372
390.532719795
660.484476413
0.0
660.869413151
42.0680432642
173.6338463
36.2900933976
707.704062293
2.51511570062
0.201815230626
1372.89251189
16.1440859167
0.0
42.2580236596
60.8777333677
184.691409201
1.85708058652
176.415764987
18.8196503053
2.28104265227
80.5885115987
1.99270768742
36.2739444132
115.172363178
79.4801103311
144.98101381
26.435827816
46.980498118
31.4311583602
127.399727822
379.177398921
0.652207689977
2.87352236007
4.09848872451
35.1292508509
4.78839814566
3.40095477862
60.1204035984
393.13070011
22.6271665637
30.113300723
33.78097957
0.0
506.811163794
433.861640977
12.9873056088
17.7956449256
67.6548559508
0.0
187.261735211
0.0
17.4296871207
3.376902982
227.806248348
42.3948746718
592.008501928
620.923593425
13.0219087951
0.0
203.210243137
280.428551423
242.904162798
79.2815376349
0.0
120.472850546
41.4870204189
272.96712532
111.043614491
524.721785778
21.4740329972
5.70997432786
6.90235751354
53.4461698717
14.2683572961
5.66072989417
647.430079971
42.6563002009
3.97131408839
36.1554686856
23.9250594929
1157.3951692
164.774573585
167.518969143
275.117865717
724.887844299
12.0287088768
304.286045193
302.283993414
170.553143714
1.20143099196
18.7058390091
0.454582002096
0.0
658.563169555
594.17215985
26.0505837156
25.958765442
23.0212217183
1.74313637686
19.2262048625
60.9304764711
4.43615257848
1.68193665512
66.4244969
4.98671193756
693.035815495
5.1810120201
29.4576774342
4.90921231933
336.126606059
23.0860807135
59.9018537336
2.73696901854
436.054139735
145.545396168
445.543787722
465.444513119
170.548563738
191.633121557
16.1395502452
15.9887433206
0.503487229593
353.955793632
27.6319311939
53.235286067
161.404198591
5.8126139716
0.526788619019
0.602707120974
1.91197107287
213.601652126
216.681085113
89.1027285347
137.279109892
21.9795028523
696.424312406
971.98721251
56.7702189891
5.70322897021
375.402583524
16.4963577898
59.0363171853
439.524444875
810.055404282
645.360607843
2040.25669515
441.020544988
207.253719538
0.56942891561
7.94081030843
44.3733093929
531.435703861
446.483873486
628.410390767
510.292276459
79.6945357254
264.205487225
28.7652523491
3.25010770303
1203.11218098
0.470898512753
63.9486515862
560.717632332
451.561424846
0.142902727859
1403.20785352
283.469194448
77.2997870002
2.29339529615
626.619325246
8.08366457827
26.9981250943
6.10902204408
8.32745138469
138.343885089
0.255617488094
19.6987011056
18.4957471471
21.3120544199
1.20958024794
17.6707367408
2.50244046472
492.226203888
126.957685374
2.26436616768
16.9801502917
1.83993336679
18.7496907564
6.94823619099
165.889052874
497.066391206
101.495221528
61.3296834066
47.7834656589
71.5064800918
22.2142986175
3.55933500098
35.249058482
0.0
2.85284324228
0.0
24.101785925
156.435621032
4.5254676487
75.870532661
3.90304780149
2.72593304854
678.339893625
717.657672372
95.1716840959
2.82575935754
45.5706754485
78.2275907315
0.0
260.191138254
1.01619948341
59.5829375987
4.53219223863
204.085378529
471.060154893
432.086264781
500.899148559
12.3420897201
237.150923757
91.0525397903
112.199298335
663.760565927
38.011530269
155.88629943
92.1145805694
176.636329322
1055.78184438
5.0028539993
401.131621911
465.050752866
25.6195204717
186.595487153
0.820179833067
120.19108649
314.007642383
0.0
70.448850378
6.05355698397
14.2643560474
216.051341181
61.0515357039
38.5013537188
154.821479929
36.5686052276
272.202345475
235.457362713
1.41890093502
117.166873505
6.1583592403
40.4530714518
98.4657141564
71.2534807219
284.674139341
5.06816019289
12.1969689991
258.095057129
21.413539378
903.791559416
39.9296485889
27.9194645244
1.81111053106
76.7842295679
2.00520985895
11.1835094711
4.86237694191
23.534054425
0.0
26.7096613696
529.639418718
170.329100093
27.511231935
2.82571089951
35.0335047078
1.60168738987
83.7912218112
24.1933909834
1.85828926821
21.535061039
60.2294840064
1.20958024794
6.02096134455
383.640027581
2.23450494562
312.085654343
452.202159058
62.1820019891
37.5128929958
393.312369262
0.0
430.003144103
1020.11526737
22.9542153402
0.0
0.110174174995
17.5283587442
198.854896399
150.834398983
131.807403694
527.816510734
157.241970944
2.80275702338
0.0
66.0456617199
620.289828861
19.3496357697
38.1605331704
14.6414550454
6.88428128416
19.33871333
151.952460013
0.0
438.469440202
54.483408447
51.1494226646
55.4201921432
10.5452715386
840.30313173
3.94880879516
5.69941463108
30.4440641536
2.24377842789
0.331552604232
623.014309554
33.8397633128
27.2544666838
398.071547215
72.5141606537
270.768328404
185.098068981
43.7723356849
444.281094705
620.777430164
0.0
21.8346396511
510.40503414
309.407041253
2.67118793628
4.28525981388
454.2528627
279.67034664
94.8898840423
14.3180170843
137.210838067
634.306011958
513.193401898
21.9010146903
43.2946087435
196.860067634
176.451369178
56.7036944222
93.7916534227
33.0051955987
7.80701769007
332.704851709
4690.31214307
169.901023248
8.70135492184
180.205576066
19.5063614965
56.4006019108
16.1471166203
104.037033449
501.919432362
786.906685333
3.79206091612
5.73613335651
70.9402798654
35.9856454458
14.6513654046
7.0585031285
9.06887030625
71.5191636348
13.5310185406
561.796314979
308.351471696
204.510658653
11.2647098982
95.7742610723
185.350275024
169.977512171
0.0
18.5040030108
17.7005813487
1.07472709097
1.60936729523
191.705166186
62.9271009519
507.950546356
1010.70592403
113.781198235
0.619702044045
138.367113099
2.27604870624
3.22179021532
145.10392414
89.9633555924
16.9367955853
0.434110561565
768.365376565
4.54035949332
4.47903101165
20.895356905
396.853063151
13.430637041
19.9739745549
8.80498172484
2.0902952355
81.6916932445
0.680842231636
8.27843678049
101.9232333
2.88449602689
81.2232328628
4.93964811515
687.510464873
15.9439293352
1.743607112
2.52875179001
207.122853784
1.157566784
48.9740600512
85.3943560194
0.0
14.7302633831
28.5405233933
407.032106904
17.9986785295
0.0
517.433216387
84.4602264386
151.730545776
1351.2243671
0.0
158.806384419
87.068932592
22.7132737124
28.6713600719
102.393306642
8.51666475869
47.0560400316
470.569262599
1280.09315983
682.315552322
341.912933625
417.164203134
0.0
9.83919236542
5.50893027216
4.84367906527
0.253147513125
539.081857509
188.158704405
27.6305189885
2.26148499172
292.692507417
69.4365427666
4.48891783412
31.3636992456
125.330920261
47.801366055
547.614399887
49.5457415728
2.01979849474
225.939819516
1.82035909206
4.93239187142
36.1811542101
41.5135020396
132.598519786
72.3868835634
3.01665353293
10.0680540989
0.670031937597
1.28938093029
89.9029090469
11.1059987767
9.62854808188
15.6902460148
674.618350219
412.684472943
3.57117952781
97.8862488908
992.709752854
219.557174364
151.584784025
4.67521265028
25.8079114439
2.26761424015
8.18474525797
100.751324324
1.06291994605
1.67158325107
7.52322116577
2.79181796944
5.20900276225
2.76358078362
1025.02507918
40.18658552
119.854912374
2.58192132408
3.56158899159
2.73892118485
57.7761398323
168.963987571
388.72737577
618.919032904
0.770395438468
0.641647993173
0.253147513125
44.2600449803
235.088940472
91.0538010836
220.66362485
31.5635429267
3.1986355845
3.62315007178
20.3289033124
44.3829788467
365.094317437
884.166856489
50.7870576763
3.93847338979
43.2946087435
1.18677866847
76.9995382826
95.6835974845
43.7341618341
3.25182865532
57.137267792
159.2506324
6.42791879563
19.2826072394
0.0
51.1300865263
182.032159938
0.972198208461
810.567494888
26.3713592541
899.932132148
4.19156967586
99.9267168116
6.81286522536
1.4958924362
10.491406978
56.0191043082
17.7610292787
57.7466551983
1.97194688324
117.037401958
27.7342482456
13.2582081438
153.361172301
124.71316623
0.0
36.2024702048
5.7791225509
588.32223735
20.3427000055
11.5324363555
44.6566074918
30.6757433753
64.2387878052
143.062636586
146.668776505
523.497292917
15.2820258859
532.314121938
646.246516145
66.7788760049
33.4139626109
18.7232008286
47.8276607661
13.8586086625
15.6412452556
124.411146718
2.71598530742
1.92032523709
1.76464205018
38.7335050603
522.132952956
212.996595483
514.969266828
754.528550478
0.0
65.295874789
102.026511205
47.7699347927
0.0
124.917128844
269.3322221
486.827312107
129.368502781
417.708569557
19.8151789779
850.880868765
961.841638025
135.645300367
0.774489449673
8.10899012878
74.7758823974
17.6380248021
216.809493353
3.73644632836
21.0623238901
34.7919469707
0.359870091932
414.33180918
7.05289584225
14.1762399673
18.295118446
73.0526885763
49.8471768197
1.81480718642
97.9749423137
88.4500611858
17.3000591239
59.8016868339
2.02224631747
415.279273026
54.1173495724
17.6755631605
98.545728054
247.526025927
1.91375709737
306.096763906
144.458647332
50.1313277799
215.639539312
34.4252553729
285.121343262
123.987648465
3.61354845944
13.6315371071
90.5419319993
526.89108283
0.0
7.60109460304
1.12827182863
13.3586851749
7.10950728091
0.0590135723708
1.15382167061
1534.98257158
358.328736172
156.150401228
7.40631686279
344.94513111
337.057696629
0.0
79.566510997
572.693429194
3.70811084197
541.681878599
81.0944688032
121.697540007
337.264958542
17.0646555564
7.19198561551
23.7660063962
58.4074814949
14.8524911468
52.6750987899
0.0
3.21208476435
0.479968471288
0.0
97.9421223828
15.6612127328
0.890485510735
0.0
10.0584981755
2.40154531004
620.991267141
38.5357312293
105.647498665
356.802371943
777.277601446
7.9406067847
11.0695375711
54.8998276743
117.425847057
142.685125003
15.5366852895
673.639636481
0.0
0.0
42.6154985403
1.39004348642
5.71668507264
0.0
455.285586371
16.825120596
0.0
395.099728436
4.56856206626
72.8672756963
0.0
6.41545400603
5.38306538735
59.6899440033
361.390591355
18.6824642403
168.716351812
90.0073610207
9.64842556543
5.73214595297
9.79498202869
9.32281391557
4.53271281633
8.02038531482
332.661937278
300.997639034
364.131207186
232.592003455
96.4167314675
0.0
6.74556948357
245.887434287
439.164164967
7.14435275738
2.48961293215
15.7123124166
16.4788464426
106.272262496
39.263064094
35.0736265714
148.133756873
6.71633544687
143.693464594
14.6478556588
2.62889930652
12.0557318429
0.0
406.138971431
30.5246277038
344.049351214
108.659223324
18.3890439515
4.7024599078
228.318404027
92.3600094108
1.92505335622
58.3092183035
261.769575481
0.0
8.05450253634
0.387143655233
183.300270563
421.098228077
19.1500856057
10.3965233879
316.203936095
3.64299432696
4.24809389005
35.3578952154
753.899878159
0.0338209352918
0.395045083009
74.223362565
2.81805453091
57.3210220229
408.838957282
64.1491667571
237.795800439
190.090863094
0.73864989134
886.518838928
1.42770506665
55.1751814253
6.28442211078
5.68459478125
188.484464198
4.9277634374
997.039812807
2.61543212798
481.872219727
149.797321012
117.666171191
56.7156607864
1.37143006518
206.359987339
86.8311365827
429.528789841
92.3579783269
22.7430629397
271.29261382
31.1541293458
12.0467158804
73.6650873032
474.124360983
414.766434781
120.565366615
2.5240250554
53.1703509236
13.6045182946
1.81255458033
0.353879295018
115.711217847
279.202427604
0.0
39.9522674124
0.291969317022
2.3660892624
6.3170177502
114.780314186
2.78299307008
254.902188051
3.22672601171
942.725535343
36.8280799748
14.884193774
90.7858378742
0.0
17.158809507
3.50891649847
15.5955479498
195.079661495
7.03804691764
1181.9219625
222.396697186
631.509769079
2.83198690655
166.248133793
27.4658419914
466.879239062
90.0693402248
4.57983617285
17.6071445769
817.762822723
124.273808356
1200.39052608
3.88365766727
700.849182572
70.3622281896
1.481907449
428.449945202
0.183055050784
227.013862656
2.60267935923
194.925738027
33.7488103612
68.6245869533
0.0
1.70965187873
167.724946226
2.01084483547
7.38024921215
129.284112431
789.065968189
306.872046683
153.534643738
166.271393647
188.384269608
432.004282103
176.034005712
634.869259014
2218.67248083
176.138004949
1.3253187892
328.860469967
3.12923399519
418.506335474
51.5982838501
1377.66174419
159.492108451
7.75983479936
47.0040113382
83.6155213048
57.5590561691
179.166318868
2.57252600448
95.9990647921
24.3010841073
5.13832741905
15.0424756957
82.3473456078
0.215121805422
3.53399283627
19.432449157
21.827307259
32.0024037597
644.449703502
187.340994547
494.827972237
45.2024248866
18.572944941
40.7021041859
30.6832183724
3.90944979939
0.517391914918
474.270009205
98.6881932751
4.72007647814
0.0
3.58367754577
1.95908196877
25.5619204893
121.485295224
200.593224356
19.5974681293
3.47957446957
49.0802135942
29.9384378481
549.067657564
520.838057501
820.32891627
797.117794458
273.882379806
642.552963481
716.765094859
1078.50934122
747.483661288
2730.20317698
7.32207742498
25.7526388312
233.423598615
18.7851952621
150.778845314
5.5535351957
86.9805617612
15.7169242366
27.7411818973
16.4479648327
69.817575172
1383.24088599
2000.74218511
13.4400503593
179.502865418
4.37413876185
584.78160161
19.2051588482
1.45359826838
2.64645634273
38.981311114
181.937946453
57.903001568
74.1126055091
689.789447368
51.2223270771
260.455842315
485.765155029
39.2517166081
67.8272931551
0.0
13.146634224
205.913716581
23.8273362623
20.6069277931
105.532701593
56.9269904049
256.304063603
787.173606004
170.25785433
73.0232648611
783.361699449
124.716298003
6.86329480401
54.1890743783
1.99105872993
47.3504253276
553.189882418
6.91627742853
192.555099248
103.724560847
11.6839009249
13.3819782572
54.8817196011
4.39058818596
5.16410570602
451.737405023
89.1253182836
19.4633473808
314.534487767
3.12386207654
304.958592795
595.317224462
269.929497768
285.092307211
163.719056641
549.434785285
186.456361382
622.683449207
139.095510655
0.0
44.4335717979
147.061167472
618.960854952
12.004817684
13.5627779329
45.1900680891
20.280517278
439.266938908
293.483026783
576.771716459
19.2970311179
323.296297541
4.16096496919
18.2399109055
3.18475028238
204.996856058
2.45005595073
1.76964291878
140.446574504
31.4329734595
5.46851350686
559.954119317
7.1070705343
123.543727229
16.3098774485
422.711537087
55.3504167348
141.634768147
1144.53059671
1.73670945769
1.4508527749
2.33336901663
164.84278449
273.386301118
0.0
334.996591126
93.9024326308
373.640602513
12.0882665636
148.125930209
8.04831236925
314.179060584
38.8794717201
104.214166928
593.292141274
664.668740003
115.095759341
23.174138644
18.7578857014
531.560562204
1.01619948341
418.595416563
5.23732440349
99.5360357203
455.413435266
35.6733140649
41.7590070292
571.004740257
92.8700301669
31.1681461769
71.0273160238
1074.35636075
263.946539978
0.0
250.92357203
61.184980809
724.934135562
731.012264921
417.419683555
45.9693438075
502.489127106
4.15873036179
24.1881561317
134.425379176
35.9725036282
373.525981275
4.77582121033
82.1560942277
143.994411107
157.118854323
68.0730681253
530.760229395
3.40236144598
107.772727986
225.993598236
150.070114795
156.727788335
0.0
513.639657426
6.20272325822
754.648500714
33.3787959271
20.0304309279
217.485395634
164.251993891
1.28445067195
10.0761161304
1521.52777752
322.342210175
116.752881332
0.0
295.9737944
219.171819502
15.2513381083
22.5602806384
55.8305679621
52.9757462477
58.6714780686
22.5602806384
12.6200754345
2.26635433139
167.031244618
729.522379895
21.4103826835
556.686209519
507.550259499
384.962609185
323.068432659
635.261190322
8.38848081106
1.7506681391
31.8783027471
0.787937245012
2.78707600516
2.80432152546
3.49789022006
48.5912873102
1.4330216047
6.20511846937
166.053718795
33.5205550454
24.2363164901
6.66113621364
69.4238619926
76.7579307031
4.47174569312
103.318980989
47.5047863026
7.15675662832
34.9164688759
395.105611241
23.8434630944
294.138823136
8.94801875067
38.3806046175
2.31921373407
113.611890034
20.5534578192
63.0870609061
349.333062411
1.64082486321
19.4662811684
56.8764057606
38.0686539782
0.0
7.64903205448
367.19232996
28.3968896415
642.391411334
0.867202120007
50.8411451439
493.647662022
792.463141858
100.530110652
3.75395352202
14.1079141463
1.51086042913
36.0858040385
3.05657325731
0.0586217545927
123.439377709
14.2035384519
15.2763978319
102.458525611
210.671287114
30.6568710497
47.3772032344
152.075997528
14.7708850566
7.12661850325
232.672431323
20.7510308957
57.4545045097
179.631313808
29.3073343222
14.0024708594
3.24939883127
3.39153315325
11.0405541316
5.97394044213
71.9665073918
91.8740155295
4.37678595475
44.0094712807
32.4153658529
39.5474393456
471.446797355
1.42089740582
44.8110903041
1227.76260317
390.03734444
57.9652202929
0.0
7.46803023964
24.7336966234
24.1724405005
12.1612277413
87.9661537689
26.3732352721
122.315550174
0.451560990108
893.70158152
25.7499487185
471.742795611
4.45998285268
49.1776280779
269.409076534
150.761849007
0.0
20.0732027534
39.8771823886
6.67858941121
1.38976242985
5.10443864251
47.5306739663
1.18993951648
0.0
0.177352233014
2.16290197728
41.4664908288
21.1377827331
78.2040650503
157.895157487
0.752987929897
4.10511778289
149.890411655
23.7732404877
18.7126245177
127.841047554
29.1034063215
86.9399456258
1.04053372112
386.166260939
187.429455372
97.704244687
408.856998898
19.0839459342
368.803275603
11.6645910925
2.28252685248
81.634958584
644.06226633
192.756378672
208.892684998
286.759687074
455.691141308
0.0
84.1548425547
0.314149249204
1242.6483296
6.69581001024
972.486490813
511.752318262
23.4626148295
51.4463582373
1229.29934295
4.4947771021
247.591638098
352.187034034
4.80139735807
20.7450968637
16.6900957592
3.8703441699
291.69479398
112.908417903
0.0
0.0
991.660121483
30.8562038448
119.216757513
2.70554190989
10.562845189
102.941242345
63.8883670288
446.702201829
192.770241822
17.0121824335
16.7993063116
68.1023215451
2.28419934674
244.01977739
11.4486344245
82.93237524
152.150827801
283.130370372
184.754681542
0.571482151529
47.2292830239
10.5816538269
8.6764239581
0.0
6.49021643787
99.9792882353
110.267052423
115.89315144
1.6934198235
93.8764702033
0.0
1.58258108125
9.88905429287
176.506324737
16.3384898379
269.12267989
32.7579862709
158.352040553
60.6833156014
3.12303552101
235.200287331
74.7984126119
50.8002091854
0.0877602597569
346.375534597
409.834354425
33.3717985877
0.887116985454
229.295108832
11.8679708252
137.629066856
3.75956080824
0.0
0.0
864.116453931
7.49080412882
48.973172577
240.525362303
44.3712132371
3.88142721342
5.78114255845
87.0804863709
6.59677287485
160.677472144
53.9475955584
3.5084249956
81.8149787776
0.0
17.7897690435
215.49455012
135.996229261
106.65665512
76.9394683254
0.0
223.6896917
62.6265891765
509.777756029
100.513774758
0.0
1.07766641657
27.7849214989
189.571593776
3.14597832102
2.48961293215
29.1326597414
6.21806230121
302.212145386
2.88605499091
82.4051477296
51.6730476665
15.9352055055
6.60235939335
397.326302879
0.0
616.813037267
375.775342069
1004.22816822
21.128248962
0.0
65.3348530432
4.6190553326
99.6806746301
161.072259708
252.79643332
0.0
272.081385927
8.19821520556
66.6898281463
34.4579756186
54.7384084413
0.0
104.616091667
1319.99277275
22.8810312556
96.1409111349
33.1502969365
15.4259406943
375.925131375
0.114765227125
479.220716827
68.4754732906
22.7192215893
247.38744704
29.0175926899
44.2630881444
22.5196963468
309.341136949
23.0147629553
1.95773760459
0.395921481078
116.63346275
283.200811732
0.39570272769
0.723389765713
25.5185173249
90.5469813261
100.465833153
66.668707368
1.41345425255
0.929995418646
43.7580724102
4.18336919283
84.6344219771
19.3009562182
78.937168574
6.64105797539
0.0
0.0
4.63544106902
216.091892245
4.80139735807
187.193637834
93.3539154315
18.1729806759
39.152752852
2.51971782887
6.20340305513
2.16931089777
476.030730308
2.89995275366
213.856801648
43.6922747137
60.0476002555
364.20892002
39.3660304834
147.225575873
23.4049193155
0.0
630.023791156
150.885353293
681.850957507
0.0
108.90506752
18.7126245177
253.979612249
802.25640155
41.5102996561
51.5836439873
66.3193166711
80.6649714461
45.0212333931
79.1708885712
427.844718264
9.95013633081
551.055171935
7.81627732716
1.98187801019
6.68326076521
60.6868751897
5.43762082105
0.725681138235
36.0732672541
37.8059380812
3.72438304814
21.1300903671
1.52956661288
42.0430887637
5.2757626967
322.291381856
142.783994612
63.297937788
261.600437577
788.404125659
417.0729982
314.530498979
16.866971719
34.8683251317
7.37575922962
433.523723756
79.1810439895
247.939336918
330.227332517
678.610276967
17.5421817431
2.26655785511
657.567967628
464.812670262
21.4658380522
7.47727049354
22.8849466644
1.72437481249
25.3183385912
14.2629881465
1.70234440795
22.9792930625
51.7601475125
159.45763264
190.915520449
384.887834293
33.298069004
17.0266824603
727.406838025
0.490508784879
2.45478406986
0.131920753947
0.1416151288
135.151681962
4.42571748806
645.087987124
499.296546005
1500.11584003
67.2363710269
435.308194833
65.2479248769
46.398175213
43.9930093959
257.733935436
279.722890373
171.72913424
17.797322958
1.76080417427
7.53913062898
3.87428034638
0.0740383304264
5.55997042198
6.34239037424
5953.43182459
48.146499368
27.4780824895
0.0
374.827683005
18.7243513607
0.678447020482
104.597389637
214.276444027
25.9628068417
583.662283441
375.52606566
241.510090373
25.3661638969
1.66553707355
53.6521511084
2.99413439453
5.21307046768
21.41299111
1127.85674823
10.9252904791
241.329894346
1.97466468641
36.218973625
169.788452478
165.176793226
16.6575762681
3.43645513076
194.837735477
7.21285718089
90.0228689748
36.8243459376
118.3247075
0.0
14.1887573685
139.297338346
16.8466068861
231.80896047
2.84632079156
826.943488472
286.08022105
1013.28370842
22.0536768652
0.0
2.24266250869
32.4412798222
117.610047102
150.841858751
4.0671751461
35.8149264247
33.0237107193
0.0
68.732677433
192.769196513
80.2531017354
580.212963396
3.49452584832
559.992732059
1128.76906616
0.0
82.4746365433
33.2037156833
200.801016538
82.6725889769
1.80781538508
457.287405552
474.066622549
57.0110706236
409.231194568
6.87104116609
332.668145444
4.15535768297
85.5885314956
22.7742837556
12.4720153878
2110.00600542
1.9201521727
26.0334295733
1.93091539322
4.09738665049
10.0912378045
158.215287842
23.199231596
0.0
80.1966938205
0.0
1.86296892931
1.64540899276
1.64540899276
3.94191944792
171.914400363
2.23572193441
113.58522012
18.0970912487
3.49760500994
65.3237810757
0.0
28.8337180062
18.5040030108
332.953625539
3.6580093934
110.184720847
144.84321579
99.1715565775
1.02456057021
3.22966118376
711.861487057
457.91603218
324.905216255
0.473123428548
217.017649662
1588.48267386
6.36548270188
449.677801719
195.189158642
345.162404452
49.6074715639
762.058364703
0.542576244904
2.93850180809
530.056387598
5.4386425932
1.78569637157
21.2461888822
31.7925915698
141.044891328
2.78743459458
3.42842078953
0.405530015994
0.0
419.63333355
138.224808482
44.4645558618
0.0
16.3691720774
38.5825444545
8.32444837138
116.231762302
1491.76455145
65.265516526
71.0309849888
22.278448741
13.9685986971
125.149249726
3.44303296208
3.4148830007
0.0
64.4274127602
20.4617669211
41.4664908288
33.0597787226
5.18142322112
15.343035929
309.703378715
266.510140015
144.783771633
445.64458596
152.138314553
669.304488434
130.169555538
46.9048952855
218.513334421
623.432096682
8.85967284102
26.5602320375
527.637083115
0.46784842595
350.239307857
42.3284816339
3.06241452659
0.0740383304264
196.873936322
17.2726388019
1.68417264703
9.88832049987
9.74183049333
630.359202404
173.306267254
2.67194388154
1.78692305196
232.90906157
365.93999727
209.375685557
21.2327147811
70.3219969494
350.313632784
873.533571323
151.947891113
41.3150691794
0.0
584.257312039
0.965257634174
13.2248607126
825.072582118
398.520530238
275.157066877
785.808064282
62.1030500145
0.0
15.8691904402
0.0
7.29774734082
6.63709826217
300.228761024
129.032929545
0.0
51.4271951635
9.55466481714
252.609408864
20.3490507764
32.3766077366
49.0755256261
12.8245973921
44.6465462204
37.2929475397
312.055163167
14.8529688045
58.0688817088
48.2995242859
678.377812725
526.208935
44.4095656902
61.3765298601
608.267427833
519.300905128
3.04826062854
19.5500249498
95.9694444757
9.04049466891
462.451901691
57.3991668252
3.30091248526
2.68502201134
655.06306688
22.6847194726
7.34147032823
3.56998884481
243.029242663
8.15031375152
17.0378222689
0.110174174995
55.9565048418
433.961457594
18.5665000231
121.015069586
11.527486714
34.6664891334
65.9312370836
25.6882034977
37.3487351919
0.56761658532
0.667152146153
213.604833742
38.2924428482
231.886972358
1714.09118662
366.525626397
19.2112285625
292.476629667
6.47004405259
807.819089775
23.0528731184
5.43606739507
584.928973552
267.741700825
502.904228273
6.73229613714
119.460862757
650.331821518
561.879600488
664.626207699
764.674455863
359.321110921
701.761709563
204.412633598
492.759268514
223.932470581
0.0
30.0133373471
3.95432193436
0.178751977798
216.312978541
4.49818854735
113.874276417
83.1573284872
678.096637088
2.38566492164
67.0003444279
0.579314353548
95.4942207376
439.434995507
171.835293322
11.7943229281
3.42186787948
7.39338410708
472.465365744
355.676421946
0.0
18.4326561777
195.887982956
2.54958874253
88.3231468385
12.5635318371
27.59128183
1.12029840607
20.109978244
8.80994105799
17.8049820956
66.3618323613
7.37380983235
8.17021338728
16.6677566077
3.13793428819
1050.14507214
749.936908545
10.5307244383
3.38783649788
11.9474503
234.548457614
173.512132193
103.8677654
111.744456044
171.75523235
0.0
277.510739809
482.755669132
20.219564
6.41781321979
335.263353961
8.08555582592
20.7159431289
110.744315551
154.259987054
330.273849455
76.3857273504
667.340267145
43.9040183022
4.68818001886
30.4842760107
3.90508026968
20.4244583922
0.767496263812
75.2609666521
2.53748254234
402.386207209
19.3589327888
1.03440585721
54.2664452363
70.3976011664
129.835225597
0.527140285861
430.227641845
0.558506475849
199.25020731
705.765640059
145.696025875
87.4646713172
38.5565404914
4.17755561384
10.6524163946
413.437312729
0.0
78.3829707094
17.8687722451
59.3130983714
942.063634662
92.8340258513
19.5197594493
128.730172086
136.906888541
0.508907606275
64.1765704648
3.46797500192
14.2519438694
0.0
9.19539975832
10.6970434703
195.767949649
1.30166573292
17.6676949611
1.28620900616
2.49791586931
58.109704137
40.7247548532
1.12059607682
303.926438159
120.370741172
9.33121930684
55.9108061512
30.1903365287
10.7294092802
13.021623585
51.2290419754
213.130493325
154.902600054
139.474232305
16.9714347691
12.7894057869
145.900419072
130.619756934
70.8968559333
0.0
69.6839431575
0.0587920499519
24.9439006312
6.6284007382
737.26643676
227.483828006
24.4182611597
33.2760289079
0.0
65.6177427099
192.23353869
97.9833740106
6.66632952986
215.32369403
131.210338472
163.871073631
3.91895311116
164.45071473
67.7691089073
406.556131374
96.2490002301
15.6381536335
151.346442516
0.0
21.42398416
91.4574744647
162.717164737
217.584222323
120.124365322
48.1812022394
0.915167261738
36.8849018598
743.662344182
252.0896162
30.5449454631
76.1327487481
288.332572395
1131.48262026
31.9229616668
3.84323951745
14.0006239163
81.7657675723
13.6626319322
0.0
132.73155369
22.2663300801
0.921098524501
58.4074814949
155.602566593
105.24295027
1.47959807778
156.328800154
3.36203744319
0.0
301.546518976
44.6962960021
532.362705958
466.331259055
52.9170691125
1.39004348642
0.0
825.136046906
0.912688979676
17.7434196309
67.2412583654
2.3413341321
142.63612009
293.616790326
403.873886701
424.06374039
110.171716096
1.17344024983
1.60823476186
194.868146352
663.437296877
20.3608953032
398.108072109
1.73669699704
112.817615864
68.2294366472
0.0
67.8944739823
19.209485458
113.810230132
1.37939241162
0.536768203987
122.263718082
55.4325157121
3.18844555323
33.4518290994
179.527152582
160.479728773
91.5886226592
54.2127122046
1.10011909823
3.25184665401
720.182291384
3.01536316484
1.79403669063
13.7279256651
398.041726144
23.2846298731
588.088914708
0.0
231.208436729
1.70186813474
1.15258252958
617.441488062
1.97522679957
105.046821243
147.100360326
102.053502328
3.35153174246
241.40215219
0.653701581786
50.8088333301
550.486744024
71.8377987128
6.36523210465
10.6168495857
1240.22707157
1.08840194679
55.8106794024
3.20117616974
26.7765542175
3.23730093818
34.6726986837
10.9684831972
914.852857737
5.47227800346
54.4660424738
818.378199542
303.227858905
19.6621609827
1.69820886129
1.5786476738
137.027193213
0.0
8.71043457198
3.09900172309
1.8491846968
39.0878412452
30.7281888079
332.225565803
53.4168596867
3.92537864583
18.9367110584
641.190253092
3.50392670598
451.984167154
3.59005046886
18.2870218016
306.703076305
39.4531303294
113.372442298
239.998534916
23.3791534892
35.3486937279
10.8707668892
295.097411561
805.15359358
157.13352326
647.703787534
273.452197114
2.34545444909
0.0
50.8598333289
775.56417261
356.757566265
1.99290290407
336.852525334
0.0
4.57823151984
188.666939137
0.306308740094
774.513563773
173.609968954
1.47024290912
235.86767346
308.065296577
389.147502729
118.881164893
387.24811136
70.8673616078
1080.27317748
0.0
287.933247776
70.4401113185
562.975503739
365.138021042
112.974603264
292.305462063
151.016091671
19.8053752265
23.3941685556
65.5725396758
39.0452895576
85.5947659672
7.30187181133
13.046990671
32.8498654631
0.0
12.4114816178
506.380594822
114.224261071
0.0
191.917783403
42.1401432734
29.4669343023
1.87107664984
11.2195788589
85.3076909111
68.1849023338
211.480810334
29.7953371346
216.200403617
67.877879184
4.15873036179
26.2860786609
20.624871109
55.7393242623
4.67339062838
0.63685064829
6.55465869401
30.3225037263
175.354960581
51.9472910364
124.68941072
65.1806471337
0.0
16.1242485841
112.364779735
68.0172417066
71.9138432057
64.2989699083
295.137299441
7.32113733921
178.147182828
243.177737447
110.412922166
7.43644806526
327.030883082
451.762341525
35.4548195807
208.002196718
1.71169403853
813.39572422
17.753367372
477.302862948
433.716075826
189.549998109
15.516262307
0.0
47.497315459
0.110174174995
225.680548292
187.480825036
78.7138864368
0.0
13.1563659807
53.449903909
22.2650854011
299.941697044
700.89423054
769.762323243
423.996857234
394.517362611
709.774646187
1.65524874171
27.4109224301
43.9751477664
330.276876006
49.3819298976
146.9522269
749.108348242
15.5126805664
86.3359481367
3.37384320359
92.4459365723
46.8427540934
4.94812965478
96.0726033124
489.366051791
4.64819522228
453.623172764
19.0477477865
7.51437411417
258.967298885
0.943897334942
306.407436638
92.2851874446
675.251551285
837.875921664
5.81876121872
0.504395471508
0.0
0.751491269055
2.46429153517
148.938248765
257.177479427
106.133705761
62.4314846907
18.5069451054
0.0
1.69694064544
1029.26970209
5.05870533915
339.751759523
596.889013249
17.0675381169
69.5655712684
4.50446040083
96.4417828841
5.224959299
25.4513129611
8.62094505284
50.2856416813
17.2773060025
486.174887049
65.8258131799
373.667113208
1.36480377583
21.0902578671
41.6464874856
427.231756039
39.6498062399
0.0
37.5021145457
489.621763426
51.8160999219
42.9538504983
280.362298221
105.433671381
4.79892738313
219.931818617
579.533184472
2002.26376584
0.974949239999
4358.6585537
710.579964634
13.5886863642
4.70955554778
3.38202153439
0.0
512.458213295
70.2726500615
53.9639577582
0.0
93.7542327481
353.259394989
16.5487423037
36.8079671238
76.7361176674
365.770707068
1.32367398523
175.468391135
15.2838105259
0.0
10.9345002736
1.14825038178
38.2710008626
72.5673440329
6.70104209287
104.323330407
84.5374643836
69.9099334066
175.879194769
20.9946017177
56.4369578933
0.0924966859739
98.672692244
23.0575735473
32.7262033419
923.15697035
29.6787997281
16.3458942247
44.2273330415
49.0174216801
50.3579964415
0.0
0.929145326366
1.85461338058
91.9656302794
2.12711918407
270.205053658
1.81255458033
1341.54919686
991.583458112
104.88872623
1.52956661288
0.644547167829
37.6222046179
45.3849773584
114.188433973
17.1749986423
17.8313709537
2.86991708271
9.64418756464
162.986804594
31.0543099594
0.845329550177
189.248758079
46.0418065597
181.871312511
60.4095083537
58.0713475302
47.0028704977
0.623423620682
8.68689227693
385.567538453
0.0
24.8405327324
15.0106096958
71.8160604411
36.3512515839
38.3310486678
6.95894679993
739.256108207
181.070215448
310.023186477
250.202875146
114.532108007
82.932060955
191.174086954
79.1349451743
39.0967298323
16.6798752686
219.251622954
169.629706744
55.1201871004
44.4910042541
137.35289901
28.4095358026
629.686715721
20.3859841016
58.4538212159
308.700278129
22.0657429145
2.8642931823
48.4112394262
2.94456321527
20.0378990024
274.057482202
691.73315845
2.63574434927
494.902634984
207.713731609
285.440024029
1141.72076619
235.417856959
0.0
11.9301660133
579.730056984
142.915544316
0.309112383208
1168.33770797
0.395182150005
928.223480202
97.9465832907
0.0
2.10079262912
2.30175915197
26.5716224434
14.4477059999
168.094705909
696.339830678
964.231420494
3.43671265057
0.91115355241
265.813277558
114.782206818
690.759242058
84.8296344551
171.95213809
88.3799521091
0.0
180.527557517
9.19250058369
134.886314718
387.456958543
47.3248034909
2.25340219247
0.200506863841
164.058199157
10.3695807238
9.48859160223
0.0
1.48653588303
11.3195006995
1.69379779613
3.49785837621
257.077741727
54.6598593606
0.0396068239681
0.978928336447
23.8838189411
257.028415608
96.7288357881
23.7649777015
0.703250608812
58.2566662632
198.354921684
1.72939229528
29.3252900987
25.1585710847
15.463609197
12.2860057818
5.17856696642
31.2469901593
7.75904839476
217.653125487
0.99688272849
90.7299546904
31.6848029143
3.04037858398
5.76300264137
7.50556029094
0.0
402.819273846
191.357845339
188.41527444
206.666662976
836.412612407
18.5040030108
557.379040267
1.78265736089
89.3848622564
270.25465945
329.660492644
74.6869536069
0.0
277.763445662
92.5461990035
1.51173821171
355.235308507
176.267171902
4.35742627985
16.799522296
43.0138443074
5.54906044284
0.0
155.918645857
2.26224785955
6.56292286475
56.3245186516
682.914530944
56.1859909914
11.0188726249
97.92486994
164.312725647
39.5075348508
299.339996464
1290.63461011
15.5049840468
20.0756948806
29.4911079363
44.8370125806
455.583983992
908.423269217
998.773587093
546.434309811
66.5884373351
21.6940227577
125.863248326
149.16472221
106.217524306
116.458951542
392.694359094
6.50534088099
1.78953424747
0.0
150.224799746
34.102167694
0.0
15.2184531052
9.92034571903
366.013127358
241.566033091
49.2424178473
43.8326853144
350.993905978
153.785336506
1.94266715754
698.5604434
36.9486283217
183.363717353
16.8936873227
1583.43600688
307.814599654
0.0
924.815642999
547.065216736
22.0335114025
1.75892123371
1.51284443929
9.97469209093
0.645058053905
62.1456556981
145.156323883
6.99773952902
10.6830626367
6.45210627471
23.6745619417
198.182375103
18.8848526602
40.0303817553
279.242898365
84.1063872946
12.2471604411
8.58567591473
75.4190505884
96.2856026562
50.2574003419
16.3230746466
77.6657600347
15.4672006293
445.978298408
20.5543176031
63.7696060912
57.4367356429
26.6863309052
26.8877557027
13.3371047377
1.2946573174
6.58471374818
78.5658083913
23.9343620499
196.200783688
17.3135969126
54.2658582019
39.1926919596
314.743758611
365.815176309
814.026746061
24.5006785756
455.234593295
204.83112406
313.947640267
131.325610432
504.437432009
14.7905576321
264.023851303
203.14918879
0.0
65.9605195784
4.47543127236
1.97340062411
9.87525898422
234.246181966
160.109336366
215.949602856
3.17013810984
222.198041419
168.603585825
64.4452716207
16.542311231
895.86084499
2.6203706934
902.115926458
25.5570193058
3.78003501781
97.7220149385
66.5615749728
562.097883142
589.004309031
1210.60667761
1543.68975807
161.528321756
0.847965666962
17.0014109059
484.569234408
514.338629883
0.0
121.917759597
11.8151169606
429.312475968
4.40224026519
523.642671158
546.130461355
86.3642143973
0.0
2.68597871128
42.1870589527
2.60269874244
172.349157492
15.7746308267
260.417154809
430.669209405
33.0295672183
29.3988036979
4.78172062924
17.5116739525
50.0985300014
187.761561782
5.6943071548
0.0
718.95252906
82.9079205494
103.593563565
192.191003616
11.9189874383
759.259930138
92.986948315
8.71540359672
8.84744895704
15.8997369972
158.860603415
469.174647444
26.1470193471
94.5006774598
7.03870733134
4.20677718992
356.810875635
3.26178747256
16.8489660998
247.076961218
29.8892266428
229.286041642
467.859395463
34.885559576
16.4479648327
8.79446910159
0.0
616.58065471
30.7194635937
34.3539888417
22.735172588
66.1806477906
430.165472963
240.162745332
2.38768216017
2.56900241351
358.694064023
699.792689545
11.6129832915
1.44080534869
100.534661553
667.227224255
18.1492653163
3.55933500098
25.6593931226
9.30109918047
5.0591774588
1859.5098692
26.4163573799
19.1260005809
538.662044835
759.048237777
104.096261621
70.4422185505
3.0925180388
53.2124581819
189.511710728
0.689826350233
105.528966172
0.0
650.958757653
9.59646332856
86.6863301463
0.0
257.778073777
1036.66355001
428.94232862
2.97269933149
3.05231864235
0.275914479719
5.96408546354
5.70310713288
29.2505539727
443.384857917
1135.84458775
2.85701617084
534.022019636
68.8180660184
112.628067437
98.4881239182
372.399963437
658.963695933
0.0
56.0473110345
37.2684568518
33.6338346878
0.0
77.7014223751
57.8928059988
1.99958734306
261.656138004
6.87224015617
406.870306929
100.157757772
90.366508396
1.71593480834
49.9380577766
44.8215489313
5.1009759702
399.256328028
500.200616378
12.451701782
3.28942516333
145.999352369
480.270960153
398.159890356
701.118144017
330.191012531
394.90382647
144.069579201
475.88238782
261.570217765
516.571431875
187.572687614
22.5551690086
207.00532922
43.2061811475
42.9283020409
51.5954082122
120.933262741
600.85418009
30.5051794199
143.614912744
142.238006922
215.639863288
576.37365867
236.017441998
135.68189864
0.271585100945
2.25476178631
175.788082598
362.698612013
1.89184576113
87.5242830001
87.4973749489
12.7604500377
7.11114654681
156.370111316
36.6867583632
575.96361375
37.6409177243
85.4976782292
51.3882999803
37.5933817821
344.101242841
17.0966212415
81.4681688168
1.81364834727
324.614462541
22.0663064121
774.710304753
35.7817160605
203.454978337
11.210387063
42.5132327157
70.4449889653
8.3403204527
29.8098565446
119.134341481
5.98274042022
5.78960194582
231.367482905
0.658910127659
58.0168848591
191.109406562
0.0
218.53332405
375.654364521
63.0358310775
754.101787538
69.4560948891
21.8646033272
37.062410543
164.138613179
20.3354534534
471.670299631
641.45625306
11.0026516458
1.30638831399
35.1353413327
49.5111757684
1.01503233717
64.435496944
39.5674608188
2814.38331464
56.8233276045
370.460559582
401.882906889
606.322832049
0.29295093824
394.570267703
0.775108327932
2.17719986491
362.160232233
3.2988924777
0.0701478429464
0.956958850559
604.515955365
164.075032091
5.86559798064
8.28725614179
2.34844361723
62.9614604636
1.16421107206
32.0490549966
4.65809865891
368.761848142
7.7032039775
8.72481968405
20.7075751195
4.48175158387
4.88072592079
20.6382662928
0.407543100974
119.491005036
215.073035875
40.4909780912
39.5840486944
32.0803921117
135.150881712
60.687768202
605.248938435
19.8078258183
2.44601316659
46.3850638549
37.8876535479
453.074641718
16.5025064214
3.74999934686
0.502448843251
0.0
117.411065974
62.7622232
55.5282715468
59.0417500226
75.4046267097
36.059838842
68.5695953973
70.9939409022
93.1643988487
36.3175414098
28.192655663
119.524636293
80.9053301931
153.656004795
113.823821917
5.75767918078
541.768018976
1.06689488896
2.78707600516
40.6315576026
0.0
539.390429931
48.6644866245
115.622834555
34.2051645427
543.178014709
445.794811389
10.9558411896
20.5077480526
712.684876196
2.02417079348
45.0863249868
325.457432877
1.36070422657
111.656166899
19.7222890897
0.517391914918
2.63888304504
33.0352991109
0.867202120007
1.32777907256
1.48691800921
34.2126478468
45.4210979733
531.884508282
32.774387237
0.0
994.381927293
4.05120337971
8.09018010642
39.8472020982
0.435204328509
18.4437378367
564.237435272
18.3193349999
234.157399934
55.7554317112
288.093101123
468.58474155
96.4099127306
30.6010377086
53.1285662573
7.26793042324
1020.70249145
159.868469502
591.223643844
84.6933026361
1.52334321743
29.2302334443
1.48498937965
0.0
208.366205126
169.896167754
17.7956449256
20.053013754
23.8115375603
3.20229208892
13.989257047
672.432380834
51.9928152781
316.294967964
95.3617157183
252.584749265
217.964090351
47.0857392656
10.8414345519
25.6314563766
52.3763924223
0.867519173967
128.452220985
3.80201696433
28.060098032
2655.20207828
2.31050513397
3.97787530553
35.1678068277
0.0
2.34255804346
42.2047752082
0.0
19.221894867
358.938714766
428.81550842
280.601057853
413.391600194
62.3023925011
6.13211437174
138.148120189
8.14606605914
590.390448185
137.199443508
18.5665000231
15.2599414852
229.302622595
56.4749296049
101.787127157
105.591481183
150.208758754
20.352546677
54.2858076802
305.490221679
87.2254395657
9.03750965433
905.638069229
1349.01780998
592.461062538
0.0
1.74307407368
7.85870440842
2.5231915773
134.36062125
203.597710769
7.47785752792
52.2572507429
1012.50373906
388.137008832
84.3779585502
160.627379003
1.08055174607
42.9476063352
23.5518052934
0.0
6.271206914
15.9275089859
94.4109525729
108.348223846
40.9888372669
323.245175705
277.256785124
141.94155316
5.31419683637
162.548846465
5.39341602237
0.0
234.000278236
349.654931717
2.00209469993
8.39060742626
75.8702779103
9.83811936621
1219.77379311
154.923718065
104.63561333
20.8156697529
297.469684067
1.29641011354
9.34874726824
89.1757187871
6.60607820095
160.669886386
21.3867517795
423.797311224
0.638240701469
0.0
81.0994115223
65.4908546686
194.102631329
0.828917507975
142.077800524
126.078871325
29.3643472702
0.0
210.016929272
26.2337869095
65.814228942
849.36569557
0.408769781368
120.278391244
38.9113654103
14.6234134289
213.835145063
0.612315655893
233.967008338
168.668793718
1.13005923765
48.0148305958
4.14939042281
4.66493816359
63.7568948578
738.36665139
289.211108156
11.8809492699
338.856232993
149.309298816
75.0459528389
431.60743715
64.9891977679
66.0040528871
2017.54205354
329.918143985
49.2375637373
2.8217428792
423.739205893
657.902372333
25.4420477859
7.23447361544
7.68334033911
0.707166017564
440.435291065
21.4869532922
444.252134801
69.385704756
57.9954124141
1.2657541798
731.225729462
536.724540535
26.4371749492
2.57582668852
2610.19320861
268.727236067
58.2118453552
1.47883797898
10.4676722353
0.0
330.034875224
185.849554712
15.1014006591
85.7520814974
6.52990217918
120.810731769
126.881603499
8.58158467255
0.378687036895
163.799319751
22.2784625861
981.049618515
10.6629539391
466.158590636
9.14699572532
21.503294724
351.894683976
80.892310213
598.831935157
0.0
712.27444915
22.6975982322
7.8503959332
133.091605153
49.6485875094
164.306331956
465.792373927
0.506732533028
15.7053967637
20.2766420202
55.6543011889
1.22398335871
12.9627512332
52.6937288254
25.3290173563
149.500346673
61.0378871539
4.91890115612
166.60400402
0.846959124471
1.59698419202
207.791807186
8.03097408642
26.7906693491
18.6900153858
77.4686452329
0.0
1254.42139607
821.181115784
3.72682671733
6.25031181185
323.094223406
110.228830114
1025.16235109
3.24828568113
102.678933495
8.24763270363
1.05713405738
6.56264873075
33.0779878655
269.909917955
13.1139776659
9.08969341361
43.8396341957
72.5147421501
22.283534065
88.3239581644
1.4565583617
9.14638792315
13.179556609
11.1263483799
19.8722556138
509.599928907
0.0
842.061878515
410.342874367
276.140119685
23.257375693
297.481313994
6.54250126678
16.4200197797
4.21243847224
494.202690596
191.866186678
111.693688644
2.89789259517
367.428615465
0.519651443588
21.2535669633
34.3422453845
15.9982577084
222.891095074
52.0649235944
362.13692669
0.541752458412
516.269001162
73.657700915
209.630922304
20.5964636278
201.009626969
12.1998834034
18.9649302456
345.485562741
135.869546127
65.5213901495
15.420973054
7.90288013228
284.981662301
0.0
1.73670945769
253.60951059
4.77154582762
11.9417142539
45.7118849144
552.363581641
178.248437957
50.5292789602
526.714014424
678.688093639
21.5849035831
253.155481009
5.24210236516
1.4625297754
3.64784705244
22.9681075649
12.6652272415
201.619667866
0.0344024316412
98.3816796268
0.0
297.359145765
0.0
387.756307326
497.467406318
4613.78296197
69.8640422685
347.447675413
66.0743599493
24.624263164
6.75246575337
0.0
156.384339978
372.107033267
599.561378023
222.162592294
817.321982033
3.12343979943
38.4203222027
148.493225455
71.0431645683
22.7130784958
283.37003686
4.96338839588
22.5308541541
42.6362939573
121.668513648
68.412494467
61.1123754517
78.326878464
8.42460557951
49.5584514216
0.0
54.8377141726
11.8623441558
106.197527754
113.510402307
2.07333215627
1.72530797568
21.6989751683
73.6093038046
117.20838819
170.073171089
16.5534718072
51.843122888
0.0
87.7657368986
66.3578975692
510.442173759
20.8609267831
603.722330531
0.0
1.87107664984
59.8402386573
121.491645995
5.02533990932
1.21163902192
568.935527034
129.259151008
44.2231185774
21.865769089
0.0
6.64430604787
119.821696472
75.6579722086
470.1065438
117.005033379
491.664529641
44.752883904
2.90444965876
51.3159881403
185.089977875
47.2464122449
49.7333862913
252.542478634
4.20677718992
91.0293173183
1.37241030189
2.15972313058
35.9860635694
27.1854762955
160.17752512
0.0
3.36672125783
0.382162169839
2.20880696052
1.06333945413
1.35940832042
0.975522429257
61.5631929573
18.4692946013
0.0
43.6344061354
130.997394509
979.62443465
19.6123447442
168.197593381
63.4996768701
0.938467266651
110.931315086
6.28299190666
967.905242436
51.1776709265
349.489465546
58.735716801
187.328673747
226.699770172
258.192263937
115.164195924
163.07597429
189.535287636
5.34644496248
0.0
51.4377423997
613.531229707
178.062828476
134.932204472
0.0
44.6341021986
504.972029291
603.853596409
1100.8793521
5.2770544493
168.24530931
68.4418461875
43.1933633066
65.2621784599
22.7650559623
0.0
73.3376965514
285.47341438
49.9594665338
3.42569052572
259.59951556
90.0519797897
121.988326948
0.773596437422
11.6440559643
44.5595308298
4.15958460762
1.90028161174
4.89696905215
33.2689180382
1.04635145364
501.158707762
255.483784085
32.3832381795
20.0951362419
43.2962618546
4.05518109164
0.984950977208
1056.75654856
44.0082266016
3.1983974479
5.90439624777
20.4047678182
78.8394979552
154.405438675
18.3497361828
2.61794502292
1586.03963186
0.0
20.3794118084
129.577693324
265.414713037
9.94364157041
17.4519362786
2.05059426449
2.17727324421
501.607329426
2.96308802754
40.8377562081
376.765306374
15.8937046648
1.314631717
484.448969887
73.2157235385
16.1470017056
330.475401628
3.6760773157
1.65222634521
340.840292999
3.04444767391
87.3262973383
16.3686653449
59.1713835575
31.7499055842
65.5591140329
13.6542653073
74.645182786
11.5929853551
1528.12749526
614.938963142
28.3083983578
0.654601516612
4.66470833408
1.01802842788
368.234052979
67.3868428988
0.0
96.2182875312
413.981045044
16.4142560432
11.7229165609
130.082401696
328.656047694
32.6990059269
1.33114205978
2.9668663693
178.059925147
6.35853935858
0.0
173.552191753
156.975586083
11.6386812766
64.0753084136
12.0140344011
165.232021534
142.037040399
14.1608150844
107.191986197
1.48692493178
281.285146772
5.68678093062
726.220663007
20.7398177077
7.92414905351
0.126265009691
101.538815755
0.960017244455
140.380855724
519.963223932
50.2213960263
1.21163486838
0.0
2.78493416028
13.1981700302
18.3036207533
47.6970968369
36.8456190124
44.0915467215
66.6483397661
159.258929799
288.990516131
0.127995653588
0.0
241.190735347
706.305386355
119.664254951
76.8890788977
313.409421091
0.378687036895
19.7710780179
385.214218502
126.024540183
0.0
0.620532753114
114.836104607
4.12589104772
40.8297634023
0.456851222371
58.9654950835
1.8048026802
56.987857843
1.09414906905
38.5912212107
51.0754840192
26.9837842867
0.0
581.961401081
20.0557883223
138.249426545
256.898617316
485.251293628
604.123924372
67.0019020071
790.01057578
962.155155935
11.2552190471
1.0307327386
0.0
169.561155247
58.3996216026
0.0
40.3756701341
426.914511014
2.09217956057
8.96976809865
19.1055872899
440.133389236
4.1426492187
242.062157469
192.309584567
254.696037903
5.06647246896
107.361846819
281.217376142
16.0859916624
929.027217533
19.6279205393
2.98113933564
60.6293264344
34.7995991858
133.408386365
22.6965723065
353.589662763
622.242171011
3.93572235827
243.950143202
0.592362024016
62.627044682
1.13387911486
26.1794128473
17.6116041001
4.47505745328
135.630264533
40.4267379742
2.01731882816
2.72463575787
931.169466698
2.62021839674
0.0
0.93798545539
586.719273436
16.7392211246
75.0713614604
225.316206217
378.346583243
3.450031686
155.426734558
59.4432746363
13.6370004038
35.4906757532
7.08257707738
5.64222584963
979.352670947
39.5674608188
10.6572608129
4.4707820706
18.0460635594
397.377614393
11.2322748625
1.21301246092
32.9240491676
6.93914823376
27.1872817032
57.8363482413
8.19722250821
21.6710716506
75.3723356637
189.247885834
2.64299090139
368.374266979
18.0987429753
615.226543546
14.6440343971
0.0
0.0
10.13853561
10.6295262061
57.5094946813
14.16682388
477.487834168
26.4095607952
378.084231473
515.191529962
81.3300426662
42.3943970141
279.312128275
53.5613393772
645.641242134
233.641665284
9.71626265265
31.3630139106
196.436754906
119.107376665
272.539996868
10.4817139876
22.1792343877
466.892009829
216.284212471
0.0
11.5635713315
1.64434706967
53.0153018445
20.6399374025
16.9368800408
73.9842581888
38.5702638054
1182.6074124
1.52181055919
200.238183452
279.571868849
3.67672388425
3.07194414414
4.69075383247
676.381952495
25.9278630646
230.601408536
377.916399166
0.807186158689
181.406166657
32.3261573902
351.016477728
22.8280181718
1.8491846968
91.2533678616
7.04516470985
8.18296754056
192.077362616
45.0498291683
124.835788581
0.0
5.60125250923
25.6661357112
93.090886634
2.66982003535
89.4334531991
2.67118793628
14.2643117429
199.047793967
1.58961718708
23.4320599654
69.9026162442
145.436934638
0.0
288.1239052
146.930316948
2.60607972836
3.85514357841
5.47833941062
10.9755428398
4.09862025344
602.167830185
33.3610865942
1231.96765387
19.4633473808
3.48646381679
24.256869617
45.9866267099
114.109753364
1808.29043437
3.90984577071
220.910722032
24.4782701984
893.443225461
910.987327528
2.38866931944
5.84550866627
32.5530018851
27.9540981701
0.0
0.0
10.1906930635
174.127144884
24.8366685507
1.12501406456
2.35807153535
641.851183227
25.0698582785
2.63890519728
132.609594522
45.0615629339
0.733797165852
83.8475605004
63.5928145867
275.78912018
3.84836083887
1.40008814359
19.6952910449
49.8073983159
302.662386933
485.345302205
115.501336431
42.070453705
39.946737659
260.46645047
6.13232204901
345.346723565
238.444812668
0.19001223925
99.1702288276
357.283942298
235.674636055
271.386061667
10.9010559265
14.1676352058
189.091614228
102.240856298
17.7772917933
24.2495081501
6.38627258087
1.90961324363
60.9941586284
345.479761623
30.5524024615
40.0750572893
321.357656554
184.398210435
53.4216487246
403.312255374
195.767256007
0.0
2.0030901663
395.753777531
0.0
1.57243120093
32.7271835786
497.066255524
0.0
68.1588609892
10.2028643359
27.7242575845
510.457802164
13.3938283221
37.4060416571
449.08221793
79.2766572191
623.752011052
19.432449157
12.158818685
15.5241194303
40.6993531544
8.79079182941
19.8053752265
120.783065003
108.376048447
3.63334702562
718.759223059
1.80789707147
492.425747129
245.986597413
12.3998129244
652.181042212
616.199432628
159.671862817
3.48107389944
19.1330380712
23.9779770452
40.8124818846
161.131363273
1.1994109844
57.5120601878
109.912885148
3.27787969176
5.77851751781
74.3366906655
69.9471616336
7.85190782371
25.9393503865
2.49750466832
1116.45578266
60.194412854
9.56313943422
85.4536838767
13.7309051416
47.4874923243
0.0
0.601858413209
7.2149741045
107.965449721
75.594738634
169.704819458
18.9292859039
3.89936499128
334.669485584
7.93374374328
5.86618363053
3.76382649932
0.555968659637
2.444036079
56.3839434249
6.46390649707
351.779114345
30.2927781867
1203.77139985
378.922725672
3.39706013759
2.60237199688
548.504115607
814.711305716
55.7227959208
12.5258937936
214.109906241
3.39159960997
26.4841100117
634.235355998
25.338335143
69.8846632365
411.732891549
732.653930185
674.455716765
3.30307094432
0.614083681696
10.2733209257
62.8766187617
4.86660940467
8.09748619269
60.4725591722
404.068717053
218.634095983
85.9909145088
49.8365838946
21.0766508526
2.69330971883
14.2242798728
67.8680380505
191.085749352
37.4478055556
0.809321081
5.7337713737
120.194723611
2.52097912215
5.97690053545
393.666690217
11.9064354242
25.377353548
46.9367003666
0.0
5.32685822712
1720.39739823
442.644272474
265.317884203
55.1391480349
45.0392099374
209.934970131
22.4285564855
3.49831941976
573.214825126
1.99957211339
34.6535286874
158.666638385
266.838552539
247.014804796
62.8357008018
0.0
28.6676080359
19.3244417481
2.25057778163
23.8053986203
22.8554135724
12.7640636222
317.720358123
28.0202475334
736.538584702
10.7184093076
2.77961900674
64.0016452868
65.454181632
1176.07518977
207.493593706
80.9443139852
74.9484774365
42.2475650324
190.092703113
751.21891001
42.7523232468
23.7436492461
4.62764209535
1.46518389088
180.14941321
0.433264622828
120.20015368
12.3014057434
100.004062749
0.0
0.0
545.353908978
1.16990558273
261.751342802
315.086975755
0.253147513125
0.0
507.749027412
1.89351133281
15.046852148
3.39034523927
1.81167679774
71.4002185566
305.317531108
36.0898094407
5.34995055476
8.77785630467
45.3540597513
27.8044957736
120.053645674
209.235184963
3.37523187225
5.4925486893
6.33186805935
658.759016141
278.872489344
1.26733668059
10.1723717749
0.0
5.19116190045
23.5763568999
265.158561126
6.66164848425
23.2756692911
74.2560371218
64.3697158617
42.8414694063
8.50867610647
1.27756132473
62.4564530363
171.509645674
0.0
4.51796496128
321.205189596
10.1643554324
34.311103486
671.166914633
1.95024045523
62.414574223
55.9862096135
110.771885401
54.1074973628
15.8844117994
6.32378664461
27.375285011
897.304773806
219.663171457
378.938762511
1160.7446214
1.09641275126
229.92789039
189.484633766
4.34514701528
0.0
837.762805396
0.499459675116
3.05231864235
59.0625772835
11.9800888594
58.9410514691
297.473325342
6.61307969393
145.553996776
75.1903605347
212.450294893
50.0011169021
325.156057164
60.0289342226
275.60775147
963.063313397
18.6386304917
5.90004471676
72.4446967612
52.3370541944
423.786916284
381.606424087
28.8871146007
59.5098670445
149.093733966
32.9924691357
0.571464152833
0.0
423.049135868
0.0
1.28445067195
133.64329843
22.9636978842
59.5969502762
1.1849220337
1066.28041761
48.6134824721
215.436019743
3.75236963673
288.831295508
1.35296755609
73.7062447842
72.1415599452
297.901489411
5.97101080813
2.81406712738
94.9323249687
0.0
7.84677265714
200.871373443
15.0515539614
1.02945621566
33.3537154356
1.92754409891
0.0
0.0
3.84167363085
106.406100803
0.0
108.710323008
286.253033458
38.4571309216
25.3907418092
27.2336588061
146.088310235
41.5503509096
7.70346288183
2.57594991036
155.891883179
120.085899338
940.272121942
68.9550139468
12.1561341102
6.48817704709
54.6963233353
1.97194688324
423.089045901
145.52815757
66.1328570975
0.763554549272
0.0
1.44647909164
188.70997679
21.7175982811
67.0496123982
174.220810101
220.526890137
400.391994552
19.973754417
192.257453419
62.596920402
17.0191147007
789.625701345
590.893460526
4.87673159466
53.6620559294
228.506687006
0.0
63.9486515862
0.0
46.8207070747
26.9023166482
2.46560959356
26.6646715509
472.697548929
15.7860503074
637.585252629
4.85396047453
577.271745168
197.356946573
114.194578451
0.0
38.7138892501
72.4474131798
124.471587726
271.914147577
1.68065182509
0.0
6.74125948801
53.3207978743
64.4576187264
34.2108272096
7.19016774715
176.007654235
3.53916953829
69.3429647743
544.684902966
5.19537359543
43.2653345559
4.83582609552
36.6605661062
262.009204589
150.32208547
149.738645261
3.87513874575
644.912332306
184.193676016
7.78999369216
0.0
96.1494217493
52.7037762515
43.1453330926
2.06245263647
24.9162366345
5.76329200506
2.42100051648
2.45091158107
3.09979643476
949.5775685
568.39609779
16.5902542205
1.17344024983
61.3266623945
458.750929409
3.50348919921
516.747029927
0.0
919.076422174
103.83541205
36.6681227897
310.732636945
30.5191644071
43.899918753
44.1616710275
140.371208424
655.435617746
104.545640615
1.90333169853
31.7238946987
2.26761424015
4.30562187771
3.11656983542
1.33292254622
49.5718327603
73.1597475924
29.6387941638
22.8746887919
33.9642118387
8.5387533129
42.9644946506
485.974164201
10.4949277999
525.79114095
22.3696730577
57.78769638
284.734034849
1.037867145
5.74603263959
385.096605327
201.916920493
24.707694045
3.7001180362
66.8981035243
99.2115718336
2.89996659881
205.462089134
94.8787206968
154.62320075
74.2012075541
0.0
476.893688891
173.426220261
75.2800674227
1.17593514607
6.40682847685
9.26534961562
11.6980991274
174.267461338
524.326870839
621.860774477
395.502182059
1.75432187449
595.64260213
5.3356942026
98.3081771037
7.59904413618
849.682490629
16.799522296
11.5669800077
122.260305252
22.1344730139
155.108494067
3.19251464316
213.524123433
916.563322327
1.09367694939
239.606854205
322.667316477
26.4132671422
23.4678413741
23.5290092519
206.238491984
3.43201222174
5.99437726978
36.960705447
0.834573252229
16.2581561172
137.940844431
237.511012602
3.55637767669
18.8373887129
7.51437411417
0.926131236951
14.7248693123
304.554564978
102.960496796
203.32169522
495.859035874
328.471826882
62.2519753831
4.61627522626
196.243075086
22.5035902824
8.15738585471
4.19523725642
115.432539875
89.0504367832
10.5932339113
553.575339731
8.04527058954
188.35365521
0.0
40.0504516865
2.97269933149
2.5689013439
92.3713596655
0.197755832301
907.017629167
680.876606378
81.7601879764
141.274025811
1137.11555047
21.6460202341
583.382240337
198.181783915
96.4092786227
60.8414687632
61.6931130867
0.0
2.58498387152
8.76796948221
5.51243863346
337.35978952
4.16964172543
0.0
0.0
187.197391255
347.468178698
346.144117049
17.7717191199
205.029637222
15.8496078584
326.078745112
646.723854039
9.81863093141
31.0884174893
26.230450228
192.59883885
0.0
50.2197512225
152.934846868
0.0
17.900998219
4.25428405714
173.153933211
78.2317996573
1.65606145207
118.001419066
404.268904093
983.700247785
191.962463091
0.0
29.6979295735
0.0
51.1169737838
3.54903420851
324.96514499
456.746208284
110.13006019
0.87222514085
7.30134569561
85.6692667258
1.11570181588
3.19619745337
59.8835130618
70.9002396883
647.292276411
119.854874992
88.7382563146
13.2156439955
246.912573584
85.5683203439
0.734089298541
692.444262028
0.538328552525
185.676166346
51.92526617
11.5975833299
436.582635461
234.914131593
1.23470365927
2.34255804346
11.6103568663
500.41928808
1.7786561122
22.4332942963
0.109668826977
461.787558727
7.01578529906
782.651660561
10.3176171024
0.0
0.0
338.86062606
58.8588265008
487.68602992
203.352493759
94.3691139106
276.125834258
333.940896964
112.24030075
31.7187761463
96.4800384211
60.4659591886
17.4556426257
283.186980425
193.828623327
98.2578485949
0.0
4.32104260709
98.6006669985
74.2516911289
15.4265221906
1.74313637686
4.5623746682
85.4751147862
77.7998475546
1.74313637686
21.8260404277
0.598323746116
20.0756948806
787.052276791
714.831348132
13.2508909814
222.289470644
113.245197052
98.1216718413
15.4409488381
262.685626064
288.094142278
8.14514120302
15.0474737953
80.9711265051
752.721669642
91.7562099071
100.090734779
10.8261231992
105.084808184
2.78804655026
0.0
20.5972126505
55.1968518561
4.79884292771
357.759258799
2843.98685351
1534.36733736
817.02917647
98.3598347476
175.002133517
79.2177640996
24.1238190987
0.0988086903951
88.7405643013
263.035232745
4.87732693618
957.911131134
214.236435693
334.821384891
0.813053733755
945.532187007
18.5815953915
5.66628456882
23.1548149665
3.96310391375
0.0
226.51126567
284.499561676
74.8355826894
2.79004579009
468.169931128
123.809867032
6.50766548188
110.993951934
82.9216674
0.0
2.9412043816
52.9810420181
38.7070317467
231.663943587
0.0
9.15388922607
214.007684721
3159.91122692
122.470844312
523.53783152
418.127282926
407.618302298
1.44175097252
259.660434227
80.6600993374
7.23643131979
36.9890561631
120.880035058
2.36853846964
143.082295316
36.6811427699
55.5200461422
0.914700680142
11.8557234045
0.0
3.17680593464
382.764395149
144.565740961
38.8633531951
478.891582971
11.4528627336
20.2658483404
43.7921494808
267.475691166
85.0031681956
3.76843970371
1.96370209572
133.968059987
17.4338946621
46.1108135623
0.576534247195
5.40280580389
3.36076092025
52.4969532297
5.48322121095
130.119549621
44.3967326198
150.81262333
162.584820321
542.563616743
420.684352204
11.2180032807
51.7378734331
23.9158981563
1.89091536695
679.731576378
40.3377579567
563.489308375
185.760938822
27.0185840742
85.2727942076
73.6949568323
10.2123011909
266.890140955
32.5642303027
315.243838549
268.313758934
5.09951392223
308.604500141
31.3164498982
77.2135787817
12.2149386208
472.48129459
0.358784632079
681.158238903
609.71723807
4.22556229104
339.250167695
232.232669169
377.32440127
198.134073524
227.736061739
11.6759122726
0.0744135340234
13.6919905752
28.6676288037
791.671271206
822.465188486
137.504513107
191.050574359
0.0
120.90869729
259.004684947
116.679270817
0.0
0.61653011991
58.5538690473
69.0101730288
10.5001321922
516.784098935
238.697737275
165.904846038
21.9848304665
2.1626555336
0.127595528719
4.98878871023
200.227418847
371.150534075
64.2827157008
28.4355231513
89.5598981956
115.149535293
214.290057964
65.0391552269
81.8908197467
78.8600178536
2.06755457468
47.3772032344
587.614351385
0.0
3.15525457231
22.8212963509
251.674051218
427.000478327
187.668293921
304.71564362
1610.83339982
134.847523373
444.172796548
24.2134692216
152.986399288
127.441516642
157.183904381
23.4575502732
460.783257765
27.9481710609
31.1368049082
376.839143951
15.550657816
649.124437111
743.406603472
311.216569283
692.499429418
704.669349144
519.044719989
74.6372384381
1673.61282009
8.82740394718
84.3400228361
185.062319416
597.303807056
62.3972830137
283.927275122
203.370273702
257.180850721
0.482892567218
6.55693206783
8.91927483232
213.071524057
522.788043205
16.7905824819
5.75940844016
131.562793101
68.6999059602
0.0402478544675
433.502863267
0.0
0.0
79.7973858154
16.4010090027
1.87502667147
37.6414687613
831.398361078
1256.2831757
17.9547727861
229.743208534
137.362144802
14.4768292754
21.7676429645
1731.79948802
205.135256342
4.63357197361
195.037876829
244.135748529
1185.04099954
196.828348393
317.116857675
0.0
987.218081947
582.227424584
199.285886264
225.254769743
2.74310103599
1.21499231753
19.2561228497
358.021412583
221.234680571
71.499720889
1.41297797935
27.3368827152
131.990781337
382.620243588
0.561056752697
8.57420797603
0.551527135139
18.3193349999
0.451504224988
2.17290648353
8.83377410122
223.076556413
1.52566643379
543.128058635
317.577485853
0.195586297112
37.443761387
1.66150813456
1597.82461623
15.1986642307
309.497480549
17.4126077423
0.0
3.43898463988
245.021856203
132.888781995
201.348470429
454.837926945
0.0
56.4251258271
0.0
101.31769623
2.05645491699
106.671969241
1130.21873241
901.830788339
8.14606605914
71.4962208348
40.7428227755
5.68017540899
40.4705468016
606.615432705
66.7478199464
0.880409009711
60.2814794716
45.2278155092
167.002652996
2.44930692805
549.636953567
805.7063917
214.47907889
258.09265638
0.884227502404
128.182420524
1712.59017286
40.8072941065
5.90099310961
602.993926051
546.318968626
212.183948797
12.989520833
60.2661418132
293.754873557
706.918737628
20.3776534742
62.1858578637
1.52336398515
2.3439716334
256.213532928
152.760288586
116.513214842
280.212524144
93.2006025346
35.6799708136
133.840505994
223.551428483
97.5070398917
59.7776308837
235.959241136
11.2151179512
2.26655785511
26.7144241016
92.9782978647
38.9324432684
7.17121788873
79.4054586605
58.7784637053
6.26151946174
66.6727543059
539.331013465
14.9658843195
848.465919963
52.4074734022
0.0
1.73479051973
22.562303415
427.160353826
3.6988913558
165.600879898
1042.41913442
812.18166368
110.765650929
897.148654497
221.298952531
264.523546345
148.898958995
3.10768540191
124.52925278
6.91344609512
14.5437359684
24.8468461215
14.9338604848
224.164962512
223.094845856
345.857444886
69.4936595532
67.3926274031
358.856163054
15.2923142177
683.304539161
234.685332163
95.2873367972
44.3279305255
1597.15981499
38.113186907
6.39546437676
241.314682677
6.81279876865
69.2579735448
270.509123637
14.0627900296
413.768181383
702.344913019
31.1849375762
128.179099072
185.128878596
261.234481156
112.734787247
91.4813296602
122.227759455
17.1044049855
107.622215962
364.650324207
402.054370779
31.15281821
36.5948196368
524.823093518
8.81587924335
109.136073867
54.0582044711
667.525220365
890.080815583
40.6763411286
6.79362600329
154.029556665
3.86353235552
277.435732318
1.73021469727
88.3253219118
116.935775779
3.015011498
4.56353627638
6.09213649771
317.070043064
54.4030996474
3.07729529508
24.499115458
0.0590135723708
118.163610859
40.4108755845
42.0206873091
12.6615638145
341.63967603
2.47579685579
1.89657941831
217.757463931
594.102820564
285.418255298
85.1680680996
0.0
25.0545815387
782.480328199
85.1711209554
173.528267332
256.1994801
3.48650258322
1.77013995971
50.3281559871
13.034121603
12.2488343199
312.371976223
69.5595223219
36.9640878175
227.286792121
8.69338149927
391.710817554
1.31172146623
1.17593514607
64.302651334
366.475692475
64.2151721308
6.54998595549
438.503461892
59.0713980293
78.4946775426
1.20855570675
1024.15500281
311.281791021
0.654601516612
8.18731353353
1.74401277493
54.7856868635
24.582449423
0.0
1349.16770866
26.155122914
52.8491032653
118.823701978
45.0292455821
142.79229478
345.504077862
0.0
813.225023198
36.6681227897
38.0752968817
1002.13250799
754.171100518
39.33751501
342.199920073
21.1908858104
17.6659338578
536.60299672
9.18944357429
27.1053585592
203.102318799
1.23003368977
0.285427483091
1.70462747337
19.8020745424
122.827865072
54.3837648938
2.88550949196
61.3359580291
182.115107624
31.1537236829
136.686595572
3.85353615638
36.2914197631
41.7676699403
568.571993515
0.642804063294
171.461334404
93.5996820946
0.0
18.2613155094
20.4222639358
13.3763294355
69.8474723916
3.60659957807
1053.48774714
71.5394717026
57.7046767
194.282112946
497.039670065
132.292476872
476.680733849
99.1008092395
19.0264871722
2.51956276318
313.277271892
4.34765160313
103.671846819
25.3955350006
5.51590684384
488.396139417
6.09517550839
51.8443177245
102.238139879
0.548108767314
768.535334102
5.23592604323
2.14734694994
1403.88406178
200.570845053
83.163576804
502.206708173
9.10045109608
4.98958757545
979.0366886
50.7619550327
646.572148564
40.0338195064
67.027303706
324.522388132
3.26562396395
210.189439856
306.164610685
9.55664882731
33.1212581164
105.814926693
24.0236992724
525.869800792
68.381542247
19.4338405947
66.9240036486
158.008410824
11.363557355
12.3845251085
82.1594392162
394.29420508
8.42460557951
1.98635830111
81.7271091412
0.536455303573
874.142793973
14.8880648781
315.515912384
216.815755514
59.5903378322
19.9282190994
41.2174830159
903.880214072
412.317604127
82.0088219702
121.774984245
15.5209087397
125.080383944
6.23422097714
3.28763498528
32.1559437172
56.4738316844
2.89854470179
209.390648012
57.3991668252
58.765155746
74.1238242351
54.3775456519
63.6959817307
43.7466667746
89.9744552499
355.809904433
51.6271496058
71.6626603197
68.2750882642
28.325090072
719.184813317
511.371101715
2.18791878095
5.50009983475
5.83518849058
0.900603547216
29.3086883779
494.883881726
169.65892832
177.874311513
1.20447415619
592.70423185
47.497315459
193.238057019
335.465745149
612.966530293
119.848409307
110.772729955
193.513866276
654.383697771
36.1474246528
0.0
788.543345576
1197.97595664
84.3794732099
484.387442035
26.7753427668
92.3239400227
409.215484475
4.27567481572
111.906809825
7.30824058089
387.12761701
595.593919808
9.23753886043
0.0
96.9210826346
10.3626816849
116.241840188
12.7708505153
190.055503963
11.6534097484
0.700530036609
9.56636396988
35.6426179802
137.947083056
17.3593343695
126.309311406
3.91770981658
2.7306833199
185.021999567
24.0432984684
13.5318506342
116.349650996
18.2713726271
288.359729659
18.5855218763
319.635087149
361.097906244
266.145151371
902.720121933
140.267549777
71.6125879459
1.389867653
188.482561875
0.0
100.024363894
604.404290067
51.7712720915
231.704307741
621.631129111
0.0
29.1873217828
89.2328535725
40.4400791619
141.910336498
220.585693263
582.789431116
42.0501594824
6.68382980093
15.6681699213
578.080119241
612.052820926
9.29525929569
86.1602614754
4.7218029685
803.064608096
0.0
939.845730053
15.4730031321
31.6561808332
7.45213323704
265.620852109
215.091382087
55.3396036716
9.2843963901
492.560362149
236.24148285
171.548293029
34.9300094337
38.721761603
47.6003496895
14.1939036112
170.792864199
9.9858623589
1.80432086893
79.4065468894
22.524209866
14.3271991886
1225.73190162
0.678251803852
16.0932326765
7.36096845462
1.66729679226
38.981311114
55.7236903176
6.5196553828
30.0786089277
2.64589976765
38.9629302913
791.820358561
65.0763931455
425.769867293
36.864402729
260.621678151
20.2527979009
34.231333263
206.03465813
88.5174524593
3.10582461359
14.9451318224
462.271459221
21.9650789738
12.2947393031
2.83197306139
0.660665692827
32.1196375772
1.72669941337
49.542540574
0.0
37.7425549791
381.996422612
7.39840158986
3.5718288654
627.62302948
40.5933200641
68.245215966
74.4324783438
1.87548217694
1027.44091269
614.056993784
21.4613369934
20.7662107194
30.8496564727
2.32931100282
23.3745499764
42.885034559
578.839959137
1.6828781254
80.2780105469
279.887449686
69.6094064015
477.907555465
3.57649329683
282.93640811
161.007940673
558.915165327
17.7717191199
747.771184925
1.10468522909
5.74963376341
52.9485972908
17.1752672382
311.425505075
20.8267043384
0.0
419.933513042
20.7332454143
14.9414047077
0.916020123052
19.5141424715
424.98029909
43.92743876
76.9583268057
33.0612227719
9.68466386411
91.1753352052
3.22284936938
449.206728757
1072.03695318
3.07729529508
573.614628788
4.1063638465
0.0
5.92326580431
211.547368129
5.78636494949
18.8344147745
8.00187988575
7.59437832024
26.1681359716
35.6680362933
52.9720122105
124.127193743
44.2104779544
449.975615074
92.9622679487
0.80185716
843.601171347
15.436080883
19.1568157339
77.6158662634
24.396396897
250.962310763
136.04581567
202.731912548
5.84160571816
148.456984388
3.99444241343
310.278389995
34.7071758791
830.285670582
75.4034844848
1.91439397433
395.295317502
17.0584889261
590.846309479
20.6724638162
3.84210144601
40.8311202271
516.160413641
0.0
31.2079357569
2.15270779247
0.850875917737
686.849772875
96.7504397619
0.0
0.0
15.9928913278
241.129971748
19.5073832687
29.520710254
30.1315209418
334.177506444
5.42887899258
17.2381505304
19.6343169991
70.9529966368
61.9156129733
559.050611057
793.187651698
6.04452440733
57.9428631428
62.2602104791
211.036764492
330.188044131
51.7056820723
190.334235931
124.967507195
23.7138517117
1.5000598267
19.8053752265
794.20750353
0.0
61.9633067501
203.106934773
62.4314846907
71.235871074
0.0
749.065208136
664.966682118
60.7506044205
15.7556975825
295.394770795
79.7782878137
34.3748119491
8.3159419105
69.8306186891
16.1830821695
302.147584062
48.4187462671
304.413716871
155.600867793
4.44669289207
87.5172635084
315.609320081
12.1908812861
77.4855335483
222.791630123
6.07827057881
69.033298585
1.16421107206
19.8607073731
9.30722704438
378.122733454
382.406254316
17.3977560485
0.353040278857
2.26157360069
761.382862548
906.481734592
217.683976637
382.249064777
0.0321609016658
330.856155746
21.2704386645
639.373790026
50.126347679
0.0
29.3230347236
1.99677400834
45.6591653479
474.789950012
0.0
258.190621902
56.0586239079
229.638145989
0.989047757442
877.943789166
251.364106742
7.48024166295
164.465283983
30.9478213637
525.034436981
0.0
39.9569221522
55.419901395
23.1655740335
5.22382399659
5.12354356662
2.080771156
3.14849813854
0.0
624.918467808
7.50119353026
72.5647937561
125.963931649
10.1328383303
654.967665481
141.10647456
955.118896426
3.12198328953
2.80275702338
1.73196472437
530.368882352
135.898633406
127.86727027
171.71400149
336.703334138
2.05600079603
250.013809915
57.9954124141
404.205126405
78.8213857287
22.833851134
12.4766009019
229.797563213
127.083133519
15.7701048468
143.64609064
10.9309905278
4.24564468281
7.60847683768
1.43171600695
2.27218452455
270.703141279
0.0
7.05054493561
6.73229613714
104.072453499
187.01014943
5.70192337246
234.158475702
0.0
442.713808361
6.77816096946
6.61677081121
57.0716223922
228.942784347
931.571093765
11.300045493
626.775097042
12.9428446748
71.6387552816
0.995001172445
933.817859977
29.0281496176
91.5628845233
442.219627842
333.428676213
7.31993696461
38.7596363986
0.34382633075
47.5964605868
51.1793932632
0.0
5.14180947457
0.767080909279
65.6362578309
22.8403971214
40.0316652008
19.1982819616
56.739943797
7.86965869204
65.7293817017
43.7125647828
141.151662364
8.34550546182
28.7957006056
236.90318416
970.687208195
3.03172259547
608.857556636
0.0
312.530337062
9.07303215871
310.91686468
26.9154238528
21.0196780555
49.8390690991
11.7745271309
59.5451998702
