4.98561544752
14.9164698989
258.381080419
28.747989131
350.46393581
1.93327074625
1.11852289714
63.8956633857
0.500973862192
79.603632132
2.35872853313
19.9976380733
139.185675736
39.1697914815
62.0627086681
19.0261442263
0.3093490746
216.607844894
7.68463219258
136.825567795
161.614847776
199.226614236
25.1767288757
456.854290473
21.2557278277
232.361382248
77.6055880011
90.5474437152
19.201921107
330.370685087
1.06239606853
188.234807746
96.0652059799
468.701863961
0.165851964514
25.1514084136
11.3768702085
0.0
32.6362486477
68.654642485
315.088540717
12.7022536443
116.406258843
148.498166903
0.0
16.6694566047
616.08426208
0.0
76.5462139386
52.4929298818
32.3378431826
1119.69047477
0.0
319.261214233
1.12432369165
2.82033759516
404.053405023
20.018024864
124.840488337
838.181784088
59.7790896729
122.732944663
5.81202833365
39.7245833691
753.572981592
0.12987105906
71.0336003636
20.1951341531
61.2858310656
0.231901359387
3.17993515628
759.97641485
0.0
759.677399578
118.363221552
0.0
66.2514357108
22.1196678713
69.8334539312
0.0937949815681
453.068009558
0.0
258.287608552
0.0701711666234
1.37278263586
355.18321407
971.109670335
17.2948649701
3.98980338222
14.6934724124
26.5438658122
12.2255545267
156.68095657
67.3713838387
89.9054859897
21.987036823
9.53630525275
116.893547906
1136.91031715
16.6561442689
0.0
3.46331753884
774.629855082
98.7342870064
6.06533047716
102.018573016
0.0
520.248821377
20.5538152428
37.1751230206
66.4993435971
31.9788472028
44.4294671516
1187.01510211
5.47178712027
7.08185949786
106.469911438
449.726237287
149.911670246
107.690672603
21.189834703
130.727926999
255.941688297
0.0
45.2814366675
126.605313974
10.4021087883
0.0
1.26776322854
18.0825334367
3.9934904175
335.638768796
17.7825347212
166.289274157
628.227320074
647.500307669
13.935877135
4.62857225691
58.4512564384
0.0
215.132551398
99.4100989535
639.220101784
4.79384731438
12.0043606092
420.926673136
4.55549893059
568.366600992
109.893692631
18.5069925047
0.0
3.50714485015
985.947172117
95.9218874643
128.125829463
1240.86071453
4.06974789474
6.37483464695
39.1822413941
741.809388617
147.014289123
157.725650639
228.268212632
35.189089366
18.5353702217
3.70800720031
14.4587358663
42.1330951032
10.4434299026
681.193077569
71.5884216254
16.6591604
27.0657575486
2.79147696816
9.04418826494
5.11556992896
176.160314745
39.7224273111
438.818940043
11.4114576073
415.275089585
33.7821975415
14.7706393113
107.933355427
36.6226516857
55.3380815299
92.0789157384
102.080726232
84.0301365263
1.46957494915
1.88178737316
216.432750667
11.7829598981
753.558762185
3.06870959206
129.231602832
2265.06376924
526.555234377
376.807477405
1401.44518986
0.673915556107
14.7264548111
1.96459409664
3.92367291487
136.042216145
41.2344889384
0.0
0.0
18.4029847409
1.16091087825
9.70273764919
0.0
323.794283112
2.05664895734
18.4096961321
0.0
3.26192175527
102.735224342
3.26192175527
2.10608671909
27.6089337476
387.579968745
1.65279639821
28.2057023792
107.740400581
351.90230373
41.1276871115
0.843365258679
19.7863067988
331.518008688
40.2761394074
32.3857147181
27.2775799578
12.2134559281
5.74298513193
0.712557753755
459.162759945
123.311155921
183.230208415
85.6170644739
184.887687042
521.818001501
121.410670181
0.0
394.040495825
89.2586415913
164.308717007
227.984858449
10.4855511669
39.980345886
434.750216716
420.526969373
46.7335128861
0.0
8.83488967728
3.4024156588
10.6516134499
120.318191523
329.390165171
680.251906004
29.2442090911
58.7744959308
306.192917178
8.88715205113
15.917492927
4.72710469109
9.59293849061
39.7645826496
0.484222408413
8.93863542424
168.072323477
425.968431862
54.0286881716
169.736950583
676.437069953
44.8681303526
2.33235765366
1245.03288986
259.907451927
1.0985438188
620.73057511
9.44709027866
34.6457427973
9.25114162561
41.3156753873
2.6514788992
156.037675836
62.5427082579
10.1344885403
33.6661464024
888.562438718
2.98195029158
5.32117913144
7.05251713587
621.014731794
204.616357185
3.52023981769
13.2947853576
1.95009622273
242.112275774
55.9817723264
300.255924433
0.0
116.339529144
52.2684719158
171.188676662
109.245317256
23.858517417
11.3440805038
38.2650050089
4.80704332877
1.63938771543
93.3174823003
19.5113242299
85.3631654491
2174.69419384
121.534521902
627.122805091
17.5439254956
611.548117148
0.1243322814
31.3417867249
28.0201697771
0.539587860719
83.4481489348
208.154255528
11.0468441273
7.25142317188
55.3930839185
1.53098793829
40.5220992044
1441.19433114
0.791877185733
40.8657642612
6.45336215355
146.829859812
519.719582594
564.757860578
10.4602788783
1129.44031083
2.43630431936
82.9966022598
76.0822854987
0.867524856954
387.800058197
325.794332906
1.99361686858
50.2709247946
4.10148248232
548.629354791
77.6099059918
16.7170860976
7.56029756126
245.053216316
38.2224901317
483.720689624
87.3305489088
135.547560061
638.255512022
39.7012438953
9.64761188942
28.2687097937
515.769739718
163.314247925
111.401093179
19.0218603096
3.99715277854
227.853899374
2.87822216908
38.0838667701
11.3170069962
6.30160152559
433.832475097
37.5107736518
5.87988599729
256.194566278
1.21854518495
20.8207128883
70.4498409274
23.1585294221
1.40654168543
148.760688985
23.4109221438
163.689097687
56.0899136116
4.50014875282
5.47569974853
44.0877819081
11.3122460443
17.6351285078
3.09833629523
14.981772017
39.2311128234
0.372955720478
8.96930197006
174.587368862
0.0
52.0154529386
830.854642747
202.480634362
13.5805341165
19.4421071336
21.6056037413
130.965300163
458.537134211
57.3637408265
82.6873659816
859.118841856
582.109822895
522.917180975
673.312045538
566.571995905
12.6154896438
420.14349303
1.03447423732
202.640508113
0.84125854923
16.5103489302
31.4787169644
21.1825205556
2.85047775735
0.0
11.8807427055
3.10475277057
408.164767773
185.517807011
0.136151238652
0.0
11.3736026352
3.27000785366
92.2519878533
4.44861015644
80.3000564627
188.314144803
8.57180948804
7.57429372574
133.228906006
5.57774884828
3.41765845951
2.76159647289
13.5229068596
44.2758207074
25.7084115825
33.1174901738
8.31363359618
5.4248285314
8.41065267742
939.070719053
1.15100241155
127.70412921
0.0
397.896379225
27.2727438082
382.916080611
268.6942339
56.384453447
8.91607495121
175.475224112
148.115804425
406.104254361
668.813331415
2.96259394385
420.285454463
25.9079191998
151.033327946
21.9523977259
3.00325472869
1.90119189439
457.761805211
110.080238052
46.3049520208
0.200676705942
25.9859602715
143.448862562
0.0
102.795214451
4.79436194837
23.5736334311
16.7404443708
27.4027041645
60.1265122628
661.489867709
242.923282539
1.42011721304
3.89246471091
2.1349050474
44.5803829808
249.158956866
2.44721620483
683.180401333
4.83170933629
1.70763899179
10.4434299026
0.419995381839
672.424951664
1.38268287781
84.2458421895
306.349516306
109.7733658
461.988827837
607.549226598
47.6935567145
14.4068506557
40.1270412467
3.95682803325
2.81398691776
1.76239346311
111.999955595
218.901162038
180.059655342
25.6402825023
1.7855719669
178.533265035
45.0813403936
13.6536097927
0.0
3.40883800896
505.919726276
49.2761466971
20.6311901102
265.632825531
74.2370770875
910.27025488
0.455260734557
192.23341278
201.420171109
85.1413535007
8.39306347471
157.58613783
0.344902293361
67.6819771993
2.97668763033
10.9535026816
457.251363494
48.67987625
3.81598281565
170.813039675
3.88978579427
194.288813926
15.2205351629
833.823570919
275.800080277
158.792246028
206.859095677
0.51724123103
39.1022522329
343.035643042
136.446067529
5.44717868597
30.2759174644
280.236528387
419.054769555
72.7772026364
218.619147313
21.6599716497
157.184839641
138.827810071
244.600304333
8.2899404584
51.6164800026
13.0836761513
8.33138846873
549.862923058
21.7265721024
39.4066876104
134.515415777
4.02064969744
155.285230423
4.86078263169
58.4585059628
87.3107907236
0.0
3.25698808378
397.329173847
159.370446712
7.55444624331
574.893813121
50.2259906676
88.4248064611
208.253699734
33.0800476139
21.972222884
1.1319327549
2.76326139609
10.5551160524
792.194503408
2818.80046804
35.4374061397
239.779338863
221.178569
41.7921618363
10.6744006909
498.558234879
525.190490841
20.7158333016
3.33190845263
132.208765148
79.7171629744
34.3904479158
100.372750026
1.59768591298
43.0479087138
0.0
0.531307893348
10.9692800907
12.4985584572
228.33111195
207.057444781
70.9112314461
0.947509318237
37.7433541401
3.89484166195
165.903658206
68.9448984036
118.197660978
639.524698131
21.3382584348
189.770312245
319.724810159
460.14699627
199.239370814
582.93791833
608.100297377
204.640460385
526.083304436
8.66597340814
768.884179284
36.8663955016
114.49102496
58.0736455128
711.920551108
3.79138730594
26.082008833
1463.34706954
27.1852760048
0.0
10.634994767
91.0193971553
62.5112556615
0.706399770361
261.62225232
10.9088693454
0.650079072784
47.1893587525
5.06665737589
142.79875529
204.291409295
23.8969069975
219.563015419
17.613491556
64.6466154196
53.3272079732
153.963902961
478.687650303
0.99604588302
0.878601237311
1.73686150753
39.2005520244
3.4945222179
0.860074413776
65.5785317981
172.96458103
24.953159182
39.4792051791
32.8014015089
2.93095570327
653.184221515
744.601062978
16.0702228998
10.1181224745
41.6861296106
27.3657268901
245.398385325
0.68380757332
2.57910467612
1.55943145327
299.86889735
33.3796609414
262.844831155
363.563680761
20.7904199808
24.6120966693
160.127772922
161.181627007
255.493243525
63.3048494688
0.0
140.586631645
62.4212769612
242.439558315
116.999738752
579.999429936
13.3664957264
8.32446675911
19.7119445376
39.2146515856
7.99710432
2.51230330465
490.1476245
21.3861710941
0.0
27.3906184906
31.4047283414
1467.34715737
224.557776782
182.489942673
280.549478725
722.399289837
51.3223044059
302.897345645
351.61307238
229.312856178
9.89030058818
50.2328512791
0.696085941278
0.0
449.343185106
687.998270774
16.8610073696
54.2766536312
39.8776552563
3.83410897665
18.2985457656
87.6689125307
4.01977082478
5.12425055886
46.1940495716
1.20786829217
874.585077149
2.23784594439
41.0562646088
2.14046027454
425.900135936
73.682920855
62.3083641494
0.0
522.5845312
102.931060199
449.1722244
665.010992274
173.004546237
103.701753969
50.8690963324
18.8532236817
1.1381353869
366.522291579
44.7265155339
19.8794402759
191.67353565
3.95965382032
4.06022834095
10.2770703538
10.1047549154
222.0535913
169.0365913
152.339028394
93.3751824051
22.1020434197
524.728879429
383.002663667
71.7993663369
2.52388609426
301.0307576
28.8828291104
71.3516112687
593.685731911
955.91573987
893.313090852
2733.77120135
454.351154233
120.377355632
0.0
12.216803399
133.581916721
601.672222786
221.683622337
679.872289416
574.621213378
46.8899721929
303.758868789
38.3716858145
6.99599199461
1575.89111427
0.0
35.7328142731
816.810540905
626.859200868
0.766682444665
1084.01791732
407.760511026
103.732010452
4.07765657366
880.19020617
4.19541023476
27.9554845148
7.81330948879
7.76434993715
185.769283261
1.1969975304
15.2442247758
44.5235499992
48.0606141184
0.0
29.6915587967
0.955768136262
472.190803927
108.989598212
3.58261040203
26.9891981057
6.11803346231
4.05488343226
12.726013755
105.552840722
758.663763317
54.9608301432
20.3266043374
34.095921005
46.3614853869
14.0541595296
5.39695604867
8.10753325899
0.0
0.876823517627
0.0
42.1823871696
241.081085559
0.425431937681
108.924894151
3.58339645257
0.766502675261
990.606615363
930.964435955
52.9440465203
9.33576366761
36.6527765733
45.2041980958
0.774776767812
227.559801323
0.558621093497
37.2656198797
10.0247269805
194.525195421
455.08274052
523.963679789
611.353299985
3.90849473713
168.456408451
78.0149957874
127.670161017
887.091438538
15.9045589295
350.169600419
71.2049875808
276.558228963
1153.39335405
6.45505645084
410.498403787
239.472083573
17.6896127375
178.673259579
16.2101915947
107.002085279
416.107427812
0.349778391641
81.8340852064
0.33659412687
6.45087710587
302.436098472
90.0374531835
47.4109498078
182.976242417
47.7042571064
264.808299636
308.66083389
10.6992488177
154.74187563
17.0166512517
24.0773097092
151.854152706
50.3729609697
203.305482197
3.2893512768
31.7388644448
173.640888812
18.7477707129
488.309785459
42.2599277068
23.5772722929
0.689126632816
31.2536750415
3.53814038572
15.7939302467
0.0
28.7742695381
0.0
38.6087875621
363.299295188
207.896638919
29.8664991035
0.495936793921
35.324043317
0.0
20.6516661981
39.8207835008
0.0
3.48218157687
53.1491504885
2.75024632605
9.42772923108
483.87283564
1.9711644922
391.347742809
406.013294566
51.487396169
38.6868462583
152.831876209
0.0
511.767556921
975.585350475
10.4079272072
0.0
2.05184100694
11.8860970139
98.544935773
230.558490144
68.5718193119
190.7334991
67.8904345134
2.12570273373
1.06925902999
40.5720339757
419.214570459
35.9122793639
65.5986001738
5.17882291086
26.1569679756
16.5075231433
350.178848556
0.0
710.428074946
61.6582604024
49.5032647804
34.3900519531
21.7956987266
989.126791207
16.9724091783
9.62209403344
23.133915113
0.172327188038
3.39783917619
736.52181109
59.3758739438
32.5664499445
574.98143602
68.3621952595
390.304316526
247.2054321
36.4806033056
509.105806491
641.975012715
0.0
17.4259756155
377.077842369
338.705996758
1.60465344619
9.72063469231
245.444430969
149.867163806
46.0762829858
15.4272065322
199.863634765
668.643080387
469.509725349
19.2121832376
7.73228753478
227.029331179
312.220406783
46.7169071278
119.220538326
39.6907068231
2.87774630889
449.964650295
4410.01065579
119.08527301
9.06683803521
215.767119778
11.1228901111
36.3327917298
39.073741745
86.4845446823
433.74818322
541.263389133
0.961202342178
0.97354768305
83.0027896172
48.7152027008
7.50596255188
34.6937741278
2.72650501477
70.0076986595
6.25355727049
218.671991293
363.651169715
217.394420645
9.45580380756
54.2759169289
242.325214398
108.694067883
0.0
10.9391998517
10.0020654606
6.52811215272
3.28219927432
131.792286431
84.6046959988
294.534739573
718.4393881
178.037606707
5.70070642245
168.739419546
24.1572365973
5.39954801799
74.0213819988
116.383026291
11.2821575805
0.332461780448
880.801029714
2.72497991221
1.77424531933
18.249773033
515.779134725
23.1309518552
70.0065354457
0.371506990555
9.02096158766
51.8819853163
0.519687504917
32.2881257796
81.6616322973
60.5112693161
106.512334667
19.2666357433
987.407287435
34.6395154911
3.34481425106
3.87468046427
161.926377584
0.0
74.1242911717
52.3427178557
2.24098662168
6.53796069629
22.0323304887
212.704602243
10.9706430483
0.0
257.562493965
86.4533470531
97.3756145065
1764.0133946
1.10140485478
142.785373631
49.8529303755
25.3579987106
67.2783537581
111.993173706
34.873164021
24.6700764153
516.305196407
566.928140249
573.106790075
260.830658301
201.841017164
0.0
14.7225809568
7.77261932986
12.3696132694
0.14157956975
296.745287591
217.931554007
22.4635220973
1.40919357793
321.649435524
37.7703383505
5.98286801798
18.2607154675
59.0426719365
8.5045921795
574.347550293
41.3564372189
0.258934918237
151.667443966
1.16381538787
1.68600086506
33.3015728712
26.8452028111
74.1492015716
26.4188931758
12.4908906458
9.05131441823
2.78504756821
34.9282909557
111.480382062
9.34212256974
10.1386561356
5.09889014797
364.228997935
180.677370046
1.97828007079
110.425035774
945.700187077
96.9663206917
153.436977681
5.11562397729
37.6525905641
0.626591553598
5.50804531711
71.7241181531
2.43888923893
0.0
1.50887865122
5.90448855677
1.56849747118
0.0
1174.69022557
16.8073879129
243.843818221
1.94429190333
6.44257833909
0.418874466715
40.5149190027
173.94192267
329.039449159
697.143825487
3.15973048495
3.92023262192
0.14157956975
48.6232124631
292.897008556
36.5787315524
145.350973278
10.4823411668
6.54748612488
8.79369428409
29.9872947449
44.696622114
695.088645233
684.687391818
174.518398508
6.18325920783
7.73228753478
0.0
51.3695473359
57.9818961426
10.066106843
1.90050571574
15.6001916999
103.68597656
7.08713155881
53.9193754479
2.5210403328
37.6494005384
300.780907499
2.95672500146
888.901593091
16.8177922141
662.759635426
2.24541388392
27.2891345482
8.48004014344
1.29494953263
14.3523535013
67.2035485357
17.9635954125
14.9917051579
3.01133260235
64.4544771732
21.6645387326
12.9490723394
56.7884799008
100.266961017
0.580024227537
80.0160619242
0.686520563903
616.54496642
9.69389252441
7.95690764572
26.5707243016
63.7836071222
87.9265526392
126.402616331
223.794890645
724.736501265
10.9342626553
548.166010308
262.351822369
32.9448151967
16.5651433503
7.51878375293
43.806827
4.57426662164
2.73753204666
96.1164379109
0.845158252888
0.0
4.21679809428
24.2159565701
192.498025121
152.563335965
374.823450589
556.18569625
0.428667786996
43.4725745753
70.6687037174
54.0548428578
0.0
194.855249701
318.904940644
692.864157448
207.839327727
543.696819491
4.41460553949
991.08973213
905.442868234
99.1206161608
0.0
10.0348892393
146.58792779
16.1623000848
300.66453442
9.59917519653
28.2380749719
9.35728429797
0.0
522.715151886
10.1778822901
13.4335215159
2.40932598379
34.5103870088
51.238031328
26.6159533443
49.3536801846
75.6358875133
17.1017268295
155.165825939
6.06481349326
564.552019907
116.6036856
14.7551932419
84.3320950807
189.591408785
3.35732643675
342.269887643
361.658530415
51.9077040912
168.463098693
85.5359919965
158.923960604
115.92539213
1.78329371279
16.6980105662
36.6382493255
306.395034389
25.8298182048
5.42417760163
0.856056038808
19.1636219986
5.90255339198
26.7210303248
0.875140969979
1831.11339361
545.267736213
80.1008508111
10.5718111079
247.288064929
592.439011102
19.3406784146
65.0097167218
812.061493771
0.0
244.556034061
53.5567535309
135.506330594
413.624087356
12.2932194963
18.7324186406
13.3772290174
39.7224273111
59.3449254069
49.6759444574
0.0
3.18062250988
0.0
26.820398158
283.10047005
5.54824081642
3.98711506587
0.0
17.8919825658
0.777636628826
762.351089986
124.539730595
55.6220372946
395.97430588
438.572404514
2.31500696853
15.2526398639
25.5866042975
113.819090393
79.0763672878
14.8351271799
730.778487568
0.0
27.9066412845
22.345133956
2.93096157809
4.04436045967
0.0
591.83585302
25.2316290425
0.0
264.144777807
4.9460238794
45.3683169893
0.0
3.49297361609
5.50300002408
39.1958615703
138.651834622
16.3826163047
155.68016971
68.0081306011
5.14642329397
14.0122685581
4.58192503334
8.56147920949
2.21383674145
1.66957252623
500.429468731
196.645539147
237.391075273
164.591498983
55.7831952802
0.0
30.6786244342
162.979583088
478.523853349
38.8398852465
3.63594434255
10.414458829
21.2641252915
145.741683871
9.79972970628
33.2924246058
79.3809930095
1.18833687488
204.676883076
43.9094060082
4.6706006992
11.6597238576
0.636799635971
544.073055709
21.8311732228
420.153591841
37.047167152
35.0860274478
9.04562994512
281.707715386
148.507510212
1.84169174574
90.6589007472
398.840089886
0.0
18.6258541562
1.5079022566
283.439066315
381.398199391
10.4276959671
17.3854722758
556.886691188
25.7107603344
1.07495407779
67.3630721471
427.686020444
26.8623890014
0.302703481377
41.7900104783
4.25525582266
38.9988143264
440.426597871
102.362514189
284.927780244
114.427163347
0.563373820618
670.331988112
2.84855904205
42.0475824389
29.5540657499
10.8101089683
206.334503874
8.29131869051
1175.72542242
15.2342963347
605.168858763
310.004659551
183.139847852
50.226947088
3.64443110348
210.517177506
180.035172629
653.143069595
116.877060819
34.4029236776
279.713446412
60.6396810706
6.34971275359
167.294396633
269.641246209
546.865640668
53.3373819816
0.0
39.6037325044
9.2048363164
2.71948225827
1.42950987078
224.340488443
441.094122801
0.18260576822
13.1864725277
5.88342733708
2.10443237055
4.04314437251
93.8167853646
30.3142811957
218.993886627
11.6266427619
1203.37819875
50.5669262844
18.1672682752
23.5582555096
0.473560790149
14.2159449457
0.766555548614
31.5974611196
224.175181662
32.4218530686
1560.8583888
127.531109968
936.742091907
1.9626507071
307.088474313
19.6080789443
574.77381998
55.3121700611
10.0176302013
63.4511641413
780.837272714
134.52044932
533.577586676
6.99331425294
593.555793879
71.495971977
0.455724845116
185.54691203
0.141185956998
305.168110541
0.0
164.754256094
46.3840775838
52.8470568132
26.8086473486
3.29460101345
168.785594433
4.52364802163
1.49209429847
41.1574865342
703.534125003
190.864989259
68.022180814
115.350926654
254.366756725
509.735922936
60.1433577137
416.836453854
2453.72618966
194.82140018
0.338294298968
371.994905874
0.916484408577
469.368518243
50.0933302454
1438.09042082
267.555132694
11.5632828583
37.0100312574
157.051536514
5.59762452982
293.840901337
4.86276244509
91.7176027307
10.8393314841
5.49763161612
12.9022512213
54.3655290408
0.331282117152
4.77818975157
13.4364589245
9.49251201537
22.4653996887
922.753200422
265.037288261
488.672080738
71.7156243424
10.7066275881
21.7604815473
39.2545380696
0.747957052309
0.122573361128
219.123951555
177.883645373
1.32070238133
4.13231117309
9.10857626151
0.744690653942
18.1940962154
94.4078883223
138.327516513
37.1319959875
8.53403088855
36.1416698265
22.2037247558
752.925832879
615.192666922
872.918655875
862.714616549
386.913290963
879.244635542
635.204771146
927.343634541
1114.76337132
3722.75347793
11.6221250274
20.8613724981
155.938356176
11.8723287923
132.373255329
0.887110322551
130.684191335
1.92212151816
27.0809827249
10.3436355577
84.2325874269
1285.90266427
3044.18621219
9.95265354807
346.443481157
3.30421456432
306.232804837
24.7068010726
1.78462494637
2.02417296783
9.47206882645
283.136962066
56.8158788732
57.1457369346
408.040010154
27.8851594279
259.146955665
450.727798448
28.3181005569
33.9819730504
2.49806862256
11.7067494193
182.601138864
19.5425441835
30.1349712
58.9185523234
66.2910578279
354.870512824
637.178794325
194.118739143
36.1555907933
1226.35426457
100.768423664
0.916249415888
99.4248858682
2.75877303574
70.9855255593
212.613648323
10.3532831824
141.738592827
147.303536923
9.06691558279
12.628052353
15.4401934033
4.95927159219
8.20921694509
582.072269888
45.1178112588
16.0227602516
232.727087269
0.767340424195
173.990071497
836.401029472
151.463527885
396.501266408
201.167768987
257.490170265
224.122003992
824.334568519
91.9046345862
0.128564499714
35.6411917989
174.878008993
501.372731731
4.55213148537
4.79644750848
64.0547851595
14.9158800672
611.586087266
535.390134629
82.5491644318
10.342403021
411.233741732
5.69446619164
15.5278492008
28.4886042017
29.7655756187
7.27948717367
13.6120889347
151.734739997
30.1588805311
1.66055115693
476.635083168
58.038284988
201.02867799
31.625151483
574.083940196
114.291749986
11.6252786293
919.647840195
0.0
1.75142517938
3.7083867135
293.79498259
303.809978523
4.01743264754
367.865033925
55.6037854125
502.666552124
3.73565996489
225.135848221
23.4023437357
274.088715476
72.8433765774
134.055748928
695.439107453
599.324392039
62.4308705376
27.3253351719
10.1063505158
247.093835247
0.558621093497
551.323228721
5.76356226669
106.710869415
618.703222691
14.3629070229
42.5261473983
713.275020764
81.0936032715
11.3280657521
44.7769179407
822.593593464
367.562688808
1.12738917127
302.436626031
29.3229433912
1011.74202223
622.225539844
631.600959704
41.6754703422
518.634584928
3.57891631697
23.3359806257
95.1344210913
47.1849491147
203.221071648
3.74461906112
33.4332486741
214.904875207
281.979906242
52.7046383196
460.068354793
0.542587542381
78.1294619008
113.999893767
144.238563715
99.6128941185
1.31172448568
565.429140691
4.81717268862
632.075422865
20.9474338703
38.5504553271
138.791715194
75.4471014375
0.980932328279
9.45562756303
1565.042772
573.35330328
137.332529272
0.0
199.719818065
275.474614229
1.73394642324
1.89664831077
12.1261949183
14.906342889
9.95083235472
1.89664831077
1.91162791967
8.28762108057
80.384089848
394.608637648
10.6672345888
684.712466713
430.911020148
214.868776806
468.765704424
523.543946423
12.4019717625
1.34544828636
38.2730887573
1.06082396745
0.426183914281
0.0
3.60055914356
15.8498878806
0.259490675944
2.66829027612
98.3906360491
51.4159301927
15.5658698428
3.03476372328
80.9413397592
65.4516533709
5.16771245657
72.8471752343
31.692738905
4.99586112872
24.6044876061
317.047462089
17.7852817857
307.514501957
6.39940313249
51.3332315658
4.12548111061
123.603722994
25.2350705105
39.1032885507
541.262798127
6.18232276193
0.798782445874
32.7165186251
54.8625761753
0.0
18.8978558429
220.291879315
27.4124469614
653.262127466
2.9516973329
50.2334998591
605.255628638
1186.8859372
123.611369656
17.2339407658
13.1542797044
0.695490234812
50.9053792034
4.76118568065
25.5953765746
112.71392213
15.9824895546
24.963192195
68.7452239415
144.912928108
30.4702975412
9.13186168702
96.0483534794
56.2493608505
27.8518821133
141.506999308
79.7484757502
89.7409382346
224.790304397
20.1603998839
16.2339376059
0.42128314177
4.36674340373
4.95089527783
19.4568999233
25.4733554462
113.828144661
11.6356805807
111.225801558
48.3140184837
51.7431763104
526.322625689
1.53255298959
47.5460236049
503.117346823
287.167460306
77.7730802147
0.0
4.36628986784
13.3283634628
26.3955161032
4.40786477423
138.302610813
15.1545010426
98.8291382801
1.03723187652
989.393942644
46.9331567992
360.990822191
4.43742567945
59.3705431348
334.952686493
255.267314504
0.0
13.4630448222
9.98028986314
13.7551007849
1.42301467288
4.79168185676
35.424798782
0.900926717656
11.3194579699
0.272593868238
0.0
21.3488013818
17.5575820956
46.6298035631
79.5257802294
0.144163314357
1.23447768922
59.9598859973
11.8575759514
10.7239618238
97.9516943818
14.3747142305
54.0661941797
2.21954471384
517.625748393
259.934350365
83.2354159291
395.985035646
12.0964166449
482.905811355
24.322568053
0.584111925351
76.9784160156
458.285029356
118.612067059
145.30623067
118.035149435
361.092737345
3.95129160552
88.9084073138
0.0
1844.89492402
5.9521908975
812.138223584
519.789529343
44.4929997748
14.4730281216
668.755411593
6.55858952941
182.956840246
532.684398268
1.27875383656
17.7238723215
14.8161585701
24.768204662
449.47338398
91.50261262
1.0937323435
0.0
1203.86632321
10.8614901196
80.1536712926
3.47406610439
2.90231479443
126.44521698
39.7837040045
501.902304203
137.020346185
11.4547726346
27.436883851
40.3493807535
2.81890766465
262.244058247
7.47724057056
12.2098969639
295.578924883
351.195758265
167.278689721
3.05799157555
65.8348853217
4.03294098999
15.2700269729
0.415429473906
6.89473482024
133.940072604
118.47174705
76.0681835875
1.03885685095
59.2201149155
0.0
0.950893212946
14.664786855
302.464809879
3.54002737701
143.271443082
11.6800624747
253.243420003
76.2161972572
0.343002377477
98.9822407164
46.8268942806
58.7842023038
0.270955969202
503.378844336
389.790862202
14.6692035425
11.548219827
251.818096526
10.7421173589
167.921714313
5.57289977415
0.0
0.0
1133.51398075
11.844667803
33.894347802
231.925383864
36.5878774677
1.86676429061
12.0527796776
20.2920310382
8.19217292544
153.737056294
32.8665861308
0.0
82.2199807993
0.296532573385
37.931753653
265.179166272
152.538527787
87.6318953075
29.1595682497
1.26822498916
382.50233721
69.3138228245
606.672256209
156.257838135
0.370698615707
26.7709251473
105.190585394
147.958660115
0.796499491909
3.63594434255
20.4745357596
1.56372359472
138.93647304
16.4658577646
165.522629312
62.2681298763
19.5193492302
7.49961304945
506.95609808
0.0
741.579898282
523.705465123
1332.05834423
8.45844196548
0.927523190104
100.863876519
29.2381827036
60.11454996
162.200258037
425.800194722
1.16066061103
370.892770192
0.991387152976
29.0912088767
63.8122104322
146.232251082
16.6930792446
172.08880793
1053.20920093
36.4806456043
61.3126120073
30.3370966359
5.9111047759
190.958680843
9.00387996915
822.336928577
52.0778094233
26.2172588746
116.509303137
7.3696491683
41.6526748765
27.7805818069
529.14296916
16.9551348658
0.0
14.8652015441
210.745794842
169.606356921
10.3089388872
0.554547495247
29.7831883208
243.970366484
181.376462719
52.6824561848
0.0
3.57313784677
35.2859204531
16.697793198
59.1455211863
18.7057833943
43.3137500672
10.6764839011
9.47302172183
26.5848614616
0.0
141.885829846
2.16091873798
172.689379918
49.6843994943
46.2977248207
16.4224933889
6.57036736294
5.14375025215
36.3112675745
270.347683579
21.3452858912
214.603087023
13.4079225874
42.7696197977
529.469623096
0.101946877922
126.357786775
11.9753307875
2.07787349694
503.849511191
97.010276074
460.197001539
25.6769660359
67.4995934993
10.7239618238
165.789306064
748.682803725
22.5962823914
49.7132131227
18.0431181132
20.0976685858
41.6781245846
104.007725023
282.288410517
7.19537271589
385.053306212
1.35868542448
4.9288036152
7.0666272718
51.8558012561
14.583185644
2.61292717374
1.98409731479
26.5528002342
1.22079876483
19.7033073814
4.08170667264
2.97513667859
3.7609722023
401.748882253
108.299280166
43.8565714272
258.496968238
1081.15144713
234.327271155
183.202335932
4.79482723387
31.6006899191
10.2266103739
478.201157865
158.035524922
387.871808514
319.737915701
883.978988582
27.492483121
2.65076099654
613.039018858
577.568382402
29.0856912484
5.68461764804
32.8120983762
9.24460765392
7.40333184524
6.13896778593
0.0
4.50194174702
87.6039734763
140.150231423
181.513282512
464.59582967
37.2848469815
15.0475100465
482.55837349
1.17097444011
2.62163247787
26.5088660013
25.798222263
81.3049509954
9.34412823232
646.111135469
654.703945078
1966.54031665
19.2901596864
491.366075688
77.8680254854
54.4835012452
54.1082261469
363.456305553
218.451931216
84.8638670847
14.7993589428
9.52870441424
1.28209308266
4.93107011967
25.3156636028
10.9212158612
2.94334099291
2601.06257503
40.0865825554
69.2435235869
5.1846154806
508.038586023
38.4488127648
5.9472478263
169.15355421
396.244378276
16.7072493037
625.540670994
442.15086612
307.202553863
15.9985407302
0.691923045806
51.0894666006
1.31042380115
5.42278526998
17.146225045
1229.48094568
39.3815433927
228.456159784
0.0
13.930958738
168.318305598
130.142761132
5.87956405729
5.72869757651
164.946501262
4.89665661547
117.799817182
21.6360376444
161.342098813
1.17311639847
47.3706908604
193.827806446
15.0009791443
282.379742775
3.1211012119
1494.01585365
183.168770752
653.226651795
10.8351462643
0.0
0.114944323506
29.2893500115
134.858479252
208.743338723
2.0833159276
54.7723542576
50.3755317897
0.0
126.692613757
338.571887606
65.2707477749
329.075212696
2.06828932015
158.364537011
1549.01165071
0.0
76.7457121562
21.8925744623
141.082931503
26.972605272
3.4052790447
621.569865596
224.370677954
48.5258914162
209.321055322
9.53050445823
341.264876789
5.96106774631
76.6387129355
28.2447710886
31.4518056016
2864.5270913
9.71623092936
12.4868205724
0.0
6.53398227007
15.4457415806
301.500799374
39.2831648788
0.0
20.8666880327
0.0
2.35874380766
3.78856504375
6.05762271699
9.08369758563
88.1159649707
7.55284476814
91.4593774903
26.0566249228
5.93670252943
72.6719670358
26.5003475163
2.166156725
10.9391998517
326.172250497
0.639008567239
136.344574187
59.5570427318
46.3867882246
4.56015531071
5.88076956978
869.857394377
387.880677138
325.425528331
0.0
174.958184973
1919.52390899
5.18345461674
205.81254164
121.913178545
494.472914019
28.38372344
604.847070351
0.0
5.58300798463
480.398662614
8.20099337598
1.57846703597
23.0922485593
57.3751050729
189.10212346
4.24112806225
4.06877385005
0.467963264318
0.0
505.551090896
127.146905148
81.3649540284
0.0
43.3733782868
11.8516224116
1.63902465173
92.1318384417
1224.10313214
72.7878348807
91.6546810884
41.6687037278
45.7515101662
211.846585191
2.64619273868
0.868238059763
0.617499686489
99.6502462064
12.4153193472
21.3488013818
52.152444276
7.02110096336
7.22525203619
368.692632349
170.078587653
110.690786655
516.10053305
111.292928394
693.705780235
102.250682344
68.2479688386
165.951748285
296.660606801
7.48408590758
18.0806793444
228.407361202
5.37204682368
208.434841497
25.0412614658
5.78200801774
25.3156636028
174.984260937
12.1403720272
3.05574504546
6.18836324899
44.8655548327
762.778135149
234.543921487
3.45517151729
1.27252888025
207.404368011
301.914271359
215.596066251
18.6421015508
20.8157427929
281.874576644
302.937880709
274.294311754
23.1003887062
0.119792222664
253.923702686
3.20194104656
4.97588792518
843.165719339
521.075281261
284.475964502
441.176890751
25.9665510505
0.0
20.4075581436
0.0
21.1125984811
6.05106524603
338.435820965
72.5925959055
0.0
76.3446947839
12.1316185495
271.214205017
37.7219192821
30.3888502505
54.8312704495
6.2132477997
21.3259025192
43.5606698092
282.739911369
6.96182405775
64.6819406956
18.941209644
926.307090019
310.561313755
84.9673179158
64.8857475042
365.945977886
577.210549636
1.58002268758
15.7220506832
87.3185736815
2.70017760894
191.250502988
34.8658651481
37.2506073719
1.1758376138
784.487750179
23.6615759198
7.54800979358
10.3304418932
239.831306321
8.69499735505
45.3855877768
2.05184100694
48.6652996536
410.685170101
10.6493739696
73.5773480399
8.01677320801
36.7758892428
55.4585928301
20.1083584032
18.0136935037
1.62869554812
0.0
294.177110076
38.0664643864
311.08843878
1556.9164405
448.354083257
23.3551501542
292.205106659
4.87868084979
500.04125611
18.0500092737
0.861048458464
396.222515731
375.394344175
259.475423744
2.33235765366
62.3578841586
537.375616051
551.852957464
505.672370623
594.077037036
197.075263226
503.454957293
147.195288716
386.619913166
302.762410494
2.51471902948
11.019022168
3.61136998218
3.84635797053
306.592118057
11.6075766301
93.7322338204
140.019136052
1012.18701731
2.63215192556
69.5634696568
26.1961259822
149.135812512
209.828805199
191.78858807
7.42661962065
0.0
37.2489718228
227.166122773
490.360966137
0.0
7.25357100505
122.997654526
4.09456547255
116.527002786
29.0217826369
21.3979736017
2.21153146318
5.81024943904
35.2130304211
26.5335860572
76.6867419161
5.56282563761
11.4608225214
17.1714609097
1.77380235812
1246.87611846
877.971761222
11.2368545151
11.3840163362
24.38469307
137.026975328
185.145697264
110.343251268
84.1557083941
99.7787519579
26.6378440882
266.349540306
703.918634138
3.48166694289
3.85295774017
343.889893162
10.9759115844
20.7290868892
91.026928671
108.373782248
155.74379868
56.2199938142
433.896940641
14.9860406591
14.10958843
12.5631215233
1.38281447371
11.2377145884
0.829907227424
111.582222018
2.88248258652
662.486202634
5.54277371153
2.37391963546
26.0127870368
35.6303069375
165.267878438
0.0
542.481337436
7.72636219414
116.427700751
797.628231112
70.5985760244
85.5320100454
37.3167789629
5.08212224471
7.11012324343
438.198802564
0.307306988139
35.3548167845
10.4021087883
61.1904675078
410.378515217
61.4142357703
10.068709387
95.9980556443
183.432984781
1.47166168422
63.8369152135
3.13734273154
14.8878677638
0.36661209286
4.18600347744
3.5806928617
152.709281699
1.5008125272
11.6513910168
0.389406383615
2.96933705904
161.641307953
36.7008208284
0.0
189.258741388
73.2975516458
7.81396159349
12.9394317644
30.5562449421
18.675006402
21.9774079978
74.7900007832
157.098935714
148.010003667
109.781295629
42.3631411953
14.2846709073
219.755716473
123.770858019
73.8500782038
0.0
40.5781085367
0.0899458013354
55.7087942453
21.8743637039
538.130339718
306.600634192
34.4894973338
116.21173072
0.0
68.028673662
273.735114929
21.0631818689
15.762037039
223.059403479
184.174847297
125.237817499
6.04620559724
52.2682604224
32.5081470835
630.472509539
62.8211734184
19.1933849976
164.673854521
0.0
20.4889725354
180.834159518
148.925909994
280.914691436
256.990974123
45.688526251
3.22795121226
63.86756296
534.188392597
396.836477603
10.9662063864
39.5171341739
274.0903522
1248.71277901
32.8925351984
17.5170858056
42.1027963209
144.397670215
15.7581396854
0.0
125.100741564
12.1672481409
1.31577223473
39.7224273111
275.837586285
109.092267693
0.0
119.145083349
2.59229011585
0.0
93.2844681776
77.0604284637
499.803934645
634.260782018
39.3972197551
2.93096157809
1.29625374205
869.362429277
0.270165218806
12.8254838099
40.3283618325
0.624846732888
95.1532134565
397.245772592
559.720894527
590.041499377
60.0347346935
4.11081874182
4.66278719232
116.993583118
766.298136449
15.1336536662
624.7321904
4.74561976498
142.566638912
68.4440514375
0.76703845859
46.72406853
38.9999035175
124.384720018
3.38772391593
1.11352107778
199.250816133
77.1215947106
16.6721707702
4.6573788356
182.927822174
108.106993875
62.4345129243
85.0272645505
10.5800523016
0.397069495177
707.13790002
14.5957554029
1.83219216632
9.98703767818
500.061611177
14.6553483736
290.125160528
0.0
144.528765586
4.98021296562
1.17772695501
641.618002423
0.869793711359
103.609052878
107.81900681
77.3516325779
24.4412158612
173.063375481
0.0
2.07596300639
239.508845829
71.2317168242
3.60051449495
11.0230898914
1107.79815515
0.403644590593
69.8179561634
0.446609478741
28.0144195059
2.69545073102
31.4185893852
6.24868352212
717.249873911
5.8537371859
38.5540695147
856.47980582
174.030823929
13.0818291088
3.00547423464
1.2032260116
91.5301102894
0.0
4.12852074103
0.0
7.15780443483
8.48329714209
23.7246620568
447.738186221
19.3413669432
3.34694680972
17.4031601754
771.262670702
7.88574128506
520.226135183
1.82805394507
12.7169430372
225.87986092
35.0246908313
107.309865777
199.121158917
10.8653369499
25.8422880918
13.5468537895
181.049740635
862.432217611
128.79328272
212.567934021
433.216809529
0.200198495821
0.0
50.4299925201
660.760505628
209.990254576
1.00329893234
482.676626511
2.49806862256
11.3662344395
45.0478257364
0.588695457733
1024.40911862
305.008313163
0.753406532744
358.09741127
310.43807184
424.925604809
66.045643214
121.995598705
87.6722705763
859.919832058
0.0
446.800318653
21.7482901267
584.177215719
179.324077703
80.4739134532
146.605055232
218.596954603
10.9700696661
10.5662112322
88.1819908663
25.6826763582
110.495473657
8.52454423368
12.5721276181
86.9527429393
0.668450801146
0.0
459.570308939
167.245814244
0.199454743963
190.235239403
15.3417996147
80.3317981001
6.19698513073
6.59445411348
42.965628374
13.9253200885
118.052967755
47.8897861837
174.726925144
53.4671766681
3.57891631697
7.77835315143
11.9301311188
60.7545701708
23.7589110661
2.93095570327
2.35573002643
12.4400981512
226.877289735
56.216268005
183.192979698
40.8106349765
0.0
10.4974923204
157.466761544
42.7075370795
12.856398273
15.0694184148
385.381592172
23.1365611305
275.380286989
313.758954436
42.6945842825
6.36741357784
371.082987373
548.223421372
36.9175463601
305.464700687
0.0
644.008974302
23.3130711885
566.376738131
539.146199009
120.256437795
6.05909259625
0.0
11.5680884588
2.05184100694
201.241999653
116.479502539
14.9586722357
3.98980338222
10.3254459486
21.7859900037
18.7841217318
202.36726214
634.125204161
439.786800904
200.860991908
427.457757947
369.801199781
0.544738900441
70.1934592046
81.7848789124
456.710708765
87.8897375097
297.953656419
1072.65797481
5.33882003253
32.5940498358
6.0640697414
102.940504555
38.0259669216
8.8089476595
130.867809922
421.574324734
4.53470677754
263.657193828
19.2530778402
2.44827484689
258.379450745
0.0
455.564635326
81.3112229503
340.774005262
916.570505198
35.364666503
0.310640359421
0.0
0.192319190986
2.26231690798
92.9540896073
295.835515749
121.725234918
11.6896819004
14.3259285735
0.0
5.16944082778
1341.70184141
1.00306628958
388.641411918
884.333376355
21.7397187684
28.2401746316
11.0892708822
74.5643561042
0.443734343201
33.4085274432
7.9843547917
24.1530748768
2.62593049415
662.410956799
31.6028130781
433.079164911
1.19841688624
21.0684504048
22.3161264584
589.367677817
47.3096902834
0.0
22.8709383205
224.508227399
156.235242414
30.8743427945
369.767025969
130.952983022
11.6326280256
342.374426491
641.044640237
2109.31592986
0.809207896488
4755.13469413
451.049771331
10.8482294822
5.7608011026
0.778039641288
0.656602469806
234.698832192
84.0866616675
65.126663183
0.0
57.5304199652
260.849030029
10.0899774002
58.7761737786
115.363323694
192.726307593
27.8525718169
224.812786148
23.8624312202
0.0
5.51229280993
2.81337241188
37.0222908259
92.3905324924
2.28735420395
34.6739736439
79.6534999303
52.1434240817
277.873622859
46.6903294548
20.6519669887
4.26445578641
97.4601261019
21.5773047469
23.8815948738
720.268615833
29.0245355763
28.7926706407
11.9900084307
14.0514042404
44.4130611371
27.6668782448
0.0
1.50388975645
114.373080955
5.80766921927
158.706277478
5.81129045662
1563.79349682
533.07598421
74.9574142743
4.08170667264
2.26943836139
61.4863362269
48.3609230243
105.66699547
18.6733309041
6.8705517227
3.53344170691
2.15176107293
115.21833673
18.2049035293
1.29498360657
347.300870779
38.1055753946
277.480739758
58.3447084037
32.4020843087
24.6938717749
0.687675552964
21.5231859308
523.174144304
26.5848614616
20.205968491
10.6610989298
76.3527009848
18.2028896418
29.8036033105
5.5058822094
717.919762867
95.832647816
267.304531791
256.326991708
134.350856272
86.9421353694
132.18507436
50.1515226597
22.0568449259
10.4434299026
210.272926105
20.4715454776
63.0267661713
84.7877776272
142.936214263
1.68590686799
434.958274543
36.8095272711
58.7949402947
429.414267119
12.3561105895
1.31370077419
71.3011783129
3.11916252222
43.9160880253
297.64026547
520.780528758
6.92820247888
550.860925255
340.107719919
471.692701676
1238.87952525
277.268798678
0.0
26.6523184628
554.905422011
94.7807594455
0.0
1626.10118302
0.761678275368
1308.35152048
51.9456518853
0.0
7.366154827
0.78717145715
18.2252468462
1.25126556686
280.120171758
798.409457255
842.815180746
2.15181864614
10.2029501351
347.383779724
150.579681611
790.692243325
68.6864475702
158.667219343
130.55292207
2.16165191517
265.608835128
10.3320269188
218.404387495
405.069410011
49.3832305152
1.77506074396
0.308085988901
152.138513834
9.10061235931
4.68127289214
1.16937178998
0.0
22.0789095644
0.813183972772
6.40625199439
208.891965724
41.9917305518
54.2683642641
1.85054157037
22.8883806528
214.786276748
116.90788246
22.7103678166
4.12029364702
45.0993972316
237.139098489
1.58452867236
16.3757897671
20.0755252248
13.5736511807
8.93280408069
2.44039319213
26.8032930402
100.460428147
123.376046802
1.02825750575
100.655649498
35.7579714153
18.3583655042
14.6592762764
6.26671803597
0.0
441.839341013
268.643060717
104.745597364
150.499879269
1174.5776488
10.9391998517
621.970800721
3.87695989334
101.176054906
445.980601883
314.716024432
118.84470042
0.0
164.544563893
120.584205596
0.0
205.032055725
148.345851692
2.19036214685
11.4928508498
44.6533341109
17.9293252538
0.245965671775
162.989908667
1.42389707043
5.59300574856
55.2225309253
328.973014376
46.9548407495
15.055721866
87.8488511319
194.650001213
43.9347828687
256.937498012
1794.94397232
9.79375266728
10.4195276213
22.6891291774
54.9330763316
605.659583419
829.397377891
853.845173547
601.26298537
13.0291507979
15.7431976752
71.5282740719
209.838552695
173.812024587
114.538988143
699.265800061
1.23917636802
0.686512339161
0.30473969302
76.7350305636
68.6490837328
0.0
29.2881374492
25.8615198936
429.523254379
215.115412206
126.679964101
79.3495462878
419.62043338
173.561935968
0.0
496.448052238
31.478276353
187.207626508
2.73305426097
1687.96185085
350.464519767
0.0
691.570330006
636.140490881
29.9387605301
2.02043893402
4.73963450121
13.1544594738
5.99635189843
52.4321560728
203.305302429
9.71838463733
26.4101725972
11.0514370594
19.5043179229
347.458277106
69.9334021963
16.343363126
182.48203752
32.5582486997
30.2398825107
30.0208564006
31.5189735618
48.8528661174
36.6066005101
17.2172821341
85.7728904755
1.07520551997
352.422515269
15.5861649863
20.7739505183
14.8695218847
11.5522652261
20.9509082372
2.93992772412
7.64854201553
2.1483008056
65.5165031281
12.1183485124
166.098908931
10.4021087883
42.6720602332
22.4638628367
309.484754678
411.459111469
876.856241532
19.3268020964
536.804862284
210.365905663
106.771821818
99.0985385977
253.947528594
46.8517647318
411.306265175
243.828797489
0.0
46.2112416366
3.41801212351
0.0948559735551
11.2977516953
138.450350716
189.533199921
226.13473164
2.43262903372
105.0457453
126.459999195
88.9747974479
8.41256786784
718.955846805
2.46212649091
741.000908022
16.428854641
2.01190752447
130.188831447
106.073268454
400.573002341
648.768841675
1967.26701039
2303.87987675
91.1947205002
5.16640354729
24.6054040776
590.858200015
238.337326207
26.5003475163
99.783054674
11.4461766021
188.921181441
0.406667771527
493.5969447
562.545405593
64.3149255903
0.0
0.0
14.361072905
2.19998862232
72.8243868182
11.2459428574
303.27931921
125.520309259
27.4101311084
45.5341783535
3.5034601648
15.9458847436
39.2985568999
181.13714264
7.55905679986
0.29352936683
452.149456039
110.742328776
57.6731040007
193.069932701
1.81677312108
685.177177678
116.743879888
22.0945694771
3.71066026776
23.8037453211
49.4043081843
616.262998694
16.192923157
74.322610901
18.8920632732
1.6197998999
198.31005463
4.0254940717
5.82640518632
285.451278155
41.8362946382
180.376377312
451.654462741
41.6831017298
10.3436355577
0.60928434211
0.0
240.564121619
59.9362433831
8.36037951667
13.1849474252
46.1699910202
467.894380911
179.724121032
2.03849694713
8.64222857195
425.144811863
682.215467307
10.2138103222
7.51795775366
77.4207744767
1026.76724557
18.2011929946
5.39695604867
15.4080616779
14.4427516637
4.17809127364
2286.22698985
47.6169044494
17.072563062
251.328403488
734.719809608
79.571300663
55.7519236281
6.6885111119
32.1668860019
116.484893271
27.0748987642
109.038947852
0.371022905618
856.014386351
14.5989454286
52.4070330045
5.38837764056
338.293209777
1041.60546408
517.920344627
0.868238059763
1.55683360911
8.61205198591
0.718839108312
0.429514935637
29.431998798
460.757737568
1259.90774608
1.14638010537
670.839632241
90.1570503622
77.237570652
209.79615649
465.363553132
623.003645283
0.666535610735
62.9269824013
25.6043051216
28.9834506295
1.0703000476
150.773787921
50.3518245524
0.919249097555
261.04730981
5.46781456888
161.698447601
69.9303437665
83.2832510406
8.70262991754
75.1223650417
51.3281310495
2.12958833783
572.377007358
762.373706857
6.08814356733
10.5413537057
102.866278589
522.393869883
156.401241248
553.639645645
201.204834384
376.40526392
100.11356484
218.44022623
105.574951184
537.074598642
306.269768012
43.1428892334
224.777591293
55.1701592798
74.4875381694
134.442848859
76.9557615455
724.600017511
39.9165911948
89.8924015967
131.835367641
269.876786431
278.427228033
193.361471681
110.875479158
1.38344190419
0.0
365.032421487
226.308391236
0.0
116.994282221
54.2817106739
3.22088733205
5.00555457711
87.7542336759
35.1644456828
696.33765722
63.5195270391
48.308932067
39.0423173478
97.8347385208
395.821982444
19.3236343949
55.1761163445
5.01743463248
409.573000231
15.718230877
580.158477687
65.4886200707
112.739434111
12.7067831283
25.267161112
49.729499291
10.7465469711
97.3151109391
127.569841463
3.10716849541
33.5426142712
162.042386425
1.51601302924
76.4259681799
205.613887046
3.13735448117
292.417139387
414.48223248
47.3891319115
526.808621117
51.8865805984
109.746609533
76.3707672227
181.553963271
15.0370023485
462.380010765
366.222444434
7.46995697221
0.403052409019
21.9243877724
51.6820382628
0.0
38.7837666425
36.5688454099
763.157886859
61.790558936
222.531528829
575.747297166
429.801515096
2.19817565373
403.87142786
0.687257265982
1.01009139599
404.699054483
2.3160103873
0.107975615337
0.0
691.595564695
25.0554538492
2.94889739502
13.2915142593
8.73230714415
60.861426046
0.149346078095
78.8599554715
9.20108935798
335.260754858
1.52128156531
4.72874376508
4.43964401042
7.40531400856
23.544197072
37.4364525143
0.555928077291
144.125520482
321.266472639
111.334811141
12.2609385507
58.2780644773
279.364865308
90.06327653
699.510127833
43.7084402614
3.94592202259
12.1477225985
36.341847173
487.901477439
48.2449952564
0.608272698586
1.9222166902
25.6769660359
111.036168333
30.1765566811
86.0303590394
85.1244422519
56.9934405234
37.9168480668
66.3498259743
49.9620210312
140.766767641
39.4860892899
38.1612533871
148.424873859
83.6464428148
74.4999399085
86.069421874
8.60869981519
599.222218393
0.407990780361
0.426183914281
143.919932429
0.0
286.920627512
73.5669907372
147.038909307
77.1018576748
649.702478199
637.799231418
7.06276634193
44.6397139347
635.498919718
2.60262744422
49.3743842154
328.884008545
3.08762415354
57.7254074982
10.2417944264
0.122573361128
2.10372621753
39.5643148307
2.9516973329
0.0
0.0
38.7058653915
56.8835920164
505.822613199
20.5505335699
0.0
1229.07877332
5.10777639647
43.8847106266
5.12592370681
1.67138079496
38.0551694629
769.218963967
10.3161519878
131.659165424
18.8457415145
392.742682906
661.109497969
60.0269200117
53.7290419452
33.6117902438
1.57926483615
395.811271477
173.267417282
363.146343146
54.1748559737
0.0
39.7544626895
1.13255431056
0.0
262.720884262
157.463597368
10.1181224745
5.35737975507
40.6955590572
2.91805460469
1.54609679317
695.920516999
26.7147430954
208.730407076
72.7213707236
187.509744857
301.02624809
111.231014871
2.02973876965
19.0371113351
38.8152063143
5.00245032372
157.860309674
9.27250246098
25.2801092091
3086.56041096
4.42369858156
17.7414157006
49.7292725231
25.0715332239
3.27447153977
31.3011694137
0.0
10.1918690549
209.471830156
183.627643324
198.624662841
159.595267741
40.7685242868
7.2472121029
197.055602563
3.90471370478
695.470480152
216.654718885
10.6493739696
27.0735123073
83.8774324025
109.451276597
178.221902073
81.8810320457
91.0309576206
3.41112213789
42.8805610208
557.74745413
129.181478891
28.2131539973
832.297177087
943.639389324
700.589254206
0.0
1.14708860832
3.47217441325
0.646999493602
83.0538135796
129.715589072
21.5364947417
57.9352324696
1281.42996854
281.453281753
73.9557367913
163.702101007
1.92843342176
65.9728319045
19.0696766218
3.22332068134
8.55027710803
38.0360915816
104.213123907
82.5930587159
8.63655232355
212.143351582
240.658373661
99.3666253062
9.76089833953
109.200309106
34.8424880755
0.0
250.170339547
394.460041196
4.38833100702
2.94146340133
23.2473014349
1.18016265422
1219.65063403
300.306665229
79.2510526275
12.2391993771
260.797326938
4.90709381571
10.9389989329
72.874919646
3.30726241949
200.708041042
39.996930495
561.203364701
9.79001745848
0.408687533683
131.504191271
47.1205517184
93.7657731518
1.90853659086
118.442471661
109.007660925
13.0762421576
5.58171434989
41.5554454767
13.4219011274
31.0489082878
518.308621871
2.35521186756
85.8404344238
20.4985907861
2.60965607552
441.759663217
0.1173870725
267.643590991
110.205786421
9.21568357891
74.1483520731
4.18342913256
15.9315031911
46.6047016441
917.199652296
138.117992332
39.0816492489
423.665885381
107.451319626
54.6634633456
329.615467936
59.3712257886
17.3145585323
2218.04329503
457.41892268
18.2879205712
1.12697440918
556.371420371
354.911326354
17.3352378889
14.8178199684
5.65027464164
3.2529121356
561.279134567
62.0160050462
671.62626674
111.997593918
11.7623674888
9.72798056378
331.467697928
557.794103705
2.88992362999
2.1802081128
3334.36790255
344.595505706
142.545370899
0.899084374978
19.7513904103
1.26094961553
466.500804946
177.504783111
35.5382274026
61.0957266807
4.01156135521
79.4809236501
151.937109825
10.709621395
0.431708592381
116.040137885
6.7779434542
1162.0651964
10.4075124451
587.467954627
2.46586992443
17.7985565227
430.058856764
155.064682735
612.444159542
3.04485548428
342.039277569
85.8037849641
10.4684401743
83.920289194
60.3997288617
307.124181452
389.768297029
1.16309396032
53.2540206755
11.1175769264
60.0428019925
0.0
5.11840276583
52.0197967784
8.57242046901
214.200234357
74.9046490158
3.76645223179
75.0564589923
9.03059276299
7.95351905118
226.115274245
6.1199815517
57.9662092057
14.9287682412
58.1567882758
1.08509401228
1575.52760526
677.402978023
39.3483248264
2.04237902635
177.118829945
47.801297337
499.537348364
10.7585715469
101.45922462
2.99171188785
0.277292547039
1.7969397382
14.4675480921
281.04956079
32.0244534087
11.5127230065
27.7967340293
68.0348198958
23.3110079527
157.548601273
3.30090704224
63.5314576179
45.6047454827
0.768646983539
11.5223071832
754.788422524
0.0
783.450231611
367.454426501
374.789558768
55.230125889
504.167032136
7.11760071077
32.9369065178
5.12657463655
515.08800478
270.030103885
60.6064977531
2.06220770938
477.183012094
0.795027262716
31.4650850384
50.1639725723
8.13213111864
80.7163436599
11.3168166521
278.055836189
0.0
271.556783232
52.3324698245
119.43205172
1.28002279708
97.7040837611
23.2396629976
21.4209664614
311.981741159
138.751264728
93.6809078924
19.5279429128
2.3085129456
67.2083470864
0.0
0.0
223.473657989
2.68613209596
11.7261257414
38.7827244501
782.579151315
31.3910811411
18.2879205712
248.178087985
839.188524488
12.8161898491
331.792417874
2.10794786118
0.0
6.01393992618
11.1416554522
15.1694900512
96.0320414618
0.0529802765181
102.875813418
0.276994106325
317.03167528
4.2606089561
297.495601621
662.260232489
4600.8192139
44.5326371665
564.060063889
41.9596047014
22.8225944497
5.6737433614
1.01070120202
91.6244445792
573.723742228
562.422013282
333.113472745
1067.84489452
7.87802765009
44.7081109066
98.1598485551
74.696548891
15.7942545365
154.015461532
11.4379976815
17.1910052516
44.7047011626
85.9733133892
47.9813757589
40.5649512961
74.2472886947
2.20155837348
11.1899429248
0.0
34.3857057633
17.8784328873
141.622406567
154.43267695
8.78567750851
1.13543649588
10.3663628755
22.6043085667
106.406276592
153.037758003
34.6708353166
78.7894153664
3.42474113914
58.1011525819
98.6484430025
910.994246202
12.1071393612
846.613996169
22.4332256648
0.705242431373
32.6622200396
93.1947185951
2.02381695391
0.309436021894
401.290919102
127.619988903
51.2987428639
21.859834106
0.523012651453
12.770685865
140.879806174
54.7940734566
236.549271541
173.225986896
195.720881692
49.7076320464
1.38250780825
79.2200817662
202.895846468
48.6850390396
50.5822372331
233.929919667
1.6197998999
93.7782876874
2.10958928511
7.01724708327
34.4270844508
11.0075697993
164.86846724
3.2844657788
3.69008900784
0.734101883409
4.7971536615
5.62022730157
3.40397013543
0.0
90.447046614
11.1400222531
0.931073929625
40.3685961057
161.157138418
1268.959084
3.12006136925
106.220412651
32.4408451778
0.718379697606
47.7073507852
7.63816591337
786.882121227
40.7445902815
435.138774776
43.1386123665
93.9941801699
262.098249984
176.219092291
60.4181276141
105.125122305
161.076781494
8.56527316642
0.415854810673
118.908686579
287.658884065
174.998919781
90.8100433443
0.0
34.6473795214
593.332762319
881.019510641
1085.15143627
4.81931229704
135.430348058
60.9230716779
87.856852633
35.2433209786
23.6944431721
0.0
44.9798693758
483.058375658
11.8221026301
11.1039990489
104.059142598
110.05491054
182.695925514
0.296417426968
27.9145064897
45.3449234671
7.66338532868
12.4434491469
2.9516973329
12.1333739449
0.0
380.656616514
365.362420544
21.6380045332
42.012421658
74.7440714623
1.96014098518
0.0
1136.3895146
27.3200407866
1.35738356499
5.85628685657
38.5841297793
52.3533230757
174.967831423
66.4072440878
1.12575479712
2318.36843319
0.0
44.5587401542
55.2720274352
198.926393452
42.0964726677
11.0320666121
3.89499205727
0.0
329.620819894
1.95972622309
23.0103230585
250.352378983
15.9512684261
1.90016615131
253.604582615
88.4265618564
2.34484399016
279.833278583
1.52224386037
0.0
663.532155089
0.0
50.9590856075
14.1197894626
41.4337709627
41.4618267397
39.4100021822
27.6195718666
130.139850746
1.79893012627
1669.57037605
504.321585652
12.8680832844
0.0
0.348881894535
0.755392220961
269.193193876
142.379254568
0.0
102.18844453
514.871132378
9.45732538521
3.66928275521
70.3378857108
229.424685673
39.0277595507
1.1945712309
5.1853392581
261.381160397
3.59611543182
0.0
117.635386924
102.508599744
17.0348725847
42.1527357921
33.1869880865
194.448370437
250.623522946
8.81920039047
80.1188583007
1.51707872108
257.548926662
10.6878504974
584.49791259
7.6757576937
16.3828031239
0.534528468141
68.7860315968
0.0
46.0286252938
269.238695509
30.142331171
0.0
1.35707454961
6.84742256738
14.5500035015
25.0917931185
90.7340349594
61.5072353016
10.2887988389
111.935458327
210.651397105
276.917121546
1.59760954036
1.21227088018
200.788797454
538.297216251
218.442537383
83.5268726603
372.660253596
0.364672228219
43.167618689
159.268526858
137.040559081
0.0
0.476694417646
82.7973178856
2.33649822484
10.8922212884
0.0
91.0256585355
0.0
50.6775443926
2.39363787193
24.45796849
71.4722694395
32.9801510472
7.4575634578
456.48591006
5.48245226343
81.997651867
131.177559659
555.029455852
335.113734031
44.4402239419
709.608158433
1011.23497146
5.93739693282
1.58069594162
2.61071354261
358.663962191
29.5324922461
0.694789956602
31.5971944029
355.81425051
3.21434513562
7.9556292855
8.30390137401
368.966391781
5.37052172114
237.195078447
95.6746363825
249.591638328
9.27755245383
184.070528168
427.65352448
47.043558714
1286.11667446
10.1181224745
1.37769985786
40.6457664565
24.4641816966
76.3559427088
46.6380741307
549.767816817
562.074140681
3.97178061799
158.663907121
2.26344957274
46.1201514209
19.5694097225
4.98614183113
18.8213715978
2.99373517489
232.022447594
46.1805774408
0.654420562694
1.66500544334
355.968607807
14.2289306417
3.07897407269
0.775549893755
643.026835287
37.2263796257
28.4412672746
152.670223564
589.429356347
0.541552399588
122.723131368
84.2106731838
14.778907529
56.3827791241
3.01324544283
25.8427733517
1040.76249361
9.63125287343
47.0118676001
2.70128912436
6.47639378691
116.393798356
14.7653143771
5.56275866469
34.2381973281
4.15519828595
15.4677603955
20.0710027905
5.96320735473
11.1994777531
123.356628181
372.093299662
1.5618859519
287.042269127
11.6656350986
721.824955958
39.8811448977
27.9066412845
0.0
42.0843435201
23.6087577882
40.1691249122
14.8910577896
485.177135533
7.24203521398
491.599237783
703.090382434
43.5252658108
31.9675863532
181.373989421
40.1639280489
719.125969762
98.4321451575
1.94989060413
38.6353217615
370.306018124
190.216753704
32.9395172865
15.7742695835
131.879870556
235.787915206
86.0998463771
4.25303866664
3.68120275933
0.360774874485
50.5980628157
13.7738496765
12.6905098847
33.7462906587
39.4721706728
1323.04802547
5.74298513193
298.098906574
312.960126167
0.0
0.0
8.87757492413
412.958370695
10.9700696661
125.64672475
268.71192415
0.0
136.886647095
8.17139252202
299.355902437
33.5433732976
4.16838725058
77.0830476849
8.63159985265
40.4595465008
195.270282038
63.9325396132
110.63132763
0.0
2.09003906841
13.0862269969
92.3654646474
1.78034455455
83.7411002196
1.60465344619
7.9017031634
136.243473282
0.65777860821
34.1698215055
35.6595882015
125.276457346
0.0
354.304879549
201.186879768
0.0
14.6773260648
18.8189382485
7.34328298867
9.74726641367
549.308979494
49.0525018058
1478.8441112
16.0227602516
11.22930655
4.00307811917
17.839715492
98.6776396689
1330.24674918
10.1619380362
228.517719644
41.2564349055
998.170765629
556.78090688
0.67103454575
1.22817401035
42.4092949343
46.7491011261
0.863453608631
0.0
2.33235765366
121.755134212
22.1534386705
1.14969937709
4.83130162399
603.484016413
15.0524636924
1.44468099874
96.6737230709
81.7100631154
0.429123672811
74.8836018957
83.4842144378
278.090763152
29.1527828358
0.668576522234
29.3662701682
46.1689335531
104.547760545
255.24203399
79.8210873158
21.4141046749
26.0452771259
366.101806237
4.54631776627
124.68964888
263.863654879
0.731261996772
140.377450553
515.065993015
152.081470533
252.01481478
13.7578960228
6.80777342606
215.30411251
242.315317681
37.6941384465
16.8054950468
2.2417409482
8.77421691515
63.9595943214
448.04144311
36.1558234361
21.4516741309
258.353646198
187.758309548
43.7997501952
531.817678261
229.239526709
5.70127745466
5.32836168297
649.438506213
1.77548138087
3.58360559607
60.9704826276
689.821037384
0.0
30.3183042706
6.88059883506
35.2858699298
469.493776395
43.6230027948
6.91985201372
197.288718834
31.0414061462
511.022910916
11.5363973449
4.71964249826
4.8080808215
28.3300816592
5.30284970176
10.9700696661
149.776441354
156.143813808
7.57588227633
340.77375852
0.0
532.581183605
384.067231068
1.79453223811
670.719742497
341.35339501
230.073533384
7.76117518593
37.8856539624
23.810144172
37.3539277821
148.447696348
2.80922714086
52.8780229746
55.858148548
1.23507457064
17.3564495039
15.0187904151
71.1611015215
7.32400066361
27.3459463806
0.945941917004
752.081098787
28.9027271163
42.9640821221
77.7402423364
17.7781109838
42.0086782245
0.0
0.0
13.7590980105
146.457569121
52.5329514865
94.7303006406
12.7458142388
1.86938210915
523.637848327
28.6459188818
6.73390229952
8.08144084588
1.18554751167
3.9407792076
11.3897149089
1.85713664018
149.148538541
32.0806695345
1420.96521353
453.481581414
6.94749302867
2.00005331831
831.223710514
736.119718626
45.0415631812
35.5768226017
264.169603609
1.6591893743
8.34692736025
815.347656198
51.5646535401
45.2030642561
596.767399
660.280602386
1036.37057074
0.0
4.1787351536
12.3623989939
37.6358931587
1.12285851224
6.92562108421
40.0878656155
468.052791832
243.265211
186.77448681
19.6442255197
11.7760076394
2.67973559499
22.8071354557
94.1937512352
184.86719803
48.9476727426
0.796555890153
2.89522154014
139.583508957
1.46476347386
11.4698086418
372.753613841
10.715439814
28.7597998634
33.4609660616
0.0
7.0124285582
2359.88454794
187.417749919
113.511051402
77.2680550786
59.3161952009
376.4541283
14.2225212161
0.995787391063
520.056415239
0.0
70.0777899287
335.841567486
423.41235177
223.981866101
82.056145072
2.72475314427
29.4419507384
81.8512572972
0.24660250196
10.6795435059
20.0810957265
21.4391830946
405.54057505
12.8114429968
582.286461024
6.94147369096
8.30199088344
36.6491341867
150.91187785
991.336802268
293.689819837
95.7402522158
145.632455744
36.5205226885
139.454920958
385.193722568
100.823232184
38.5390758062
3.22723565952
3.50080122253
96.2496576157
33.4629259006
93.3001527645
11.1878373903
70.2612064217
0.492444802574
0.0
401.304756648
0.0
135.010917834
165.507639127
0.14157956975
54.5454876165
571.119697778
0.107975615337
38.4927011741
28.9851143778
3.95371320517
79.4717060619
503.545660946
20.5524393606
11.6477721294
7.02930690805
64.2193810882
57.6295727801
225.818870918
135.151834724
4.49053050208
20.9173160324
0.744485035339
856.534340573
375.18449453
1.45196107222
6.61373996339
0.0
4.40886466812
21.0537457375
164.12350517
0.564532334571
14.8858597513
143.778181315
28.3991013616
38.6874149406
1.14890980166
2.41157721374
23.5767494342
281.848061244
0.884295110148
0.37523397459
315.351912297
21.5631346878
22.7252863274
639.334358753
1.85440602513
126.615928593
40.8931338596
159.787074648
160.9303552
14.1588957708
0.187848455093
13.3258349414
781.474927723
41.2294295458
508.002616867
1424.84306287
6.66269011533
160.829539812
319.679630464
17.4762534761
26.5003475163
535.585069289
1.14651287624
1.55683360911
39.5239830357
20.3062680702
46.8882532214
349.438039982
11.4942948799
176.044188408
92.0566137573
297.058626842
47.3356182016
434.99803648
23.3980480695
145.589121918
815.014536438
26.754866922
32.5371980546
118.250178319
15.7838349607
335.300064434
381.267193317
34.4787487683
70.4620534974
266.253058183
14.9158318937
1.02588525457
0.0
642.018749554
2.94056337934
0.980932328279
203.106103826
45.5270698245
49.7380765241
0.0
1609.23917222
80.5916459649
92.2418479187
4.91962597578
216.486771961
0.0
49.9743816465
57.4467320193
191.478590416
11.2172161762
4.22662548849
112.206485969
0.644663666281
9.55838751565
114.799915799
11.013398793
0.121876607808
36.1499991423
4.52542456636
33.1564648863
1.86460353284
0.730339650474
135.97598698
0.0
148.037577708
468.586786866
49.4617157231
15.1757150075
56.5323096715
93.3497691207
55.555689459
12.622810841
26.8694505317
121.580400699
43.6479261192
1090.68983912
95.4608282852
63.8721570669
30.845980352
66.8983752812
3.01133260235
476.456051639
245.004166293
71.8209868391
1.54406175649
0.797655655933
10.0737922788
134.711245758
41.3149574846
19.9163141536
94.8641395511
101.907638843
284.191561076
68.5986507771
122.667955085
59.0871537025
12.2153863931
1018.61480169
579.770661029
0.328022768567
48.8309060508
426.679672482
5.89595127241
35.7328142731
0.94269666798
98.6020096223
32.5350337721
0.650604281438
25.1589998524
402.940364506
36.0424876376
879.707238623
2.41486711139
630.243900428
179.239756452
236.342174835
1.43399823112
8.43862503206
95.7270221275
105.55002081
414.183341755
1.28882444821
0.0
3.66029780978
66.9557898697
62.8600118351
35.1322528595
5.03295824944
361.178019716
0.647670397726
51.3054178312
315.970307305
6.82503598892
76.8911103571
5.8928693433
54.0996465639
428.142869729
240.720959264
76.1368331765
27.2937404049
627.668333567
129.228077942
3.70715652678
0.0
150.865316398
36.5523430484
41.2843344124
3.13376261793
11.390352914
2.82094270133
0.63633435045
0.80647845641
4.22256128995
1251.48519807
236.939942186
15.3975939286
4.11081874182
80.3394377124
236.630247672
4.93435296755
686.922488349
0.0
1269.13827062
75.4694186931
8.45937606141
377.25006851
17.3103415885
34.673869072
0.0
126.883058881
397.860545189
62.3847884715
4.37988654478
35.2532858435
2.86969898429
3.18072590668
0.411926907888
0.167088026054
93.2311965101
40.378707841
13.6010630777
31.8227497847
10.6774038975
2.55991517321
58.5605973612
514.749289844
0.928924921488
215.781771572
41.1730994486
76.8719290788
197.037931113
0.061436488403
1.53765233093
431.715830156
173.351409544
31.6747690141
4.24011994361
13.8742514775
62.416202294
7.24770206265
351.727758211
98.8099370275
161.619734449
40.6090617736
0.0
225.991322652
170.71887928
35.341013314
18.5123644375
6.3231151062
11.6811951395
3.01917078346
215.060892728
197.235145201
301.70098142
166.758070471
0.0
655.047687682
11.4481928393
145.907520561
4.44895559569
719.300927693
11.4928508498
10.8813423019
95.8307960735
30.2887081164
104.001352022
4.85301964823
56.0791227474
1102.76174838
0.493870033229
326.61003835
423.422494054
15.4545784805
19.7661808501
29.7307215033
317.821110892
5.12195703025
14.0271259708
64.0397103786
22.2733683639
23.8437164024
255.800971149
133.485503921
2.69627085549
12.2466204462
2.44827484689
0.0
24.53510014
365.58477885
123.334903107
227.029187834
266.117103162
511.624706041
95.1868808589
26.1101362828
250.4683326
13.853825913
3.99774143522
4.31259286362
85.3066038839
71.9008256049
10.5482307666
741.172418611
10.9017561167
140.436302122
0.265037678349
6.62716744559
0.868238059763
1.96186465656
120.45328177
8.20449359207
1175.03978895
529.186138491
90.0145684206
109.956091415
1427.55912598
49.4466808909
783.539666303
136.523525818
201.844276513
113.248821887
39.4056031191
5.15569610546
4.25728733445
6.4054095456
2.00363695682
469.438060804
16.8810886696
0.0
0.0
203.086940172
167.317660909
443.457530038
10.9899394729
68.7012685592
28.1715285675
460.495820591
914.374184811
31.5325925629
29.4755253187
38.9806411668
248.218952039
0.0
15.8680915892
97.7557163546
0.663339710179
47.7695275005
28.5602193984
236.602828725
107.055530841
2.49538735599
104.488540038
347.67027106
1189.50665321
271.649208206
0.846822001123
50.794032618
26.3343839303
46.3367712057
9.45311666616
445.140710991
579.009376366
259.67691705
5.61604325677
1.8568334996
208.085511942
27.7461506782
4.26262519337
103.963018839
35.7328424722
512.432001096
91.844698526
124.307422698
5.70637914593
320.18273101
76.1615826064
0.0
704.387878113
0.0
274.835343645
16.2171732275
3.30808371893
545.264167849
233.612715962
2.38460005314
3.27447153977
44.7512661388
473.670568159
1.70247620243
10.3712742227
0.0422105616179
227.354001777
11.3893365707
670.15707248
12.4622450371
3.84985701165
22.4332256648
508.401374785
100.171865351
255.183355141
128.099042647
178.435396455
441.248278004
491.798072146
82.6459050467
24.6088079467
63.0566090679
3.81995771697
5.12647123978
449.83192995
191.872602656
32.0916953915
0.0
34.5189242932
52.075730913
123.950912941
33.3011686837
3.83410897665
23.3928594308
90.5195183591
79.6655057068
3.83410897665
16.3841989804
1.37162882175
10.4195276213
872.452597226
558.156490629
10.2202408971
275.63124273
266.428338053
167.841713403
25.0315398183
297.093845197
416.826525413
8.32347039011
24.6442377942
85.497731662
431.726126361
119.619675757
47.9324608559
29.0994453704
64.0191508683
2.43680250386
2.69627085549
11.872016252
68.0669563208
10.4695176158
523.1100383
3523.59183682
1425.95871063
713.182148128
137.338923422
178.462999871
70.3629335815
12.3745257915
0.536250964544
167.875108214
399.434500366
4.34010698252
878.844782559
248.152711125
553.316790366
3.73742945983
812.621645843
33.318321975
8.0577148091
26.4531421851
9.90214656959
0.0
402.513627184
211.046678305
39.467959604
6.95871980434
465.934034307
120.644542319
15.4408290584
135.683186091
151.35605398
0.0
2.26382556104
44.4548393121
10.917817867
304.845247037
0.0
12.2331248161
365.892675669
4273.66635067
177.075040233
504.098100556
618.037376784
165.046107614
20.1136151896
107.579845352
126.618835453
3.75828506091
8.65904347375
97.5026926774
0.638606729744
77.259006685
22.9327120234
8.30399067123
0.0
42.2499193683
0.0
30.8315964494
793.796882126
198.001237814
34.4860276668
176.55769443
10.2925798712
14.9243832776
41.7817563601
87.0430494545
199.966132702
1.26513601027
0.0665464044079
110.530862381
38.2885395266
39.7089751547
0.332454730667
16.920735461
3.64242544089
50.0956531481
10.9225247705
241.724412117
65.2507839711
168.198029291
133.368506937
279.934508735
542.13219235
11.5634685025
38.0965281761
45.9644135417
1.42020298537
1331.18625582
24.6212602092
279.803590783
188.671986968
18.2664081655
120.950354753
95.9186398653
7.10714823599
217.158209519
19.8671031598
201.741094748
399.085755942
12.9167772943
445.939786003
1.24666323506
117.793146915
1.15148179663
694.528143023
0.0
586.481949982
633.755835604
13.8289719114
509.755790393
186.286892256
737.029639688
284.196529997
325.902595212
6.61812610192
52.1319552636
4.45179548233
23.2809700123
898.679574223
514.995700827
86.250678784
57.5942369296
2.08378356305
97.6228585385
367.355726047
131.378642902
1.06868212294
0.942370028146
19.293677527
37.8061970597
0.0
554.054860101
177.130270564
212.130915769
53.1769571733
6.25807500493
0.0
1.21371608521
158.828074188
361.957685507
91.0469159741
47.4825391551
16.7993323635
131.11020018
130.775192254
63.484789245
81.3975639638
180.838522157
4.06474725034
9.13186168702
688.188073194
5.83639707542
26.3047055288
10.8397133472
228.533763769
459.076339034
126.969873406
168.112788043
1775.87829175
95.9721136265
702.076552304
5.19280967568
118.729353085
88.8682940618
87.6570688992
17.8038520829
685.421539525
47.2045569046
24.1862781687
205.039703562
35.210271607
452.245013466
526.826757854
160.527885573
521.662912202
680.486405207
234.930651305
31.6314610367
1346.37546529
3.84843765582
68.8272175903
252.256328515
875.562215521
141.96878109
278.655536354
246.991965917
353.493657766
7.10597562247
11.3208279773
13.7798255406
153.387235604
214.897526986
11.4701247069
2.86578753098
178.46463777
48.4818737609
26.7536061862
415.882976896
25.6769660359
31.9084739425
94.8311888764
7.26408692787
3.52086842313
43.2995964576
1120.41092592
1244.76217594
35.9848521559
137.767275145
74.9547048085
11.6545493185
41.1422907321
2089.65844605
244.29154979
5.15529544291
248.501675267
343.258230466
697.179774668
125.038120712
304.024717192
26.5003475163
1009.78846927
282.939059447
283.100620446
142.805250488
0.0
0.0
20.7151529978
650.549363648
150.803767113
43.5449170743
6.2035097027
109.3732508
156.334139086
517.126878891
1.38143741656
6.44301307556
0.669999402959
10.3161519878
0.507356263605
6.72352619739
8.73439035435
136.21526006
2.79415000998
355.91965178
166.279560735
27.3229429462
14.0754921658
3.01917078346
2087.97696644
10.7588946619
279.812788396
8.06863374436
0.0
8.86138980272
287.776020871
42.083992206
208.09232908
448.908804647
0.391906705818
13.7104145753
26.8086473486
59.9444928015
18.7646831367
94.0450842861
582.228112339
743.178780308
3.90471370478
39.506108317
8.90227618056
13.6817724914
26.2857909672
859.703924301
123.098901126
2.68086590982
46.7600435606
89.1475652473
95.8523402033
3.23706187878
689.566729472
951.417998617
84.8710966349
158.833769236
2.01926867043
248.265423018
2108.69166709
33.3275043143
0.654821225231
756.729798168
348.203504718
242.69458648
0.698123327885
59.6663025823
308.494764557
766.652635844
31.4305270138
79.9115501011
1.75667726596
2.13654647132
224.515545071
113.959806364
165.904756797
373.243852062
157.685954499
35.9058217649
61.8926127356
305.452587989
60.169765017
54.8913428052
301.138377201
3.56182764868
2.65076099654
17.8876175766
45.3123969542
8.66702265049
27.2279612516
50.5108864031
49.9294851185
0.0
26.3525312407
695.232076545
59.8136277232
465.165710438
71.1040899454
0.0
2.90958311829
13.4869330039
476.870416596
0.344867044457
310.891987241
939.854177625
308.878316097
82.3793093668
780.331960887
159.52732313
286.275426886
117.964199268
0.822893870646
80.235287778
3.1756277403
28.8046681924
24.9360282152
5.41535010132
217.305432438
291.121612948
200.823242683
47.0205646795
145.123429858
201.421873631
4.24378230466
319.147348526
207.38398357
193.971338805
37.7204141539
1613.80082326
82.9881648471
21.684580084
274.048001818
4.6111404993
68.2808513654
248.845998304
62.8808932851
487.574851702
796.787040711
27.7408034196
127.479121361
250.478176443
311.355553794
110.841847005
87.6320504028
73.7343184559
40.4447478361
72.3644473793
168.010325356
179.729603411
25.6414797901
73.5237321082
465.733730064
11.0206624169
83.5462701317
13.2434018564
284.376939758
1045.15502629
41.8635009166
8.42148584038
114.533000529
1.64340256551
598.016771701
1.61024392224
51.5518076648
77.1664783141
4.66144538407
4.64149450486
11.8653354099
296.060548272
52.552669723
1.82450203059
18.2565654967
26.7210303248
115.376281191
43.1641713462
127.347530155
9.18156264056
413.747953177
4.68693504096
1.44246736762
347.034962453
881.666325667
389.153446886
72.0429879565
2.44814207604
59.2739399907
536.078140347
88.6409668352
191.967022718
278.146397671
3.18677344351
2.66318623492
26.962384265
7.51882957653
11.1273725967
428.084537494
48.3735679808
72.6075496652
315.848610467
20.2817348335
572.585246128
3.75638514503
1.79743439781
84.0271803183
244.891287554
28.6214584929
10.3785354967
524.094724636
39.2254201256
86.0939139868
0.915985049113
1306.89409113
356.653458749
2.48973460688
0.334613138508
3.86567789438
101.468653701
15.0244584388
0.0
1815.20798048
7.54805091728
45.3000633629
93.4154730763
11.8236759062
103.945541258
279.68217946
0.0
848.101254319
8.45937606141
108.436305578
693.054244209
1266.90989018
17.7364420804
254.400625046
14.9727800218
21.8713334732
548.73559146
38.6543173954
13.629175253
114.432401334
3.98857554542
0.585595904178
3.22669400138
26.332435841
106.528170825
54.0915275664
26.5088660013
102.26366099
94.8029404052
24.0642770147
99.1786946037
13.4979929348
12.4746197521
27.6717942918
268.376281743
0.490904425501
282.158190494
124.859385274
0.961030797513
8.05568447228
12.6400687041
24.0986094465
63.3146087151
2.58361183588
778.175188594
76.0825945141
47.3741158788
241.417078104
314.775765447
188.361834219
555.168002841
100.006610268
11.2580073819
2.17629548453
255.423725637
1.40647236259
125.459125388
17.1287968122
3.10635307078
579.24242214
1.13030308061
97.6013672823
117.662539154
33.7292783631
594.449758938
16.5813601958
0.786638023748
1459.61583801
91.4507450341
77.9079789422
250.199072103
0.630246864858
7.16056089906
1055.26380428
25.5667979388
691.001131891
16.3934753168
38.3925120415
168.157771518
1.59317170344
164.345850551
460.269886871
4.8683411715
24.5708272534
59.3179294469
15.8546006589
608.824937279
55.843078467
26.0025484054
30.0022144307
206.838061482
30.5419421121
15.3168234168
83.6444054284
162.995044432
2.20155837348
0.0
74.3555016526
0.0
718.99474397
10.4176465048
516.95273286
219.971518483
40.3528504205
5.57564448876
18.6851533862
1241.16637305
493.714926304
17.2811942705
131.856621555
18.7981190713
134.027093921
2.08520409385
1.52864506119
31.8130210875
52.3174725911
0.317204880166
221.954806249
34.8658651481
10.7234131159
108.778863819
37.1947225857
12.0682104725
34.7462092213
14.4816323789
614.896861652
23.1796352904
104.193392746
21.6715391647
59.0172645271
405.691253537
402.478468753
0.559060529822
3.98838872624
1.48531828431
0.230324558448
14.8628210682
241.680656478
236.344904275
306.227364757
0.9129418938
840.500930453
11.5680884588
226.074084727
412.249457678
288.826882323
131.35572289
149.817390005
109.247042102
403.238010944
48.9864089373
5.27183536679
806.684916289
967.793845957
52.7562779628
577.201578791
10.6244482952
62.4379520423
535.458327157
6.81140523804
58.2276902696
30.3566868013
308.362657542
853.1701218
11.5402711993
0.93902843212
140.552682251
4.43206079637
119.423453337
10.7762653214
149.702382233
5.33743710056
1.22863459602
3.47394273323
0.0
143.629674161
14.4668560386
117.174756606
0.0
28.1473971684
291.930253337
19.8285714087
21.2742182274
76.6781799575
15.4722922295
413.620370947
15.4722922295
391.606863373
539.106901182
165.584843626
930.816799449
184.90897268
51.5764325487
1.47524884761
238.88275951
0.118437489816
88.9508375936
541.170825513
64.0812418114
139.947452708
263.457680336
0.79592258486
15.9151336004
147.692038585
42.0095100986
83.2941911251
147.070775491
241.285152035
42.1874054383
8.69499735505
11.9898192617
565.673099525
541.145149037
0.719319668357
22.1256120113
21.9952921162
677.92916895
25.1746903141
435.05575421
6.92600764718
21.3412334422
9.15223790302
193.889240584
201.173500459
21.0956978071
9.72958086397
657.611866798
153.379480845
158.250465684
42.504596219
78.6522430844
16.7224298314
13.9641937539
211.019544875
46.5985048869
2.54847337922
68.988886685
23.9881452586
14.2981923865
1712.17197254
0.517728840861
18.9610806258
11.1729729278
4.09161278942
12.551109872
105.256979053
40.0769607798
43.7608612553
0.678272320548
50.3694854278
723.39598665
44.7220870967
221.503387645
51.9051461957
398.273557764
11.9918249242
34.9892304347
389.024959934
30.221071346
0.1173870725
18.4127862859
368.681277502
23.5385125989
27.1087518108
4.08394615297
0.338288424151
53.5801505779
6.06383357374
105.584377916
4.07108500314
50.8190487648
402.082976059
3.91604505221
1.94320741208
525.434551897
9.79972970628
71.1637592886
77.6868801968
3.31320890946
998.68045067
334.382165369
14.6267944121
17.1380179253
56.8116795539
1.18378741644
10.74658222
36.6364492814
658.703629904
1.34535311432
27.6251705674
271.397509888
40.3533133561
593.200916146
10.0572523185
162.907601303
243.285291125
723.26935614
10.9899394729
1002.39664267
0.0
8.38104829858
115.77481939
58.5783686833
441.852345509
2.74803504485
1.3038592804
127.055651612
10.6744006909
12.8223102337
0.696993013052
35.3561151191
519.240968285
29.6553534733
56.106964681
17.2184065741
5.0029708325
68.9696043598
2.11862240404
527.243328218
1298.55287761
1.82450203059
715.469618654
4.80268656435
0.0
12.7806131311
259.503599368
4.54615209642
2.57657967969
7.42781455848
3.3121984409
4.75261079746
25.2418982229
64.0474874616
65.5834149463
41.7313751027
499.463610009
94.6854158622
0.0
1089.07215063
14.2875906914
5.89068743618
79.8344302006
30.6897995115
288.299564605
57.2949349673
125.598124738
23.9924526745
218.739149854
0.596926076638
363.339004253
32.1042862998
499.982814604
68.4647425437
2.91168512788
130.375470866
12.5901116085
764.262175073
24.6213107326
1.70519506783
44.7653774497
634.792972309
0.322415843027
52.0064679931
1.28507631483
0.0
754.285761414
100.939349121
0.0
2.72466384705
23.1939592697
446.750515476
20.3616346975
22.4572043189
21.1859831729
498.730363498
25.469280673
26.3041791452
17.0132215334
131.875969678
47.6416738537
341.48820679
610.31201096
3.8752608962
21.3527539587
38.9254672336
137.814068064
243.95650309
55.1202315582
183.612604967
169.259409017
28.6984855713
3.92367291487
10.9700696661
400.477790353
0.632841184137
60.3806498052
230.733097936
11.6896819004
70.7363592872
0.0
862.682513023
461.209822376
30.0520469801
16.9377830057
400.618111537
10.8338232555
22.589964613
4.02063324795
66.3453716879
12.9777931458
275.972801077
16.229369348
239.453673071
177.147632999
0.599360600887
41.5486600629
408.855642752
18.2514849549
114.200699719
180.717886311
2.28293399148
119.766619035
0.149346078095
11.6402229893
13.1632117765
383.620468844
324.559764743
59.478460002
9.589229131
4.20680033035
645.079951129
825.788603402
128.21318447
531.779026664
6.17175866566
539.93377348
11.7760346635
736.234006145
139.255964399
0.0
42.5080059628
1.49760957686
10.4198166623
536.109704565
9.71082022269
396.288350108
14.3010863215
56.1707804704
5.26275407435
874.43981407
135.744181968
10.0434323985
94.5186709253
26.2671572221
417.202128326
0.0
30.0991782886
41.1767148109
57.5697659661
1.77079562667
2.67632937598
5.72513978721
1.07543698777
27.9104986894
524.940708888
2.20442410931
107.294964891
117.502721802
10.376757777
881.317530718
102.368305584
1124.66118463
8.07654829809
2.12570273373
0.0
1231.0334378
82.6353139261
151.692605808
148.378735394
508.593327387
0.72994603772
307.595122075
36.8339007127
164.263229472
37.8032067778
19.3824812639
13.9554226518
322.342461861
65.6182526123
6.63738375272
130.190092183
2.65224027551
5.75328368651
8.89014938289
0.0
2.08759631941
504.762545907
0.685687514823
1.89450635242
2.33235765366
149.451947001
210.142144449
4.34446492192
112.694582232
27.1142976383
687.13263996
19.7223629385
27.4567642324
78.9602914745
121.827801001
781.933807345
6.40901080854
544.306685441
49.0350394991
87.3228376238
0.19098208259
1272.25914507
33.1901428633
148.277614516
462.187268587
507.653874793
8.37541904873
33.9212579897
1.05455553749
39.7470580699
44.5098381758
1.52450096513
1.29549706559
1.57308100356
42.9783908269
11.2082805792
9.86246922913
30.3103086443
102.724782442
4.09071746728
34.690712173
57.5135709895
143.903948226
34.8906275026
24.6699988677
341.473604344
1204.63341455
5.16970166966
751.461784957
0.29352936683
268.175115078
2.96054363265
362.795625959
42.7028137264
18.5943110877
21.8434175168
18.9167997786
51.4434396117
