18.6025129975
20.9729479972
217.255235971
14.921465998
246.060390967
3.0088279996
1.4880349998
78.3530909896
0.0
58.8631899922
7.544235999
7.86143099895
65.1874659914
8.51582099888
39.5157989947
39.9116869947
0.0
138.489522982
30.316608996
129.079861983
132.684704982
121.808146984
1.92124899975
420.561506944
11.1150349985
166.225597978
65.1580249913
93.3946229876
17.6048419977
280.575518963
5.14982299931
107.939004986
62.9631349916
336.789458955
1.15877699985
28.3582469962
11.1001629985
0.0
24.6164229967
51.0891489932
259.455358965
7.89043699895
103.540782986
111.195180985
0.0
10.7117189986
530.321606929
0.0
59.4134889921
47.6252939937
28.3288099962
1125.92267885
0.0
279.832028963
2.2865589997
19.6855899974
386.119115949
8.03879199892
76.5422079898
749.4686409
18.2156679976
89.3066079881
5.20580899932
63.9639199915
640.596159915
2.65082299965
63.8438239915
4.65469099939
9.1157129988
1.57736599979
3.14804499958
632.235297916
0.961502999873
657.035770912
101.024427987
0.0
36.2339629952
0.845183999887
55.7457689926
1.54078199979
419.776046944
0.0
204.443145973
0.953738999874
2.95852499961
278.951581963
821.281838891
6.57590999911
10.8484139986
10.4519939986
15.9874049979
10.9357249985
85.4904779887
63.7241589917
90.459976988
18.9341529975
7.66074299898
67.7071939909
880.089278883
19.0132249975
0.0
0.240997999968
667.119727911
98.5663129869
4.55014799939
56.2967679925
0.0
449.03481394
8.46510299886
22.386736997
41.7194829944
1.15719199985
35.9765739952
1024.24886486
3.44545499954
4.84202199936
73.8917599901
449.23195894
117.956212984
47.1665489937
8.93993599882
79.1829249895
217.855964971
6.1375779992
20.4763119973
101.624689986
1.27245499983
0.0
0.622243999916
17.5851479977
7.43157799901
301.15412796
5.31437799929
137.969611982
467.146240938
553.103303927
4.02295099946
4.5297949994
24.8986899967
0.0
140.504866981
96.4443909872
472.007371937
1.94545699974
5.19853099931
382.806210949
5.06898299932
518.320517931
85.8408169886
19.1604269974
2.2940459997
2.75328199964
797.843310894
58.7875709922
86.4921119885
817.609922891
4.09311299946
8.50127299886
21.1503739972
776.660772897
183.539671976
122.033059984
47.9090949936
30.209197996
26.6654369964
9.7699499987
2.12267999972
11.8383939984
1.16178599984
579.024202923
58.0221609923
14.6830849981
18.6112259975
5.75726199922
5.85888999922
6.50721199912
144.384847981
8.61511299886
354.873690953
1.37176099982
252.059957966
19.3143229974
12.3823169983
59.2536369921
26.3265429965
37.759438995
80.7793929892
61.0400529919
51.5092329931
1.40547499981
3.53830499952
143.293518981
20.6426169973
537.887820929
2.74086599963
64.4828779912
1836.54887376
493.570777934
362.618425952
1182.13024984
2.64826099965
1.89958399975
2.72723999963
0.44820299994
78.8394179894
17.0771139977
0.0
1.80049199976
14.2518479981
0.469846999938
8.77492699883
0.0
270.208431964
1.04745099986
15.4215419979
3.44716199956
1.16564999985
103.275660986
0.513710999933
1.78764299976
39.4734889947
346.206338954
2.2937869997
18.7909989975
53.1688459929
265.762024964
41.8052649944
2.63945499965
28.3020009963
294.924053961
21.7225909971
38.9903219948
0.52894899993
4.20654499944
5.69544399925
0.0628819999916
436.444099942
160.854617979
127.943158983
129.484846983
129.274480983
397.684288947
125.258307983
1.73784699977
292.387914961
56.0950429925
173.060320977
175.141969977
1.31052099982
27.5975379963
384.523860949
283.873880962
24.1723319968
4.6113209994
5.1396319993
4.64771799938
10.8907219986
107.574524986
216.932743971
560.504885925
26.3182889965
71.1422599906
229.38230797
8.44191799888
18.2712909976
0.962843999872
10.9455089985
11.2510369985
2.35072699969
19.3308509974
146.122435981
338.122379955
14.0352869981
161.326882979
584.322136922
12.5076919984
2.16142999971
1069.78756586
207.356324972
3.09525099959
567.879518925
1.84145099975
34.0830519955
17.0673379977
43.7161159942
2.71647999964
87.4523899884
31.5837359958
9.39830599875
49.5196959934
673.74620191
5.26506399929
5.69961999924
9.90633099869
555.583512926
173.195267977
0.68351499991
3.23333799957
7.97439699894
198.849096974
49.0152819935
215.051817971
0.944268999874
69.4355239907
36.0044409952
155.700902979
86.0987649882
19.6254369974
4.62903299938
7.07388799906
3.18364799958
2.34622399969
52.387998993
11.9053809984
44.3589199941
1734.74543877
72.9464469902
525.71058393
9.75891599871
505.647452933
0.120832999984
31.9849829958
7.86567599897
0.0
53.8016349929
180.648902976
10.9424589986
20.2867569973
44.8758509941
0.0
28.8942559961
1166.70711285
0.773701999898
7.97961099895
4.90872499936
132.571743982
443.419679941
521.377717931
10.2678419986
911.917629878
2.10502099972
56.5201189925
73.6285099902
0.772946999898
303.59896796
243.643431968
0.976299999873
27.7493919963
0.345831999955
477.032038937
68.4582459909
5.46570199928
4.88020699935
214.688281972
21.3342059972
368.164044951
68.3612469909
88.3536029883
546.618374927
8.60105299887
3.30117799956
0.742763999901
487.505476935
122.392189984
69.2729139908
4.18192599944
0.956010999871
197.024116974
1.05381099986
31.1845499959
15.159192998
19.1458829975
312.938808958
30.636161996
4.6018579994
177.100800976
14.982067998
20.1012909973
57.9375739923
12.9355579983
0.539683999928
179.466721976
5.33045899929
100.235895987
43.4795579942
10.8453269986
0.742317999902
27.9707869963
8.26561199891
6.57476299914
10.5047399986
4.53951199939
72.8125589902
0.0
15.010976998
142.213004981
0.0
48.1502069936
689.997865908
207.294809972
22.894621997
20.1599579973
12.1228739984
75.44565099
399.136422947
57.4876889923
49.4848249934
757.9442419
537.664710929
387.155695949
502.932503933
466.244159938
1.34884699982
374.40858895
0.0
163.695672978
0.818961999891
8.87652299882
8.84922399881
7.11674599905
1.11784899985
0.0
17.9334379976
1.41292999981
395.473231948
97.653820987
0.786251999894
1.00478199987
30.478849996
1.25755099983
78.7235619895
3.93556599949
64.0939039915
133.483217982
6.17151899918
11.1175399985
138.018758982
20.9488979972
0.333565999957
3.29204899956
1.02692899986
13.8016239982
16.0900229978
15.9020259979
1.45272199981
0.996732999867
8.15356899892
755.569975899
0.0
64.9511259914
0.0
294.919119961
0.794637999896
435.964732942
263.774096965
51.9630159931
18.9839919975
119.369872984
91.1024219879
375.61924495
548.774034927
4.68008499938
291.349825961
40.9387209945
141.446550981
16.4900739978
3.95953599949
0.636365999915
396.169074947
47.7479389936
34.3876419954
0.390640999949
1.04665399986
84.6880749888
1.64508199978
71.7990769904
12.3818499984
28.4110119962
16.2629109978
29.959714996
41.5142179945
597.922218921
194.630165974
0.359336999952
1.42871699981
2.2601829997
32.7384099956
180.299326976
7.73189099895
663.812831912
9.59478299873
3.38550599955
1.08019299986
0.0
498.268675934
1.37767199982
28.2732519962
298.84055096
60.882338992
426.475905943
542.223410928
14.3389819981
9.46718599873
40.3842159946
4.39347699942
1.10337899985
0.0
79.7601249894
146.69949798
140.639117981
3.16218999958
4.37145799942
169.668735977
90.317622988
9.38300599877
0.0
5.65298999925
408.187495946
11.8922689984
13.8047069982
183.866899976
49.5257169934
811.758395892
0.265296999965
139.578013981
148.73665298
76.9520689898
4.39307499943
27.2657979964
1.15446899984
44.7131169941
13.5573259982
25.9888339966
486.453856935
38.6063949949
2.16743499971
124.158930984
1.63391999978
97.968102987
13.2812979982
579.902551923
272.376859964
113.356022985
133.400719982
0.506577999933
5.57087499925
308.622488959
88.8951209882
2.56846399966
1.06097799986
231.087072969
342.210695954
41.5387729945
200.392672973
15.129771998
152.17865598
137.385084982
175.321250977
17.6116239977
58.5540559922
3.40349099955
7.09036799906
460.984245939
27.2146299964
54.9846179927
67.624282991
4.96973799934
115.005345985
4.93719599934
39.1904689948
69.0426439908
0.0
2.57049399966
304.852441959
27.0765319964
2.64395899965
367.873976951
37.233603995
51.9469659931
163.968983978
9.25699599878
1.77053799977
0.440910999941
4.68232599939
7.38866699901
719.190046904
2451.96296667
3.31280999956
171.994326977
147.54083598
105.719921986
1.76025499977
491.018445935
411.978418945
10.6907449986
0.66969999991
107.610140986
73.5486599902
24.7347699967
84.6812909886
2.17580499971
44.1543789941
0.0
1.59715499979
8.46731699887
2.62079499965
203.331315973
174.440226977
49.1517359935
0.638573999915
63.2529979917
0.760992999899
144.435650981
83.025823989
97.5588889871
620.574520918
22.841256997
163.266836978
266.955201965
457.742809939
147.89031198
467.074229938
580.994310923
128.932511983
446.095503941
7.06777399905
632.380180916
12.5954949983
106.489535986
88.7931559883
576.388124923
1.84440799975
1.05518099986
1286.36861983
17.0568499977
1.34734099982
7.35176899903
81.1153489892
46.4778099938
0.0
169.531474977
1.23360999984
0.252420999967
37.232172995
11.9228529984
98.8979179868
177.206422976
27.0506449964
229.820289969
16.6286359978
62.1060469918
49.0322889935
126.561682983
410.058856946
0.709220999904
0.859167999885
1.96925999974
47.3688839937
0.685931999909
0.0
46.2952659938
143.597587981
21.3635489972
25.6676959966
28.5614299962
5.47240999926
530.42737093
569.780023924
15.369178998
1.33324199982
18.2163409976
3.0348139996
230.685407969
2.88562499962
0.420264999943
1.86653399975
215.075089971
32.0989239957
36.3163759952
359.500147952
11.8220669984
0.566377999925
164.133533978
141.619742981
201.826740973
49.7701469934
16.7637629978
94.0704529875
64.1707079915
149.47307198
103.353044986
554.535374926
5.89732899922
7.93682499896
14.1952599981
20.0368179973
6.7949609991
6.55084699913
454.880582939
44.4306039941
7.43638999902
16.6726689978
51.5935849931
1244.11834383
159.642821979
157.542722979
291.311275961
580.572699923
32.7851139956
300.58218796
268.798287964
230.592519969
4.10523099945
9.69869299871
0.339734999956
0.0
432.714977943
561.594066926
10.6544189986
15.4884329979
42.9547939943
1.00438899987
18.1039879976
52.2101899931
2.47883899967
6.28853699915
14.4070409981
1.24163599983
708.991025906
2.63499099965
43.5724229942
0.677674999909
391.391523948
53.4263689929
61.2516319918
2.2180329997
496.159600934
77.6416889898
359.423286952
574.256310924
88.3120409883
69.8707109907
22.439444997
30.5993839959
0.834516999889
321.216986957
40.1131979947
16.1863409979
128.610077983
2.85805499962
0.395000999947
3.94099899949
1.34471299982
152.57967998
122.215215984
94.5580539874
57.4650039923
18.1536459976
356.692615952
335.526920956
35.1685509953
3.52393599953
204.245243973
29.4259359961
62.5863579917
568.789746924
790.495678895
702.109085907
2449.19973667
407.779564946
82.5305019889
0.0
19.8256339973
53.219990993
567.076151925
161.763333979
715.417377905
496.944855934
34.1923119954
208.645009973
52.726761993
13.0123889983
1301.43793183
0.0
10.1141159987
711.559569905
538.362424928
0.212825999972
756.165621899
299.07818796
65.3452159913
0.642455999913
860.904280886
11.1689069985
21.9630439971
12.6157219983
6.59427499912
175.945412977
0.986440999868
19.1976919974
11.8519879984
61.3452949918
1.80994699976
1.55635099979
0.0
367.242791951
65.0126099914
0.563777999924
27.1282179964
7.77120399898
8.2611919989
17.8936429976
72.0391849904
592.667318921
44.1895179941
14.865986998
15.7480409979
35.8395779952
3.57580199952
10.6516139986
5.26794999931
0.0
2.41544999968
0.0815929999892
35.2330099953
229.514808969
1.44961699981
78.1233829896
1.17232399984
2.85516299962
788.344667895
784.154786896
61.3622469919
19.5793399974
8.75641499885
43.1590729943
0.30136999996
224.59764097
1.5180909998
20.4639869973
10.6422699986
218.024030971
290.805640961
408.864837946
475.117240937
9.24367899878
101.599011986
60.4273539919
121.207617984
755.961966899
18.1289639976
250.638676967
32.2651959957
265.162504965
970.720853871
13.7586599982
352.946731953
173.260607977
13.8257169982
162.267216978
3.06645099959
80.9965159894
382.096191949
0.0849229999887
68.8514919908
2.94168699961
16.1883739978
300.73597296
94.3215499875
53.3918659929
87.7817109883
34.7857789954
225.43905697
344.419901954
4.87246999937
110.528787985
7.50640999899
14.655969998
160.747956979
21.7861119971
148.27386098
2.85220699962
23.1187079969
118.199982984
34.8204569954
374.88831295
27.0964909964
27.2596249964
1.35442599982
22.637170997
0.616773999917
30.8881299959
0.605965999919
35.0326869953
3.35275299957
46.7999389938
282.423918962
137.387588982
34.0207539955
10.8711379985
21.2971079971
2.9940739996
15.9944789979
32.6020969957
0.694877999909
1.15139699985
19.9871359973
0.904972999879
2.61477199965
621.765003917
1.63421999978
292.043993961
390.412707948
30.028858996
18.3705849975
123.208457984
0.0
469.756837938
763.824834898
8.69159999883
0.0
2.52097099966
9.33982299877
97.6811739871
216.048842971
61.3714849918
176.467146976
67.459873991
2.03092399973
1.05873199986
25.8834739966
355.840488953
60.3522679918
45.010838994
4.58184099938
25.0346759967
6.19018499916
204.607190973
0.0
459.590894939
46.2448579938
30.029311996
19.9616249973
16.6424939978
810.835060892
22.0873399971
12.7753669983
14.5273249981
1.17344299984
1.62328099978
667.594004911
60.110053992
29.1374919961
456.820293939
45.895795994
317.228394958
152.53441198
46.5305139938
516.952845931
603.15478592
0.0
14.877132998
377.90382695
305.21895596
2.43318299968
13.2353469982
160.831399979
130.134252983
26.3118109965
13.9405279981
128.165174983
565.386522925
453.71350294
3.23260499957
4.90938999934
222.304038971
227.33316197
61.8565759918
144.247175981
29.6109319961
10.1620459987
356.375386953
3533.59370253
74.7216279901
7.90472599894
251.436048967
1.82131199976
8.72691299885
18.4381509976
84.0703299889
319.041188958
479.488147936
2.35176499969
3.81161699951
51.7038209931
30.7145609959
10.9698329986
10.8715819986
1.29201999983
32.8947339956
3.81775099949
210.849051972
312.182083958
160.941289979
25.4324369966
34.6293969954
163.055226978
87.6109199884
0.333148999955
1.38219799982
1.40239099981
0.0
1.20291399984
92.0423629878
49.8493929934
179.655535976
559.773667926
142.670380981
7.99462699893
157.815024979
1.19332899984
7.36408399903
62.3076949917
114.722660985
10.9000139986
0.973277999869
822.303424891
1.91464299975
2.33198799969
3.96083999948
531.675321929
8.22156799891
41.1923679945
14.982060998
39.1241689948
14.3744529981
2.03599099973
12.3471669983
75.19042399
1.34494499982
71.0622819906
14.3444439981
686.509598909
5.51198299927
0.651393999914
5.52784099927
129.179887983
2.59797799965
71.3929689905
46.9920379938
2.2211909997
8.74316699885
20.3474919973
149.60728798
1.02692899986
0.237915999968
178.359696976
78.6331409895
76.2177989898
1394.98641281
0.0
59.8065829921
31.7353729958
49.8697779934
30.6081399959
110.666950985
11.0067159985
21.8220399971
476.587624937
411.120714945
432.645769943
150.07156998
133.168130982
0.0
10.5267819986
5.16831199931
20.1663599973
0.499142999933
256.834996966
222.25621597
14.2675049981
5.56585799925
315.856051958
22.875141997
16.3843479978
10.8353919986
25.3895689966
4.79881499936
618.897223918
21.2780899972
0.670562999911
106.830374986
2.2669349997
1.09038499986
4.90173499934
8.51501299886
64.8988119914
29.5411439961
17.9083039976
12.1121469984
3.40225699955
4.5608949994
102.618573986
3.72541799951
6.43400099914
2.2793199997
288.926738962
188.987415975
2.11437399972
78.6429499896
825.712432891
37.473574995
140.877276981
3.58222099952
19.4144129974
0.390864999948
3.09338999959
45.5242219939
2.38340599968
0.0
13.2799439983
0.733137999903
1.84494799975
0.0
806.406604893
7.88733399895
143.712528981
2.22197699971
8.59580799885
1.83812699976
10.2014909987
128.426479983
216.198154971
621.763160917
1.5346379998
2.39834599968
0.499142999933
98.7457259868
202.517067973
23.7365489969
88.6038969882
3.25855099957
20.2036459973
14.2670339981
24.8595419967
17.1628519977
544.042708928
555.682172926
70.3105999906
3.30443799956
4.90938999934
0.0
30.9108599959
41.0869559945
4.07791599946
2.04047699973
5.45734399927
74.97784299
10.4885099986
10.1013249987
0.828295999889
53.2906699929
201.201107973
6.54409799913
714.873663905
21.5245779971
601.85135592
7.48779499899
19.6560279974
12.2515319984
2.66798499965
18.8033669975
56.7074319925
9.1064639988
8.9095679988
0.0
113.776805985
18.5498329975
30.206136996
44.6621649941
45.467786994
0.0
47.5691549937
0.0
523.93147493
9.33646499875
4.27838899945
25.5477009966
60.6857669919
89.6546369882
116.938965984
127.615265983
614.358508918
4.83375499936
504.563890933
192.231437974
17.1708049977
19.3600569974
2.15911899971
31.8527479958
5.83420199922
2.67187699964
73.9792069902
0.826192999889
2.2115489997
3.67078099951
18.2520359976
180.286283976
169.853155978
279.488175963
466.068284938
0.0
8.05730899892
31.4310669958
40.4861859946
1.89021399975
177.654714976
185.266351975
515.695221931
133.403833982
494.361626934
4.99578299933
915.266797879
770.766005897
64.9153719914
0.0
9.15021499878
100.461050987
9.14424799878
254.847181966
0.0
9.6393869987
8.78465699882
0.268914999964
380.87928995
9.42450999875
11.0491149985
1.41480599981
30.7302299959
28.9927739961
2.71260799964
15.6750729979
60.8798569919
28.3914509962
97.2453509871
13.6328699982
399.992767947
106.488637986
10.2792769986
45.340333994
133.659599982
0.408538999946
330.171477956
289.106753961
49.4481449934
92.3807979877
33.4928519956
103.080711986
140.804439981
0.771383999899
15.6650299979
58.1512039922
185.703670975
1.16650399985
5.30982499931
0.0
16.7120659978
5.72755799924
0.903588999879
0.863186999884
1640.72198578
374.50245095
44.739148994
3.84609299949
214.163481971
475.612967937
2.43886899967
42.9168429943
665.799869912
2.77688599963
193.150052974
35.2527269954
105.964399986
297.91033196
1.12167299985
16.6543779978
26.1305789965
8.61511299886
23.4490199969
31.2139169958
0.0
1.13904899985
0.0
0.764371999899
149.14713598
5.75462299924
0.0
0.0
17.8409619976
0.283256999962
634.468088916
103.657843986
53.7343959928
292.981327961
326.760731956
4.89610799935
17.8337499976
43.6683919942
90.341380988
91.8618349878
6.79900699908
603.56823792
0.0
1.13736199985
3.43457999954
0.519348999931
25.3292319966
1.07043099986
497.878136934
20.9735419972
0.0
146.179280981
5.01820899934
23.2471169969
0.0
13.9064559981
12.7828369983
16.0882429979
129.015026983
0.968468999871
144.815334981
41.7593339944
3.15751099958
18.8639749975
2.47167099967
2.83956399962
0.801194999893
2.09955599972
421.010180944
171.226065977
237.078543968
131.218012983
46.1239839939
0.0
15.160905998
104.840586986
353.144710953
16.4777489978
0.429133999942
15.8290279979
9.70034799871
146.895714981
7.14764499906
7.10002699905
64.2292879915
3.91797699947
181.447939976
34.1425429955
3.27667799957
0.833974999888
2.17432999971
373.80382595
12.6114239983
351.618305953
33.1885609956
23.3958459969
20.5599979973
206.843154972
110.850322985
2.87751399962
43.2592239942
314.106541958
0.0
9.71721799869
1.99827999973
241.286809968
313.878903958
15.182675998
7.32886499903
435.148742942
3.48456099954
3.68624299951
64.2057359913
284.846882962
1.06097799986
2.06649999972
28.6796219962
5.36051899927
45.8247249939
379.62467795
60.275904992
225.20294797
63.3162489916
0.0
564.930989925
2.34683999969
34.6059989954
3.39733299955
14.873195998
149.42337998
11.2255079985
996.960956868
21.4273989971
520.254552931
194.337272974
79.8158149894
26.2478819965
0.958254999874
155.050724979
164.415436978
511.670302932
158.102394979
21.3781839972
317.921453958
39.0557339948
5.53914599927
135.040742982
203.283887973
426.119115943
56.5946839925
0.0
20.0760749973
7.45643499901
0.676957999908
1.5199229998
210.950327972
356.873199953
1.06601499986
9.02195999879
2.19142099971
5.00546599933
9.06335999881
38.8742309948
16.8270219978
313.160784958
8.01755499895
1021.99291386
40.1660249946
36.2601969952
18.8050409975
0.463397999937
4.36164799942
0.746925999901
28.7145439962
296.414874961
13.2118939982
1330.87328782
98.4528229868
765.635841898
2.20922399971
255.051253966
26.5258089965
462.020427939
41.6327689945
4.60572799939
28.8228079962
624.272602917
133.995858982
441.319355941
4.11228699945
496.823083934
89.9450589879
0.885619999883
160.997722979
0.082034999989
277.474557963
0.0
150.49306098
52.4508059929
18.6088789975
0.525345999932
3.62825999952
188.073887975
10.5433909986
0.0
30.269391996
622.860759917
118.461778984
64.1468139915
84.0166659888
207.704155972
416.331445945
64.6206029915
300.53332196
2114.26668872
181.331282976
0.330155999956
260.579898965
0.333945999957
380.110341949
35.6414989953
1132.99796785
221.888029971
16.7083069978
27.8730839963
69.6465339908
6.57977099912
205.922011973
3.30136199956
73.7729089901
4.55134499938
3.36816199955
8.77246799883
36.2471709952
0.107568999986
11.2466829985
2.16963399971
12.7929989983
22.585545997
728.219492903
204.832365973
357.756860953
92.1900729877
1.25426699983
3.68639099951
39.5451449947
1.09571199985
0.624257999918
155.872535979
171.884834977
1.02565999986
0.0
5.42005199928
0.0
16.2367739979
83.5259429889
89.6997679881
35.4173989953
4.88191999935
56.4624569925
5.67882099924
550.720515927
522.111535931
703.412993906
738.253633902
358.155221952
775.876207897
539.633709928
754.9813159
925.796220877
2999.4467256
14.5418759981
26.3821459965
147.25620698
10.4949809986
124.973757983
2.29156599969
109.516855985
2.21095099971
34.0073439955
1.66582199978
56.0098459925
855.622647886
2661.21353565
9.31119299876
197.125955974
6.54755899914
218.445408971
23.7231019968
1.08609999986
1.18683599984
7.85405099896
231.461908969
38.163262995
49.8111519935
247.454777967
29.7064059961
284.688173962
456.557238939
19.7196759974
49.9150389934
0.0
6.92157999908
153.44652298
43.6995519942
56.6606689925
25.8048569966
9.39748599876
328.037650957
515.506802931
169.240677977
23.4696569969
978.54786087
65.1698029913
2.9917849996
30.7154549959
0.722343999905
65.4829819912
171.787625977
5.62230699925
88.3697519883
131.422595982
22.9936559969
38.376856995
17.7212689977
6.41969699915
18.1670619976
518.434513931
14.923896998
4.28767499944
153.936404979
0.29787199996
140.480293981
740.841668901
141.569918981
293.146787961
187.336071975
197.712459974
232.493475969
767.471005898
77.5193909896
1.12460999985
20.0797689973
99.1026589868
465.606571938
5.71575599924
9.95119199866
28.0606969963
9.7130359987
553.488014927
425.437372944
51.5432849933
9.23788999877
411.455424945
7.53209199899
7.13754699905
2.43632899968
28.6180069962
4.67574799937
14.872896998
108.397170986
20.0257419974
2.41821299968
313.052298958
56.8694269924
69.3665019906
22.874356997
505.312393933
86.1627349886
5.44717099928
673.88475691
0.0
4.18082799943
10.8491269985
206.505308973
323.131860957
2.37415599968
308.091646959
25.7653799966
454.976837939
4.03002499947
293.943817961
1.34056199982
171.521631977
18.5874549975
154.157312979
599.62505592
566.455518924
53.291196993
21.1441929972
3.19146299958
209.962591972
1.5180909998
422.279912944
2.39717399968
107.005098986
544.857797928
2.62776499965
13.7316879982
568.122190924
74.4273659901
7.69154199897
13.5667529982
716.474497905
300.76050296
1.11758399985
270.561685964
22.981669997
775.050833897
544.830917927
547.128591927
44.4569399941
411.716011945
6.99378399907
12.0305059984
52.664023993
24.9192469967
116.473909984
2.83980599962
21.9104099971
178.234535976
231.416571969
34.8405009954
310.653127959
1.58370599979
47.8644509936
77.8104889897
130.790268983
48.6257519936
0.0
444.607614941
4.10094399945
661.285079912
21.2021689972
60.924167992
82.0717729891
75.12241599
0.0
2.38905599968
1341.62235282
442.639955941
106.137837986
0.0
151.20702498
135.511529982
0.844100999888
0.230917999969
8.21645099889
9.43273199875
7.64591599899
0.230917999969
0.0
17.0796139977
60.7761899919
321.098575957
1.24511299983
536.404929928
495.158267934
142.080674981
374.05455895
387.607230948
12.8128239983
1.56941599979
49.5442799934
2.64855499965
0.416649999943
1.04934799986
13.4317629982
19.2077259974
0.939844999873
3.61462999952
73.8872219903
57.2038799924
28.0412529963
7.34196199903
71.0327179906
26.3353719965
13.8977689982
30.125703996
25.4637629966
4.21737999944
38.8671849948
204.953903973
15.7285229979
304.78421696
4.13419699945
5.15649699932
1.73407699977
167.831562978
8.05572699893
16.8434779978
488.184871935
2.45676499967
15.4803679979
14.759523998
68.5903559907
0.0
3.0404959996
176.557373977
21.7925959971
582.122411922
0.715909999906
47.1488389938
420.571539944
915.871220878
76.4269709899
12.1195429984
14.2359929981
2.48358899967
46.3265149938
1.27112199983
0.875727999884
65.2933239913
8.54305999886
10.9766409985
43.9394219941
107.151048986
52.743767993
7.97292899894
43.6914029942
24.4112379967
2.90400399961
83.8094439889
38.9186199948
56.5484029924
205.666889973
11.1930709985
18.8284399975
2.62985199965
4.6104069994
8.2141249989
16.1836389979
41.8117389944
123.285006984
10.4723129986
78.9059289894
22.9700509969
36.9939879951
415.518007945
0.983209999868
22.0584939971
365.910065951
257.918452966
94.8512009874
0.0
8.70220799885
7.99106599894
30.4994399959
3.59579799952
63.0835849916
15.6593559979
68.9656169908
0.0
846.006425888
65.3201039913
275.505128964
0.914926999878
51.972360993
313.765061958
235.844339969
0.0
1.37176099982
8.88258299882
35.2136909953
5.53767699925
5.55740499927
43.2060259943
1.74999299977
0.941183999874
0.264983999965
0.0
3.52050999953
14.4931099981
24.0472199968
87.6956949882
0.0
0.533350999928
46.4977269938
12.7220749983
1.20356599984
73.1164359903
5.68071899923
54.6435359927
4.99204499934
455.931892939
194.817256974
57.4468849924
490.222753935
1.41473399981
362.474159952
16.6056919978
0.189484999975
42.3705889944
302.81710796
67.640620991
50.9721539932
49.4361069934
187.210393975
3.55363199952
20.2528799973
0.469466999938
1278.42948483
6.54597699914
645.957888914
476.050996937
35.1875909953
11.3781489985
458.330925939
10.6488369986
65.6986849913
359.247477952
1.37941699982
16.0510769979
9.45824899872
1.99925699973
309.133096959
86.8856119885
0.0
0.931067999875
1012.42654187
12.5191589984
71.9037649904
1.08608699986
2.58076799966
114.697172985
51.7330789931
450.58266094
70.3874059906
4.3616549994
21.8366699971
25.8256789966
9.19485099877
260.352461965
11.3860939985
6.68898999912
176.032288977
236.165201969
181.867583976
6.8347649991
96.3651809872
2.83160299962
9.97063699868
0.878652999884
15.329259998
148.14951198
140.802510981
36.3468889952
0.506150999933
29.6169669961
0.0
2.76926599963
20.6233419972
283.286502962
1.74617699977
90.9805479879
9.03618999881
278.535608963
101.050565987
0.22218999997
77.4339529898
25.1726989966
73.4051559903
0.340977999954
425.484771943
284.701605962
50.2559779933
5.30385699928
188.129098975
5.58146899926
73.9170359901
5.54535699926
0.0
0.0
927.674532877
5.94578699921
31.3219149958
223.78739297
27.2953329964
2.59724399966
11.7821229984
12.6554249983
6.18642499917
157.059736979
46.1387129939
0.0
49.8975109934
1.20576599984
22.629927997
165.456519978
85.9457509886
16.5196269978
38.2220379949
2.06628299973
442.881214941
41.6232909945
426.258802943
83.7129599887
0.0
1.45568299981
64.3814249914
50.3257939933
2.35318399969
0.429133999942
29.807004996
4.43130099942
104.802892986
3.20854499957
155.312508979
33.2085839955
22.172507997
16.0740039979
497.040297934
0.0
607.413805919
390.812419948
1118.39202985
31.5008559958
1.20625599984
71.8711759904
14.3159639981
28.1648859962
118.651613984
352.086766953
0.569072999923
397.573274947
0.0
26.5911089965
84.8649899888
86.4646229886
6.85715099909
216.258169971
876.800398883
33.6100299955
37.663773995
43.5464879942
8.40299299888
138.935029982
3.77206599948
562.196576925
41.2229829945
23.1317829969
85.0133919885
19.1700529975
9.34578699877
1.4657389998
446.616124941
8.99820899881
2.19635399971
30.474620996
137.368145982
96.7972099871
3.34237799954
1.08111599985
2.78221799963
107.653514986
126.482150983
40.0534989947
0.0
1.80640199976
8.74767499885
5.27163499929
47.9214959936
7.98281899894
46.7370299938
12.5304589983
5.43887399927
0.751511999899
2.61926599965
175.553269977
2.2496529997
118.119513984
34.9608969954
16.0674889979
2.17963499971
16.9969429977
5.61599399925
8.20731999892
198.675169974
3.11361899959
151.97761398
10.1500809987
7.70250399897
451.11562294
3.90974599948
43.2362559942
16.6557359978
6.16852199919
370.754098951
74.2173749901
366.528927951
0.865478999885
42.1621679944
1.20356599984
108.619931986
594.684788921
4.20336899944
30.391235996
25.8586569966
15.270923998
5.87928799922
16.4794739978
171.761995977
24.0098419968
289.133206962
3.18976999958
0.370313999951
5.35639999929
14.617054998
2.86113799962
2.49234699967
3.48584799954
25.0652419967
0.795357999894
41.5162959945
5.1463949993
3.25364599957
2.89303799962
315.430845958
74.95462399
9.42657999873
202.722445973
869.358107884
151.57998198
107.645111986
6.12298399919
20.2497149973
10.7772609986
344.728558954
128.722917983
279.578115963
286.626840962
645.030049914
1.95777599974
0.406328999947
503.157634933
451.48273794
20.8665399972
11.1965389985
57.8797379923
6.76557099912
11.9316629984
2.72982099963
0.0
2.19609599971
61.0857399918
127.687976983
97.773857987
284.655704962
31.5766909958
19.5127139974
421.885417944
4.4186449994
1.32438099982
0.919650999876
0.52894899993
64.6428629914
7.95181399894
560.116702926
557.520566926
1844.32294875
11.2333329985
473.921783937
66.3705079912
41.2403529945
28.2029539963
304.886889959
92.6080089877
77.9190499897
38.7125859949
9.44788899874
3.31865499956
1.93084499974
0.755750999899
21.5757859972
24.0092179968
2193.37560771
27.5877629963
47.0313689937
17.2646859977
305.086966959
27.4367229963
7.11259199905
61.7367579919
272.954109964
5.99078999921
567.541225924
396.996204947
238.148402969
13.1288509983
0.451512999939
50.1993779933
2.2376009997
6.39985199914
4.28767499944
1094.36797185
36.5267969951
189.628900975
0.0
21.6381229971
162.104121978
162.541058978
5.2908399993
6.44877099914
152.60369698
5.68438199925
92.1584299877
7.67358499898
156.986981979
0.0
75.65718699
130.193364983
14.3168879981
237.549965968
2.61486399965
1140.32853785
182.415052976
546.058406928
14.1656849981
0.0
0.781821999895
26.4056589965
79.8642579894
192.929200974
2.60441799966
22.306591997
24.7304299967
0.0
101.727461986
214.395705971
39.8628289947
225.17762497
2.14177199971
122.023478984
1296.00562683
0.0
80.0606359894
28.9288319961
45.107650994
7.69906299896
1.55282899979
574.823626924
166.160088978
21.7583979971
181.888948976
4.55857899939
219.659274971
7.74721699896
51.1370269932
18.5112449976
5.21513099929
2436.23494968
5.23517499929
24.1226839968
0.483367999935
2.85587099962
1.73065299977
218.256703971
25.7215919966
1.02907999986
16.8643249978
8.2854959989
2.79564699963
7.17142799905
14.717738998
15.085365998
112.321850985
9.80074099869
69.6155719908
28.6936999962
14.1458329981
52.542811993
0.97898999987
1.10976799985
1.38219799982
226.87107597
0.627434999918
242.141084968
96.5459209872
15.463976998
4.32890699941
3.42683799954
662.425477912
246.324896967
207.433974972
0.0
140.796015981
1626.59769078
3.25442499957
173.047746977
63.2318039916
428.099593943
31.3706739959
444.194595941
0.405549999945
2.62983799965
358.355929952
9.40216499873
11.4677989985
14.678803998
36.4600259951
157.299207979
8.3385389989
4.06924999946
2.2719139997
0.0
348.623616954
74.1706049901
42.0804149944
0.0
27.4896489964
15.613044998
2.40966699968
58.1597539923
871.281874884
51.8470699931
38.1089529949
68.1894209908
32.5644879957
184.486825975
2.31491399969
0.7643189999
0.0
107.771362986
1.41181599981
3.52050999953
34.5176849954
15.220116998
7.94850699895
360.330289952
97.3100749871
62.8963739916
494.214483934
73.3285539902
545.462681928
72.8498219903
79.6456819894
116.126703985
219.072165971
4.09409999946
18.2236039976
182.584179976
7.34279099903
167.372053978
20.6302009972
9.23518499874
0.755750999899
127.807901983
40.4787939946
7.55407399898
3.36430199955
37.0858709951
626.757793917
228.884230969
0.166351999978
1.78243799976
186.452211975
240.477985968
189.522569975
5.9967889992
15.227675998
185.524418975
238.217892968
226.86988297
5.54385399926
0.0
203.138008973
2.34541999969
4.26608599943
682.802969909
472.468115937
261.354353965
303.27853496
30.5820519959
2.13332599972
40.8347199946
2.12648699972
24.0133939968
24.2038829968
277.552930963
55.2787159926
0.0
30.393225996
6.24435199917
283.042960962
23.5401789969
29.2215459961
48.2735419935
6.17593699916
15.8084069979
1.96782599974
267.145033964
4.96771199935
47.5725779937
12.5482859983
804.695169893
188.331385975
63.4393559915
34.9634299954
232.365217969
498.752865934
1.14393499985
3.37615099955
56.0441529925
4.83396499937
162.419917978
8.84481699884
4.03414399946
1.43318899981
685.733018909
9.35724399875
2.40722499968
10.3453109986
157.579186979
9.0841219988
27.4829559963
2.85318499962
39.3356489948
425.989650943
1.06672799986
66.8785839911
7.485422999
9.7103569987
48.1696319936
13.9140749981
41.8203329944
0.30136999996
0.0
256.209256966
8.61734299887
251.416635967
1254.77201683
382.825047949
11.8200389984
273.908877964
4.34712799942
403.674231946
10.2480099986
1.57026899979
321.642915957
337.053662955
185.556877975
2.16142999971
80.3092499893
418.757894944
367.585569951
470.459711937
496.532644934
122.959736984
424.728349944
79.3088349894
350.753238953
260.530263965
0.163067999978
2.55642599966
1.84617499975
0.91163199988
243.851470967
17.5678579977
101.731185986
86.0969519886
755.1706199
6.8600979991
78.8635399895
8.65669299885
98.9914689869
160.538509979
151.19918798
10.3772319986
2.36019499968
4.5067049994
182.949557976
462.080421939
0.0
16.7179689978
70.8099199906
1.37553899982
101.244043986
23.2770979969
18.3620169975
7.84100899896
6.03861399919
37.9994749949
17.4859859977
105.431541986
2.13701699971
4.85413899936
23.4599019969
2.2844199997
1216.67214284
824.99282589
8.13719499892
10.7283899986
18.8112419975
66.1553639912
123.138976984
95.8230389872
44.4316819941
76.0749699899
1.06370199986
195.805675974
781.234799896
0.769530999896
1.75990299977
329.340057956
7.25099799903
17.6103549977
43.9329839942
58.7626879922
117.220424984
11.4349979985
370.997218951
10.3688459986
6.13399899918
15.6026379979
1.58627499979
3.79260799949
0.993263999868
77.7486689897
6.64521899913
498.512374934
11.6945409985
3.09256099959
49.3021539934
26.4233609965
124.240402984
0.0
437.909516942
1.88433699975
60.9170869919
733.164867903
87.8533529883
82.753849989
22.495823997
5.33828799928
11.7813569984
328.722528956
0.977248999867
49.0006699935
1.27245499983
44.730435994
316.481648958
33.5778109955
0.982348999871
62.0327989918
178.469969976
3.64983299951
64.3714419915
0.994607999868
11.5913099985
2.14023699972
2.37999099968
1.98530099974
84.5831959888
0.607749999919
0.904430999879
0.425724999944
2.86583899962
134.288853982
8.2732139989
0.0
97.8270949871
28.4503779962
12.6857409983
14.3738939981
17.8475629976
17.6748039976
14.3721419981
39.9289319947
146.766719981
81.1999629892
76.6178189898
41.8012639944
5.77903099922
191.395779975
119.125213984
49.3637739934
0.0
36.5015029952
0.0435999999941
35.6915219953
15.5221679979
397.521648947
266.937910964
48.1368549936
73.5782609903
0.0
26.6946139965
199.511113974
14.4429249981
12.0983109984
158.485594979
113.864357985
87.9754599883
5.10213199933
96.9450439871
23.9523719968
530.46576293
20.3663569973
16.8234709978
142.270731981
2.48252199967
42.2228709944
112.025520985
106.652258986
166.773763978
169.392353977
29.5362519961
0.512687999932
26.2428929965
451.63687094
333.657461956
17.6003869977
15.099932998
196.672763974
1091.37233586
23.9992879968
7.41990399902
7.563377999
115.830484985
17.4417219977
3.15837899958
73.3463149902
2.21773099971
3.13296699959
8.61511299886
252.625017966
72.3739229904
0.0
118.709455984
1.43584899981
0.0
75.7723199899
60.342444992
408.947694946
555.952870926
9.53801799873
0.519348999931
2.57864499966
718.828510905
0.157320999979
2.59795399965
78.2259599896
0.660311999912
68.683949991
346.771823954
455.373778939
448.10541194
40.3015409946
0.973964999872
3.37989299955
106.504433986
660.130011912
3.27014499956
618.382928918
7.90816999895
187.853143975
69.0179559908
0.0
10.7071919986
10.7251499986
116.045201985
0.618379999917
0.305702999959
168.732705978
40.2590819947
3.28411899956
1.74302099977
121.294482984
47.8085169937
19.1392549974
68.1824589909
3.68488099951
1.36706999982
459.569799939
6.92180399908
0.935766999876
9.44808799874
360.965418952
1.28841599983
221.71448197
0.0
89.7457929881
1.73366299977
0.287100999962
409.564938945
1.08609999986
102.193290986
56.5927399925
21.5894329971
3.38782899955
26.5309099965
0.977376999871
1.57246899979
223.95275597
65.4639969913
1.01746399986
7.94523899894
832.984521889
1.57776199979
47.0548859937
1.30464899983
14.861604998
4.19599999944
36.0826929952
10.6991089986
318.749609958
10.4482059986
9.31866199877
722.742164904
160.779062979
1.4685129998
1.5221899998
0.0
60.031826992
1.37896499982
5.41695199928
0.0
12.1633899984
7.25084099905
43.7956909942
373.38531995
20.5690199973
2.05702999972
8.17672399891
509.315164932
2.11507899972
395.523737947
3.96690799947
1.15548399985
179.660809976
10.0295569987
103.232343986
113.640406985
4.82096099936
16.5435559978
6.63908399912
154.454309979
745.3904299
72.0472229904
165.077979978
372.75769595
0.0
0.0
59.836573992
550.286167927
245.081042967
1.34538999982
383.576848949
0.0
19.0837969974
96.4020989872
0.114410999985
792.111392895
179.020174976
2.07463199972
328.521013956
307.876576959
364.590108951
48.2110249936
134.335843982
93.4964149875
688.887146908
0.0
316.392008958
21.1760419972
501.941725933
129.030080983
56.9751179924
59.9960379919
191.004187975
1.07658899986
18.9862239975
64.2786569915
44.0074349942
99.4728769867
6.8217049991
35.0988729953
57.4998399923
0.495108999934
0.928633999877
377.78973295
77.6742169897
0.0
137.268459982
10.9258499986
81.4287419892
12.0460789984
11.3717339985
34.8928979954
7.35479499902
82.710501989
26.3237509965
85.4546799887
20.6602889973
6.99378399907
14.5275099981
1.37424099982
48.5336159936
13.7194139982
0.475861999935
2.35487999969
29.6616609961
210.301407972
26.3359669965
159.912879979
9.0527989988
3.64730599952
11.9974049984
131.028255983
32.7086099957
17.0799559977
8.90937799881
309.308146959
16.9233199977
271.292973964
265.102374965
55.8579869925
7.85209799896
338.737371955
470.247381938
69.1763459907
184.334313975
0.0
493.745717934
18.3109289976
438.448242942
485.052407935
189.363605975
7.24728699904
3.64730599952
7.16597199905
3.38276199955
175.955710977
70.9109319906
10.4519939986
10.8484139986
0.865250999887
37.491818995
7.86937299895
156.680135979
549.606455927
329.522497956
165.240190978
339.777243955
319.526731958
0.530002999931
49.4124849934
75.20240999
548.513000927
52.9869579929
233.610597969
850.862695887
4.95523199935
28.1533089963
6.26470699917
80.3395159894
77.0430479898
8.45325499888
80.3147789894
413.004962945
2.96822099961
188.852101975
11.3717909985
2.89210299961
231.050783969
0.0
334.543851955
84.3499909888
293.551553961
750.7994269
11.2268979985
0.414417999945
0.566870999926
0.0
2.77963499963
47.4899759937
213.035556972
94.2144699874
7.70994799899
7.09901499905
0.0
8.88258399883
1176.18585284
1.40123699981
233.823265969
706.963716906
22.882622997
37.9534679949
6.87340599907
74.2361489901
3.47166099952
36.9651259951
23.7376749968
23.6021259969
0.709196999906
540.107152928
27.2239619963
304.19146896
4.77702999935
12.7429569983
13.4483059982
536.147334929
2.41937599968
0.0
2.20207899971
148.35368398
48.0200489936
16.2320079978
287.213884962
94.4883259876
15.289399998
187.551922975
413.082272945
1714.54445177
1.11379999985
4371.20361742
279.830032963
2.58911899965
6.0272519992
0.505430999932
0.0
180.359090976
58.4519789923
52.517377993
0.0
53.4236829929
262.318038965
27.5743669964
53.2329579931
71.3564249905
124.113688983
2.60290999965
213.934407972
29.2792239961
0.0815929999892
1.76798699977
3.63592999952
29.0080369962
47.0107729937
5.66886899925
29.1452479961
16.0989559978
30.7675269959
209.565436972
42.4808259944
16.0270429979
1.28123199983
52.8864269929
27.7478229963
76.5626979898
557.062446926
12.2182769984
14.2860009981
7.38905899903
14.2451509981
54.6639559927
0.640702999916
0.0
0.732354999904
82.4279869891
1.05947799986
131.689469982
5.2188849993
1423.00389081
390.455924948
37.0763759951
5.1463949993
0.481837999935
54.2927739928
59.2650309921
52.2798929931
12.9028879983
6.52043299913
6.24951599916
22.8515489969
113.269932985
19.1402129974
1.57933499979
244.862543967
21.2816029972
148.12680398
57.9596279923
13.5830159982
18.3731959975
0.0
9.45300699873
412.571280945
0.751511999899
9.62525099872
8.9994579988
75.8435699899
13.0264459983
24.8015549967
2.57903999966
569.160092924
101.150843987
147.00913298
121.040816984
114.183709985
45.6762759939
94.8527639874
11.6229499985
17.5645579977
1.08019299986
185.219677975
8.59577699886
25.6599089966
97.483120987
89.6892219881
2.17599099971
377.74743795
3.97547399948
122.679022984
479.424421936
1.88898399975
2.56921699966
29.4765139961
8.22593899888
15.460417998
278.774382963
400.328583947
10.2622229986
476.573808937
374.48161895
499.393881934
1074.19561886
182.513969976
0.0
24.0443909968
435.142625942
26.7813669965
0.692904999908
1510.7839318
0.738081999901
1016.62925287
39.8728689947
0.264279999965
5.63525699925
0.254713999966
9.83065599869
3.23944099957
238.720873968
567.797835925
659.088408912
2.2566219997
8.3292939989
284.079108962
114.239832985
501.568069933
56.6918139925
163.522491978
164.213387978
6.42258699913
222.84200097
1.80967499976
189.112562975
313.284557958
35.9766899952
6.87854299907
0.449385999941
146.71634798
6.7078999991
5.06288799933
0.0
2.22287099971
40.2256419947
3.79628399949
21.1627859972
176.631418976
23.2532599969
1.36092799982
3.0206849996
23.1764269969
167.167254978
83.353424989
3.20342499957
1.26056399983
21.2811029972
275.296788963
0.67664699991
8.62199599885
22.2522429971
10.9325539986
13.3758089982
3.32357499956
35.2513809953
46.4897829939
85.7072549887
4.16465599945
157.293256979
46.131011994
5.68936199923
17.8650099977
3.11850399958
13.2685719982
420.551974944
197.473864974
89.3528579881
144.917337981
977.95357387
1.38219799982
509.669518932
0.694725999906
122.627527984
325.148770957
245.200515967
84.9867339887
0.0
139.889750981
66.9466159911
0.0
154.595947979
95.8169769873
4.15008299946
1.02559699986
11.7789919984
13.9115769981
8.07325799891
90.943941988
0.537678999929
6.38277599916
57.9132919923
256.309028966
17.6144019977
11.3573279985
58.1276099923
175.060844977
84.4274839887
226.68834997
1406.48266081
20.0763659973
0.97711599987
76.9896469898
71.8577719904
440.514796941
756.0349899
637.188947915
540.566862928
7.23052899905
1.70042199978
78.2385429896
187.054332975
170.939395977
112.511681985
606.504435919
1.82412199976
1.56986399979
0.145322999981
42.0506039944
33.2033379956
0.961306999872
14.720110998
19.3682799974
416.802195945
177.326909976
53.6275799929
75.57603199
322.371859957
115.155304985
0.0959619999872
388.357295948
35.4444069953
154.614365979
0.196661999974
1455.25113881
329.765937956
0.0
525.64616293
575.815660923
8.69831799886
2.3003989997
4.22447999945
36.8032899951
3.38064199955
45.421941994
132.011504982
9.67561999871
6.7690039991
11.7286809984
2.89206999962
278.647617963
3.99777799947
27.0346109964
144.276138981
27.1231139964
5.83779599921
5.34705799929
17.5868979977
34.7265759954
32.1042819958
4.65884399937
55.9091289926
3.44570299954
287.863200962
11.9277399984
21.8525629971
18.8849489975
10.1523029986
18.3352179976
7.16534999906
7.19452499904
5.53496499927
46.1915529939
4.07510599946
141.143983981
1.27245499983
12.1074759984
2.60797599965
230.648162969
310.028450959
758.280324899
14.2082009981
466.375549938
164.439830978
69.1630729909
138.501124981
194.868178974
12.1187709984
313.464293958
166.072242978
0.0
29.909462996
0.955895999874
0.184265999975
15.206569998
87.7812859883
156.213713979
174.757238977
2.15332399971
58.9541219922
93.0555929876
105.877348986
12.3599329983
582.506715922
3.41934099953
526.66711693
7.94059099894
2.48419399967
132.728035982
84.7391639887
325.630306957
536.570512929
1648.12745778
2024.14652973
49.7267529934
3.17046399958
25.5975889966
503.123195933
160.964726978
0.97898999987
58.3214329923
8.01603599893
168.172418977
1.18319299984
491.443509935
512.117235932
51.0180779932
0.0815929999892
1.33910699982
21.1616749972
4.61339599939
66.4249109912
13.1311799982
283.814173962
118.668222984
6.12104199919
63.8219679915
2.38196799968
16.9450679978
26.8639789964
136.571189982
14.863497998
0.0724579999902
414.862300945
90.379139988
41.5955829945
183.825711976
2.37656199968
604.729128919
63.8512929915
16.7844179978
3.86933499949
9.0103919988
60.6567689919
519.544420931
3.61792299952
90.5856539879
20.0139359973
1.78435799976
157.725410979
2.83826499962
9.23392299877
271.160046964
25.8052619966
191.547562975
423.379260944
4.78418399936
1.66582199978
1.19561399984
0.0
195.181217974
62.6405969917
13.3647369982
3.57221199952
14.763627998
432.119782943
78.1356079896
1.65860699978
11.0037249985
297.15519496
677.02351191
10.9593669985
2.89101999961
65.8538699912
830.64112289
42.3332209944
10.6516139986
10.0065019987
21.9669739971
5.29925699929
1825.39841476
36.1612799952
4.81204799936
128.457144983
677.26839491
26.6898809965
15.8526229979
17.9195809976
38.5235419949
110.822297985
1.39862099981
112.927023985
1.08173299986
630.862805916
12.8497639983
40.0209859947
1.34125599982
296.419038961
755.061272899
462.246972938
0.433855999944
0.7604499999
7.41923999903
5.2407479993
1.28101199983
24.7402699967
374.50858295
944.173302875
1.85582099975
532.003121929
62.6374519917
60.7565439919
117.916473984
448.84242294
422.158505944
2.12889399972
66.767430991
47.6837349936
2.51352399967
0.0
68.6660479908
16.7843419978
0.597714999921
212.541790972
9.20883999879
140.027336981
29.843251996
42.6906269944
3.92585899947
113.832745985
51.3116929933
2.61403499965
477.372724937
624.512873917
11.8738089984
3.82643799949
77.9847819896
471.136323937
117.236619984
453.09079494
111.870738985
341.558193955
69.6153209908
148.12919698
80.7665149891
450.79266594
279.719120963
23.8361879969
199.326814974
40.4218399946
89.8980589881
58.5835279922
77.1489779897
554.884801926
56.1139399925
68.5753449909
27.8982779963
215.047355971
234.902789969
138.481882981
95.2008359874
5.51315999927
0.0
257.453353966
167.632857978
0.0
107.091828986
33.7697399955
2.2328189997
2.2794639997
68.7050069909
40.4263479946
595.63420492
66.1932129912
38.2184389949
11.1063619985
59.0049639921
294.839463961
19.4793149974
39.9225409947
5.90565399922
303.22680596
7.545468999
446.871311941
43.4895579942
67.1801579911
25.7959369965
16.6355469978
26.0144929965
14.949560998
116.241666984
114.381123985
2.29140199969
7.68431799898
116.677238984
2.46176199967
70.7791019906
152.80526998
0.340276999953
251.605279967
336.051329955
31.7637419958
488.978153935
51.9413589931
66.3306339912
51.7367659931
112.605625985
1.20200399984
239.520536968
374.91754095
8.60800099885
1.36867099982
34.0465489955
20.8742349972
0.0
14.0981009981
7.67908399899
176.293554977
55.9741269926
138.042448982
478.216872936
334.057122956
2.78993699963
349.913835953
3.27708199956
0.471092999937
213.169178972
0.994759999867
0.785949999896
0.0
562.198167925
5.53978699927
0.512991999933
8.14307399891
7.37440299903
25.1991049967
0.579727999921
47.8784699937
5.75923499923
275.323444963
1.5016269998
2.04494599973
0.351733999955
20.9467519972
10.9546759985
45.8144649939
0.707663999905
124.908038983
157.181390979
64.5962709914
11.7067179985
55.4872819926
179.792933976
110.494033985
712.624992906
35.7072959952
3.0014709996
16.6336709978
6.52770899913
298.51752996
14.4044989981
0.596802999921
6.0085569992
0.865478999885
52.628952993
47.6305069936
35.7941249952
48.2302849936
38.6535949949
15.072377998
9.36312099875
43.9498739941
123.830729984
17.8849729976
36.6675679951
132.641407982
73.0323489903
50.5544539933
46.1518089939
2.64872299965
521.502635931
0.0
0.416649999943
60.5638739919
0.0
178.145709976
35.1041139953
145.000433981
51.6183339931
473.138769937
528.00785293
4.21700999944
26.3556099965
569.850338924
2.39502199968
75.00355199
230.255146969
0.0
40.2872879946
9.7369949987
0.624257999918
5.92398299921
50.7293049932
0.715909999906
0.0
1.11291499985
26.2778359965
61.6606319919
437.183642942
18.5232509975
0.0
1079.85846686
0.0
3.34789399955
11.6955119985
5.52740399927
1.73234999977
659.984536913
1.16863399985
138.429247982
44.0973429942
209.916711972
595.107810921
30.6521029959
44.891062994
26.5079059965
1.43930399981
306.729036959
193.330034974
298.70362096
14.0316599981
0.0
39.3829879947
1.11027799985
0.0
216.076146971
37.307369995
1.33324199982
4.72247599938
35.1970909953
2.91475399961
2.55993799966
656.009869913
21.9607099971
197.699952974
65.2889019913
116.281857984
227.02908097
42.2237869944
1.97565799974
13.8645669981
21.3144369972
0.108008999986
151.57827798
5.01478799932
10.0961039986
2613.69317265
1.17325899984
34.3333469954
78.6676969895
0.646944999913
0.621307999918
27.9597419963
0.53560599993
21.3735969971
151.29608098
121.921383984
160.352109979
140.669831981
30.7825569959
10.3701829986
166.043210978
3.7132429995
580.031809923
109.154755985
1.06672799986
1.00559299987
73.2567139904
84.9472489887
112.653743985
126.756902983
88.3875069882
3.98649599947
20.9703969972
370.697447951
93.1618909876
11.3257459985
668.428771911
672.243058911
638.217727915
0.0
0.186044999975
4.27561699943
0.157064999979
66.658286991
131.163984983
4.26571999944
77.8582179896
1271.26645683
274.700839963
43.8527679942
102.608047986
3.24828999957
30.9030579959
28.4891069962
5.69666399926
5.63068799926
27.0481109964
113.440053985
87.8010519885
8.00654799893
131.044992983
215.237859971
56.6165069925
7.12177599905
55.0384989926
28.5684109962
0.0
202.340615973
374.12117795
12.0834029984
2.46202099967
7.21250799904
2.2523409997
942.218568875
274.246298964
33.7506439955
1.79376499976
116.608594984
0.0
3.28038899956
20.1421769973
8.92750399883
149.47589998
14.5215999981
445.383419941
5.02190999935
0.264852999965
136.362034982
38.4555989949
77.4768599898
2.2965479997
62.2271549917
47.3528969938
5.11570099932
6.8262909991
10.0087479987
3.7876739995
13.8608839982
333.988423955
3.05386299959
59.2977149921
3.27424499957
1.4913079998
282.845347962
0.0
275.695592963
69.6545649907
10.2467039986
58.8952249922
1.03507799986
12.5889729983
8.01115799893
729.603419903
98.7557719868
32.7109699957
408.687313946
65.5718439913
10.9132349985
274.807889963
22.511396997
6.52015099914
1665.04344378
462.409570939
11.3253159985
1.45084399981
422.242282944
253.109156966
46.7452039938
8.71553799885
5.37156999929
2.76716099963
518.401367931
45.010075994
440.518202942
81.7835839891
8.20510399891
6.40461899916
313.541675958
512.590252932
10.0834159987
1.98817399973
2936.12616661
308.181719959
120.536351984
1.04261799986
17.8929219976
2.46519799967
498.034825934
102.817276986
24.5723599967
48.3199319936
4.91710499935
57.7776779923
151.51869998
28.8793949962
0.282983999962
64.5440109914
0.792739999893
1012.95855887
40.2067619947
493.815940934
1.65676299978
22.524601997
321.634863957
106.303293986
543.862483928
1.00387299987
225.06098797
30.069766996
7.74199499897
63.3561769917
54.9387639927
259.563721965
287.056737962
1.5149529998
38.9280709948
2.61642499965
38.4976549949
0.0
1.77886399976
65.6786399913
14.1789529981
194.446583974
46.5351719938
4.01032999947
32.8007419957
0.633338999917
4.4753309994
36.9531049951
3.24687399957
44.905115994
49.8454239934
20.9019349972
0.0
1334.08923482
592.230165921
14.940885998
3.08447599959
140.896912981
50.5541419933
354.118156953
13.1260609983
75.9511579899
1.75411999977
0.452429999941
1.38250399982
8.57830299887
210.741760972
23.8306119968
11.0895729985
45.145051994
33.8712589955
27.7514929963
177.925303976
4.36057399942
9.37315799874
26.7457349965
2.2696459997
1.30430999983
564.887079925
1.82232799976
699.286779907
268.794942964
300.97621596
41.5632689945
368.173499951
5.55947199926
2.57096199966
1.5061289998
362.461645952
216.306626971
49.3821519934
2.02648799973
473.909325937
1.94200999974
31.8951819958
36.5016519952
8.50458999888
45.087233994
14.883666998
181.236610976
0.404932999946
226.20828297
43.2171199943
77.1957259897
0.98670299987
66.4388189912
11.7157299984
21.1302869972
204.495786973
23.3349079969
93.3061879875
26.6793759965
0.826524999891
75.41085499
5.80718599922
0.0
189.898657975
5.09588299932
15.185818998
27.6012989963
614.068600918
20.7045519973
11.3253159985
226.56807497
780.932289896
11.6484229985
291.950482961
2.10348899972
13.1354749982
3.84210399949
1.55573999979
14.691904998
67.0218179911
0.0
44.7190829941
0.0
219.616492971
12.7450909983
214.115833972
498.726734934
3772.8055195
10.1657459987
393.194365948
9.8326479987
15.8893709979
4.10729299945
2.86818299962
37.659121995
417.780754944
452.93619894
284.629876962
962.441524872
4.75749199937
20.3264899973
65.9809719912
48.1094019936
16.6232599978
108.037535986
17.5556639977
10.2219669986
3.47694399954
87.3759509883
18.5614469975
8.18916399892
71.0925039905
3.65028299953
7.60319199899
0.956131999874
26.8092729965
4.74652399937
163.129210978
185.267892975
6.24993999917
5.1561359993
1.01806099986
8.14518599891
44.2813539941
120.001576984
27.1994479964
56.5814209925
12.5032449983
32.7523569956
49.3684649934
768.661536898
3.68058899951
702.922715907
0.256531999966
2.11117099972
53.2017749929
59.7951129921
1.07455599986
1.5091009998
280.885046963
55.3946119926
33.7105359955
9.74201099869
9.17390199878
10.7598599986
150.56287898
63.2906689916
185.978190975
96.4162289872
179.367043976
39.1318139948
1.85971799975
83.5077959889
166.996034978
11.7865829984
26.1904169965
230.545327969
1.78435799976
22.800284997
2.69131399964
11.3572789985
28.5622359962
10.3589869986
97.947315987
0.0
6.91525199907
1.99852099974
4.40149799942
5.10657399932
1.55960499979
0.0
87.9002049883
1.17599399984
0.0
51.9660949931
146.596399981
1066.68200586
0.276520999963
50.5732769933
15.8561129979
0.701384999906
39.5487029947
19.2604369974
657.848717912
13.8794459982
349.605209954
21.3394489972
90.2401419881
206.639986973
105.776652986
51.3889949932
102.009875986
65.7670439912
7.19940799905
0.404813999946
89.2700379881
248.723297967
102.486652986
51.6633219931
0.493669999933
29.5113119961
495.415617934
623.797312917
963.206939872
0.0
74.0735459902
44.4298379941
40.5777469946
36.2898579952
27.8780449963
0.694424999906
36.0875499952
383.204271949
11.8888779984
9.23879699879
72.0019169904
117.342870984
176.925197976
2.60143299965
12.0176749984
8.11514099893
20.5858609973
14.4057909981
0.715909999906
4.87244899935
0.782665999897
291.795079961
298.00654896
14.897985998
14.2179269981
112.023919985
2.00549899973
1.4733459998
961.162434872
26.9576519964
3.68372199951
2.84376699962
36.8495009951
9.40459799874
114.142217985
15.6390489979
2.65389399965
1814.10829476
0.0
32.5283219957
22.704407997
130.359472983
15.226419998
8.93272899879
0.0
0.0
222.72014397
1.98616399974
18.3252819976
247.936118967
15.8708579979
10.3295729986
188.646564975
35.4333749953
0.0
226.22764197
1.68414699978
1.23693799983
516.590961931
1.65273699978
33.0728969956
23.5180379969
15.9835599979
50.0646419933
40.0803879947
31.9560349958
94.7772429874
4.09511999946
1443.28805581
398.963086947
5.09694599932
1.95744799974
0.339010999955
1.37529199982
269.860252964
109.093166985
1.14767699985
108.170029986
415.782546945
1.37957599982
3.61545199952
35.6122089952
121.807490984
3.90843199948
3.14876099958
17.8888209976
173.456058977
5.9498609992
0.0
66.6457119911
57.2213969924
12.8081449983
10.1908219986
57.1078939924
109.512257985
196.224779974
15.6530599979
65.3497939913
8.14974999892
226.41948197
13.8471019981
419.389358944
7.07789299906
13.8607299981
0.0943119999876
36.0202379952
0.0
38.4793259949
184.463030976
16.5690939978
0.0
4.05438699946
12.7636499983
14.942190998
74.8606579901
31.9716189958
35.7057679953
3.86562399949
63.6900819915
175.158082977
286.078476962
1.07893699986
3.94878999946
151.72654598
472.700244937
225.84851597
121.276306984
391.362046948
0.282983999962
27.5675319964
113.053744985
109.722457985
2.90165499961
3.24515299957
85.9582789885
8.79002799885
6.86335999909
0.0
75.2421129901
7.81371299895
9.40650699874
3.96676299947
24.9845339967
59.4406339921
13.8529109981
4.46806999942
462.573240938
8.19189299892
39.6779309947
103.065427986
438.190559942
257.161576966
37.1463299951
515.273548932
878.670801883
6.05078099919
0.781469999896
3.30726099955
245.521304967
17.3512619977
1.36570999982
17.8882349976
342.615048954
6.58237899913
8.84298499879
6.63172399912
242.282237968
6.83913399908
161.178423978
87.2379109884
227.80645297
4.78351399936
163.750610978
316.273686958
20.8410549972
1131.86153285
1.33324199982
0.595414999922
9.58942799872
36.9121209951
62.8673089916
25.6347299966
431.168960943
556.244341926
0.98167699987
86.4271149885
6.0172949992
27.9795939963
1.17901599984
1.91400199975
23.1052119969
0.836242999889
154.896211979
4.04812399946
0.510311999932
3.0527649996
254.641071966
35.2890749953
0.0
2.17013699971
570.723439924
19.9651749974
30.211064996
104.433256986
479.083406936
1.4955049998
87.1899389884
107.930532986
8.75750999883
47.0037239938
2.83314999962
2.76495199963
849.330135887
7.05995999907
10.3424299986
4.76752899937
4.15791099945
81.3435349892
8.06608999893
6.90665299909
37.668855995
18.0790879976
18.1721129976
29.2109979961
4.17564199944
12.5564219983
114.986251985
278.614547963
1.67076599978
199.470556973
1.06789299986
534.945910929
23.1120979969
1.13736199985
0.0
7.99688299895
24.7143309967
9.82120599869
26.4928819965
483.202373936
15.8205419979
374.57547595
626.061656917
12.6008839983
24.5556909967
127.744055983
41.5448829945
582.903031922
35.6863479952
2.93224899961
39.5057479947
363.315598952
159.291547979
55.3731329926
31.0556399959
65.6046559913
195.135610974
75.4308779901
3.82619299949
3.84154999949
0.351006999953
13.6150029982
2.97790399961
1.38966799982
22.650524997
40.2328879947
1228.80547084
9.33851199877
323.662965957
223.18372497
3.65133599953
3.8670609995
7.29291599905
260.526016965
2.82850799963
118.677960984
231.304352969
1.20712699984
80.9417549892
14.4409479981
219.648962971
3.67987499951
5.21009199931
18.3855149976
17.0494259977
25.4219839966
173.769774977
62.8398139917
90.010934988
4.07147099947
3.21058399957
26.8963169964
96.7366179871
2.32663399969
102.064399986
2.43318299968
12.4428129983
65.3920109913
1.09928199986
31.3672569958
36.3243379952
178.145551976
0.0
260.754277965
184.351408975
10.1988639987
16.6015059978
18.9148899975
8.41652799888
46.6232729939
547.769236927
39.7704909947
1291.41725583
4.28767499944
14.7775249981
6.12378799918
8.1992839989
75.8589479899
1022.85964286
12.2085959984
209.652318972
45.4238699939
976.49077687
447.393592941
0.250206999967
6.82606799909
38.6924059948
30.5626989959
0.0
0.0
2.76389099963
74.2795789901
31.6733059958
0.280229999963
2.2593489997
507.019143932
7.81849799897
3.94396699947
44.7867009941
106.649020986
1.25072599983
79.5857139894
43.5752179942
286.613467962
4.70639399937
0.852208999887
1.15662299985
39.2773399948
76.0635119899
221.254784971
38.8379389948
15.6550869979
50.4891169933
246.748256967
5.10114399932
66.5767849913
211.268950972
0.89887099988
173.330291977
503.077937933
104.564217986
192.952622974
0.488287999934
10.4346009986
187.251794975
108.800536986
42.2966379944
4.48852299942
1.86677699975
6.8148339991
41.5829409945
328.906756956
29.807737996
24.1846369968
102.384158986
100.585381987
18.4102829976
450.64364894
215.631927971
7.91439799895
16.4802569978
540.115600928
0.0
2.46993799967
71.6574279904
519.943824931
0.0
35.7963219952
0.0
36.1675199952
365.192367951
23.1410219969
6.25388199917
160.680661979
31.9036579957
413.364900945
1.23118599984
7.68140699899
8.24132599892
32.0200269957
5.13341399932
1.07658899986
150.09412198
111.453672985
4.70051299937
281.346267963
0.66985899991
457.909615939
292.417680961
0.405858999947
503.476543933
259.493235965
141.609373981
10.2651019986
28.3226249962
23.3801039969
8.87499299882
114.677142985
4.5278569994
43.7828679942
23.0967699969
0.0
5.60208499926
13.4553449982
10.6698149986
6.87212599907
36.2571639952
3.73733499951
565.258051925
9.29404399876
21.3312369972
24.5148549967
14.892158998
56.1432159925
0.0
0.0
6.17835099916
175.503246977
34.8619919954
81.2912019892
1.90093599974
12.9324249983
473.475781937
2.50317399967
1.09608699985
1.56519999979
3.35885999956
0.730405999902
18.8778079975
2.41524599968
91.8896929878
28.1591379963
1225.82957084
384.251429949
4.30717299944
2.72175699964
676.99565891
484.499444936
12.4099559983
9.26107799877
197.212116974
1.61231499979
6.72856599911
609.474505919
34.8450889954
11.4291899985
487.886045935
515.855451931
879.237296883
1.94714099974
1.60241999979
22.324106997
41.3344379945
1.45413899981
8.77439899883
8.60103999886
428.775127943
236.391566968
131.487669983
5.45931699926
1.65514399978
2.06972499972
20.4403449973
138.032378982
231.159524969
59.5956079922
0.909930999879
2.64243499965
134.911926982
1.70532799977
3.92086299948
323.869401957
19.4012699974
26.6003089965
21.0669429972
3.40271899955
8.54869199888
2006.16231573
165.531217978
120.178558984
67.4831319911
46.1635809939
349.339743954
21.6774339971
0.203453999973
376.91869795
7.48865199902
85.4560439887
241.182258968
389.438063948
65.1755019913
39.9693539947
0.090566999988
37.688074995
10.0179409987
0.0
4.04709999945
18.9555569975
7.92458199895
373.65640495
3.46917699954
443.693721941
8.46524599886
12.3093509984
50.5839119933
95.8013249872
872.802444884
356.409670952
39.0068999948
125.368985983
29.3288009961
85.6216939886
296.115410961
103.867390986
43.586623994
0.692169999908
2.35702899969
67.759660991
5.03543699932
59.9765079921
18.0742409976
5.53686499927
0.96411199987
0.0
333.370334956
0.0
71.6483429905
103.482307986
1.91757399974
1.58927599979
562.542592925
1.17087499984
18.8419819975
3.18892199958
1.20644399984
47.7501469936
352.910347953
9.75592099872
26.0431859965
3.64081199951
65.2868399913
71.0365519905
188.182297975
84.0474059888
0.677391999909
10.9194909986
0.725290999904
716.845632905
302.60209896
1.89479399975
3.44929199954
0.671488999911
6.89837099908
5.54009299926
105.125986986
0.553408999927
4.71097899938
89.5423759881
24.2075389968
15.8921709979
0.0
3.45322999954
11.4867119985
224.41661497
0.872373999884
2.43189099967
226.66727997
6.53621499913
14.879064998
409.051029946
5.50419899926
113.875484985
10.6085959986
137.223518982
118.655151984
10.9626709985
0.913946999877
1.86330099975
609.428830919
15.7709719979
393.100319948
1219.29258684
8.84524799882
180.093904976
268.154633964
11.2315829985
0.97898999987
402.293336947
5.97277299922
0.7604499999
8.33303499891
8.99246399882
21.2676379972
229.712409969
12.8728179983
194.305209974
74.4338769901
275.282619963
26.9687499964
418.681273945
21.1233109972
114.199832985
679.09309891
25.9050799965
11.1664469985
113.495293985
11.9475919984
195.589540974
385.447335949
35.5085099953
18.3637849975
140.326356981
18.1396929976
2.2848479997
0.0
506.128949933
9.8826919987
0.0
156.430883979
2.91481999961
44.1460719941
0.0
1413.21168181
99.6552559868
87.0023249884
0.801339999893
93.9743829876
1.68524199978
41.5147419945
21.5742929971
172.434124977
9.72173799872
0.988080999868
99.7972609867
4.43073899942
39.5451329947
75.9645229899
7.47279999901
0.591503999923
5.85975699923
15.8860439979
4.58233399937
2.76183199963
0.0
107.702937986
0.0
108.154442986
286.492583962
26.0632219965
4.07832599946
20.4513989973
68.8690299908
56.7293659925
6.51931199913
2.81708299963
69.2828199908
15.8659969979
841.942393888
84.7973889887
27.3366979964
26.7823089964
25.5526469966
0.0
419.504118944
199.814285973
8.76457899884
0.0
3.92775599947
4.12495399946
115.425828985
29.995841996
28.1855459963
30.7919739959
79.7473739894
277.552386963
23.4485819969
109.963625985
53.4329959929
1.11775399985
844.334837888
531.264977929
17.2354519977
33.9078189955
260.835219965
8.3023169989
10.1141159987
0.0
84.3049329888
19.9305819974
0.315714999958
11.1194449985
421.196098944
54.8971179926
670.318025911
3.93302399948
548.846618927
142.265790981
181.085856976
0.0
8.69188999886
75.07991499
98.5057989868
313.959512958
2.76283199963
0.0
3.7967779995
93.1375109876
42.1936099944
45.7777569939
3.54071899953
179.927065976
0.125901999983
24.8886869967
255.082707966
16.3531129978
79.2453359895
6.20548199918
55.8686749926
267.452035964
181.965520976
75.50038899
1.35853399982
474.329989937
75.32047599
7.91738499895
0.0
145.567193981
23.1448329969
35.5950739953
0.771334999896
14.765460998
0.22544599997
0.220526999971
0.391968999949
6.49492299914
1069.14902686
232.764185969
11.4632629985
0.973964999872
49.9652079934
159.005161979
16.5112719978
590.185187921
0.785550999894
978.92511687
52.2249029931
9.1339309988
357.351575952
13.8073309982
27.7635239963
1.34184699982
111.556231985
328.758542956
51.0957909933
0.0
80.8839129892
1.4862009998
1.73895499977
0.995725999867
0.601966999919
45.5036889939
26.6649849965
18.8464509975
12.4219189983
5.50504599927
8.07222899894
56.2293949926
450.73332094
5.32404999928
212.513142972
5.80663299923
56.1737439925
129.938959983
0.0
1.39389599981
379.820313949
153.94321998
50.2514909933
5.99290299919
9.95848099867
23.3632959969
6.23773499919
229.24869497
75.07418399
125.210496983
9.86248099869
0.67359999991
153.88065498
129.882731983
19.7553389974
13.1755809983
19.8628929973
22.893668997
0.45134399994
161.258714979
148.23991698
225.51752797
140.277313981
0.0
428.239225943
1.36502499982
27.8240009963
4.5217819994
572.120417924
1.02559699986
16.0796309979
81.7493499891
17.7561749976
58.5686959922
7.41908999902
21.4879229971
863.668583885
2.11736699972
323.155542957
400.249169947
8.39979399887
11.1723229985
25.9130609966
233.744536969
1.59793099979
8.49991499888
59.874302992
0.624065999916
17.3745079977
143.511171981
107.615261986
10.6427489986
4.95221199934
2.89210299961
0.230667999969
26.3691679965
247.323485967
100.006292987
160.545701979
178.635767976
379.534810949
55.2160389926
1.15188799985
123.779772984
3.32063099956
2.57434599966
10.3308989986
34.7337029954
18.1141539976
4.99676299934
540.988880928
9.47151199873
78.4505059896
1.92751199974
12.9367989983
0.433855999944
0.0
125.418922983
4.13669699944
1070.87059586
441.910241941
86.6057059885
33.9410599955
1359.59722282
60.7882459919
613.058581918
65.9243779912
128.799995983
50.0349279933
12.6436579983
1.02021199987
1.21066699984
3.52102899953
1.95100199974
405.168094946
16.8209889978
0.0
0.619709999917
103.981001986
124.619064984
368.930625951
1.03494299986
36.2354939952
2.18859999971
371.890613951
753.8637919
35.8528459952
1.5408589998
28.9429549962
197.071192974
0.0
17.8515159976
75.8781699899
0.0
50.4084589933
4.93191499934
162.398407978
87.6537629884
0.0
89.6625889881
290.963639961
947.374209874
243.239906968
0.0
67.542847991
0.7596409999
37.1318379951
19.6053609974
365.878764951
441.263589941
121.671239984
5.82484499921
1.23177099984
112.014624985
1.10711699985
2.38988699968
50.0598519933
68.9834939908
470.221585938
55.6804059925
85.3013819887
2.15748699971
307.986420959
55.0512959927
0.548847999927
606.580331919
1.29356299983
213.547382972
17.1454189977
1.95255999974
450.48279094
158.357404979
2.77140999963
0.621307999918
20.9096029972
360.504827952
2.89854199961
1.13405199985
0.122871999984
222.287853971
7.25827499905
553.316881926
7.457820999
6.12269699917
0.256531999966
407.947234946
90.350767988
178.987248976
61.8376099918
102.099786987
481.541373936
444.687584941
45.061620994
6.85178999907
44.3722609939
45.090229994
12.4388219983
392.548014948
136.542375982
42.9056659943
0.0
15.5346089979
46.7290139938
101.697453986
13.5276809982
1.00438899987
37.166507995
65.6378609913
43.5127759942
1.00438899987
25.9780409965
0.0
0.97711599987
636.821355915
470.741781937
1.90642699974
233.113653969
211.690724972
185.447850975
20.5697999973
250.540845967
293.502834961
5.54168799926
11.6212939984
79.2041829895
341.774850955
104.738099986
39.6183809948
35.4062309953
65.3173789913
1.71658499977
0.886895999883
11.4021429985
53.3262439929
19.6666969974
397.855182947
3097.86618859
1109.96810785
624.360145917
132.413950982
119.627208984
70.9290829906
15.4328709979
0.787200999896
197.503706974
224.91145597
12.7389199983
670.729975911
204.231857973
433.835033942
7.89878599896
617.244686918
17.0738629977
12.6766979983
35.1186329953
18.7213839975
0.0
316.714385958
145.544764981
7.97871499893
14.4953349981
451.64289894
85.3264089886
10.7478059986
109.997289985
56.3881599925
0.469777999939
2.34016699969
12.8016569983
10.1870959986
274.538037963
0.0
21.4968349972
175.920246977
3576.09162752
121.283360984
408.466313946
444.842665941
127.635162983
10.3877299986
97.0322219871
87.8738559883
2.70267799964
6.34767099914
25.4621079966
3.11574799959
44.0200889942
1.99539799974
9.17189599877
0.341804999954
29.7562459961
0.0
8.83072099884
520.262919931
144.956334981
45.8129709939
172.292123977
26.2122789965
3.33876999956
10.5244759986
81.3559239891
111.650950985
1.07857699986
2.3024749997
68.8707869908
39.2631019948
48.6854329935
0.430683999941
9.32937599877
4.58661199941
36.9065509951
8.54374199888
166.448751978
37.489663995
95.1370609872
123.952401984
212.864790972
429.312839943
8.85001199882
43.6792159943
51.1315429932
0.0
976.787315871
49.5006009934
162.071084978
159.543052979
17.5945629977
85.0417619888
48.8154519935
3.8161699995
112.893589985
27.5898349963
230.73727997
269.651249964
24.2674679968
365.746136951
1.40009999982
87.2667819884
3.29762999956
648.333266914
0.0
464.637882938
505.142339933
19.7691609974
454.28896394
97.1161329871
595.614971921
282.778934962
248.026880967
9.00527699879
2.76704299963
7.68906299898
18.7007449975
789.198133895
398.138486947
49.9694559933
41.7711809944
5.15535699933
40.8615939946
331.944798956
81.6077679891
1.04700299986
1.66314599978
18.3363289975
13.6453179982
7.00575499908
586.510454922
77.2643199897
224.22464697
31.8336089958
8.88414199882
0.190628999974
3.7554309995
134.262871982
318.720601958
58.9217519922
8.10171899892
11.8269069984
101.784228986
88.7012259883
58.1728619922
12.6977159983
149.82165998
8.72048399883
7.97292899894
581.065664923
5.76784199923
11.2426279985
4.5517549994
218.858355971
430.406010943
84.6275839888
86.6512629886
1720.33775477
108.985892985
646.136323914
1.69724899977
111.238887985
70.7469479906
77.1784169897
25.6575389966
531.008018929
39.6323189947
12.2211429984
134.175054982
36.6922279951
353.333547953
442.723805941
93.6587359875
416.480763945
503.008393933
196.685924974
19.8684519973
1249.44322683
1.44937399981
57.6774439925
221.50553697
637.848739915
87.3669199884
196.149778974
202.781911973
245.090579967
2.2702309997
12.7949269983
13.6944329982
104.871557986
148.59413398
1.00944099987
14.5911579981
178.512745976
79.8587469894
0.871773999884
358.707167952
0.865478999885
0.558533999927
88.5279669883
0.272350999964
0.448174999941
20.3250869973
943.675865874
1047.87197786
19.5581899974
131.481557982
58.3600309923
13.5372419982
9.19023499877
1768.10076677
168.646515978
1.89408899975
176.131421976
327.439532957
544.999932928
103.885524986
265.713945965
0.97898999987
850.737781887
234.156761969
255.873353966
109.343100985
0.0
0.0
4.74980599937
425.512446943
81.0040479892
29.5324369961
1.21614599984
86.1605919886
160.385375979
452.41154794
1.44532599981
6.93456399908
2.90339799962
1.16863399985
1.08429799986
3.0445169996
6.96270999908
85.6325919885
3.47611799954
247.881191967
220.417652971
1.68318899977
15.4155989979
0.45134399994
1640.29040178
1.26228899983
220.082163971
6.7485709991
0.0
8.69870599885
304.475449959
50.7387249932
233.680607969
404.408065946
2.86059299962
6.49421099914
0.525345999932
51.3800389932
5.53100499927
44.3940199941
388.613004948
616.853797918
3.7132429995
8.16448299892
5.2850509993
15.9435649979
15.023555998
761.506533899
73.6099269902
1.31676699982
8.39345199888
45.9763549939
55.3066929926
0.329471999956
538.496718928
753.9689669
40.8571489946
86.9495709884
1.32248699982
189.514367975
1659.28146878
9.14120299878
3.7501489995
648.680608914
241.028025968
228.70827597
3.07675999959
79.8027509893
298.52374196
740.568529902
16.3504959978
61.0121949919
2.04840199973
2.11937899972
178.704275976
102.843972986
111.002743985
307.653418959
113.349888985
26.1409729965
36.8561509951
276.986160963
67.548963991
28.4089649962
273.950952963
7.74177599897
0.406328999947
11.7873929984
36.7112519951
7.523494999
3.0272479996
15.195325998
22.0712389971
0.0
22.350122997
644.348846914
11.0590539985
434.475791942
33.2798379956
0.0
0.235627999969
5.00848399933
427.108847943
7.03316099906
193.575869974
799.792892894
315.417007958
83.6273839889
615.962324918
176.218299976
273.292361964
112.512546985
1.60417699979
28.9174229962
3.10011499959
30.8632499959
35.6905979953
0.604590999919
154.26842998
263.922409965
152.59000698
28.5800499962
103.045867986
139.554320981
1.55901599979
265.017272965
206.613884972
91.2805899881
11.7741579985
1323.26216582
62.3890779917
22.8936989969
168.164739978
2.39334899968
77.9638599896
254.511053966
78.5985619897
460.039530939
646.782507914
10.3801119986
60.401594992
193.331232974
254.187491966
42.7174479943
79.2397619894
16.1046479979
38.5607609949
25.4292059966
158.473204979
146.63930198
22.2791089971
51.9806809931
487.270538935
23.7618399968
49.7830469934
9.8414959987
226.73640997
920.018448878
81.7204709891
6.8845199991
63.8556129915
3.22261199957
404.977837946
14.785618998
53.7665659928
89.3374249883
0.639662999916
8.43232699887
18.0518109976
222.24825397
4.45865399941
2.01366199973
13.9505079982
0.903588999879
57.2514789924
11.7059399984
57.9212529921
43.1154759943
384.509060949
12.9552049983
0.0
287.566640962
684.490079909
335.477336955
31.6084879958
0.0
23.4251649969
503.358968933
107.769360986
143.853671981
288.215881962
1.43589999981
17.0950479977
32.5317539957
11.3937679985
17.5158449977
159.128438979
39.9051259947
52.798460993
244.002957968
24.3966069967
489.408167935
0.822994999891
5.71358299924
82.852360989
207.799253972
20.8939729972
43.6302359942
363.630608952
8.8840099988
66.5610179912
1.80841099976
1016.74379786
256.632292966
1.95744799974
2.05906699973
0.677391999909
94.9998399875
7.35044099902
2.05023999973
1701.06905977
0.0
48.8235289935
94.8295849874
9.36588899875
54.0310669928
279.231457963
0.0
619.375201918
9.1339309988
72.1348669903
568.491878925
1248.28418683
5.79430099924
248.124543967
18.4053469976
11.0671399985
445.023627941
26.8464999964
13.2381909982
56.2492069925
0.131254999982
0.355341999951
0.489757999935
6.32112999916
105.299961986
56.7964429924
4.52221499939
33.0500859956
84.3555399887
38.4664659949
52.815893993
13.2122199982
81.295391989
18.4463089975
223.38783097
2.88320699962
211.979544972
102.378798986
0.0
11.6593679985
0.952962999876
65.7802349912
83.2112199891
5.03294599933
722.385670904
86.4912839885
23.1660959969
231.978397969
264.803382965
197.063293974
523.601051931
96.2957829872
1.29616599983
1.72825499977
228.93934697
1.45817599981
123.745379983
25.4454089967
0.332317999955
418.707593944
5.55708899924
67.178070991
90.8054549879
2.20418299971
495.352918934
10.6588149986
0.38190899995
1290.14923083
74.3267969901
121.967634984
152.99361798
1.85589299975
25.3148069966
770.387793897
14.2057369981
552.499611927
3.11358399959
9.69645999871
140.066331981
0.0736219999902
173.040842977
285.597625962
11.5022149985
12.1919289984
66.4018119912
16.0982489978
495.594602934
32.1989819957
10.1644149986
23.7477749968
174.460449977
19.5370039974
14.6581919981
69.8674309906
100.476267987
3.65028299953
0.742835999901
29.0300769961
0.0
652.588556913
9.52802699873
461.821960939
293.854298961
8.56862199887
16.5131759978
34.0195349955
1193.28170684
359.067782952
10.5293859986
183.689471976
17.4336539977
67.450641991
1.60858399978
4.07648999945
28.6840989962
36.9533759951
0.0
198.114893974
9.1129199988
7.14764499906
61.0518349919
9.55408899873
7.85716899895
8.46979299888
13.1558149982
534.404401929
19.5663549974
75.9813939899
16.8842649978
14.0549539981
304.28229696
393.705224948
2.17992599971
3.05197499959
0.0
1.34584499982
24.8312789967
165.476936978
154.795398979
178.394564976
0.90114699988
745.236567901
7.16597199905
163.520757978
347.651101954
182.366679976
90.8038089879
176.915820977
92.0045779878
341.802168954
34.7392899954
0.0
616.742958918
789.329703895
12.9571829983
576.666822923
19.5558759974
19.5786369974
427.874402943
22.741466997
40.1954779946
6.0386619992
272.712100964
686.011387909
12.1530649984
0.0
110.680517985
6.83281499909
72.2860719904
6.29906299917
187.541737975
4.58336499939
0.0
4.75279699937
0.0
171.365320977
34.6375829954
94.2953029875
1.95435099974
3.32702699956
293.736118961
12.4693909983
18.1412099976
55.8432009925
13.0992159982
398.535988947
13.5686829982
305.403695959
506.770041932
105.651172986
767.483943898
145.959232981
47.3312919937
4.4836429994
254.971888966
0.23018099997
153.23681198
455.325983939
68.6254119909
108.421635986
196.951476974
0.783817999896
14.6301289981
112.547339985
26.1148619965
23.5848289969
82.8180429888
179.670376976
11.4808989985
9.0841219988
1.09318399986
485.481510936
458.040021939
2.34278599969
11.4732449985
14.0510219981
522.028913931
0.558533999927
299.29417596
0.0
29.3171629961
10.2381379987
169.350741978
140.875402981
7.80710799897
8.47270299888
509.816341932
183.270468975
124.477605983
29.0674309962
79.1911569894
11.1991959985
23.5689269969
153.18787098
31.0439969959
3.10523299959
48.0476419936
32.6035599957
11.0039439985
1250.98852383
0.507059999932
23.6202449969
0.0
0.249169999967
17.7020159976
66.2033749912
3.7094669995
29.3059999961
0.282355999963
39.4696419947
651.552938913
8.60223999887
188.273611975
58.7508929923
401.728622947
1.23360999984
41.9601909944
308.658971959
18.3326879976
0.621517999916
10.0304939987
304.53347096
29.5389309961
7.06273399906
2.49091799967
0.164528999978
25.3485069966
18.7645599975
81.4239499892
0.0
22.871855997
329.644054956
2.17325299971
1.84971999975
448.43285794
7.628612999
93.1696809876
51.8212939931
2.36433899969
859.016151886
238.768328968
22.635486997
12.4728159984
24.4891629967
1.16108999985
4.14729799945
10.0702579987
538.750498928
2.9738439996
47.4107779937
184.117885975
10.8461569985
459.965381939
5.9645739992
138.218216982
190.179925975
550.962852927
1.03494299986
820.121238891
0.0
20.3789389973
81.1321499892
35.9860959952
350.857328953
0.928851999877
1.28037599983
88.4196359882
1.76025499977
15.188031998
0.0
30.456929996
395.684941947
28.5391389962
67.583250991
5.77296599923
15.082321998
38.9678509948
2.03081099973
479.268845936
1053.12289386
2.01366199973
618.959706918
27.1795879964
0.0
13.6551719982
196.537393974
2.88843799961
1.19237699984
28.5751189962
3.69304299951
0.800518999891
12.0019989984
51.1416629932
37.359963995
16.1369879979
413.681067945
65.8488859913
0.898840999882
910.969794879
8.67345499885
4.5083609994
33.0820659956
12.4651989983
217.334654971
33.8670869955
83.3520289889
54.5650289927
213.289584972
0.986196999868
365.222321952
12.1387209984
378.02267395
51.7764869932
2.86354499962
138.895956982
12.7423219983
602.20493992
12.6921339983
2.12697399972
54.0524879928
596.129529921
0.0
53.1928089929
0.863337999885
0.317939999958
556.738458926
74.6721329902
6.17447899919
0.362997999953
31.9134669958
334.762858955
19.2200819974
34.0441289955
27.7243069963
399.149573947
15.330191998
30.9404959959
2.69284199964
161.615782979
9.86308399869
324.415163957
479.606420936
4.38878099943
22.121160997
8.71232399885
82.578851989
170.096269977
41.9989429945
165.990753978
222.06782497
16.7599629978
0.44820299994
1.07658899986
259.734697966
0.215175999971
46.9439549938
150.40707898
7.70994799899
117.099579984
0.0
814.198032892
399.477780947
27.8441649963
13.3052369982
388.508622948
9.99664899866
30.097023996
3.94128699948
40.0956299947
12.7369859983
271.695277964
14.652745998
227.00075497
131.625665982
5.42514399927
25.0906519966
338.340736955
47.2795759936
137.510275982
89.887824988
2.33502699969
15.7497929979
0.579727999921
0.933751999877
14.2541249981
370.276474951
301.63829196
40.3421059946
1.02551199986
0.469235999938
577.544905923
682.493945909
75.7868729899
448.278296941
3.8099509995
437.176995942
2.2218829997
654.295227913
74.4802029902
0.0
24.0196189968
0.0
7.39170399901
503.267265933
2.80923699963
310.263063959
23.0625209969
52.3180579931
0.0
716.926787905
86.0476389886
0.580860999922
73.0175769902
21.3192119972
170.047128977
0.0
33.9864649955
12.8487939983
53.165345993
2.82991499962
3.25704499957
1.71794399977
1.82941399976
0.241995999968
375.07445095
2.09258899972
60.0450959921
101.518454987
11.9629009984
652.344914913
51.8872999931
1017.43458686
7.597508999
2.03092399973
0.215680999971
250.312773967
73.8757379901
120.397628984
104.853331986
389.340958948
1.37657299982
243.388454968
8.85204899883
119.404271984
30.301980996
16.5257609978
14.987674998
243.431356968
17.8679749976
8.17185799891
98.398546987
1.64011099978
10.1125769986
13.4331979982
0.0
3.05663899959
351.480532953
0.0
2.13854399971
2.16142999971
164.843224978
183.075516976
5.48175099926
69.5111519907
0.691113999907
455.151873939
31.5762369958
11.6901879984
41.9117859944
82.0500589891
678.90616391
4.72416399937
519.880490931
45.039758994
52.5121209931
0.0
1182.92492184
16.3720389978
89.6687379881
387.012841948
437.682174942
5.2533519993
8.03668099892
0.770758999898
12.1556589984
40.4638069946
2.2504719997
21.6510809971
4.04007699946
9.62971799872
2.49498699967
9.77988299872
2.76629499963
79.2599609894
7.84420099894
25.5552269966
43.9463769941
85.9721429886
14.1121749981
13.6217679982
272.912466964
899.598658881
14.1475659981
585.039834922
0.0724579999902
346.380458954
4.06698599946
374.16543095
28.6065839962
16.8210219978
16.2160709978
19.3784469974
58.8359839922
