4.25733800037
89.2391070081
330.59987303
55.7071640048
294.363230026
7.57448600067
12.5070610011
93.7487820083
4.42669100041
41.8096420037
0.0
4.24278000038
157.955147014
71.7856660063
85.8739210076
11.477256001
4.23342700038
132.359573012
15.2673120014
100.731208009
263.424644023
241.541774022
6.18969900056
327.848197029
22.308769002
206.799762018
157.413282014
39.5838120035
4.53305800041
308.273394027
13.3135960012
61.1535520054
185.312157016
325.227132029
0.646360000058
22.108271002
16.4167740015
3.08737600027
163.839451015
150.251920013
369.941682033
4.93424400044
75.8449880068
147.275496013
0.0
6.52953900057
655.885652058
0.0
98.3258280088
99.9600910088
27.8181190025
733.466708065
3.77333800035
455.698191041
5.82142800053
0.0
343.455247031
14.3215290013
173.190809015
949.196879084
35.5251790032
172.399075015
3.77781400035
81.2630480072
685.947228061
3.73359600033
46.6690440041
3.83828100034
71.3442560064
0.0
0.0
694.498448062
0.964150000086
607.788168054
72.5746490065
10.0188660009
131.729995012
0.88604500008
50.6427590045
0.181508000016
325.781286029
0.851436000074
155.863576014
2.45589400022
6.46063700057
352.947841032
799.994976071
0.0
0.0
2.45821800022
13.5985340012
9.0286570008
223.49634002
56.555059005
42.9966570038
1.84224200016
10.4047680009
48.0050880043
864.957610077
19.9046750018
21.2872630019
0.241471000022
593.382604053
85.4735980076
0.0
155.957257014
0.0
441.280953039
7.09013600063
28.1164140025
42.6392180038
0.0
114.02089501
1364.12171412
4.02270300036
4.74274800042
127.453550011
339.85569803
124.654640011
25.6638450023
70.8436710064
205.229577018
139.680982012
0.0
142.494050013
201.648169018
1.86666000017
0.0
0.0
18.2877120016
4.96118900044
295.503011026
17.5725070016
266.071587024
552.029258049
445.34572504
4.06400600036
26.3177960023
93.3036660081
0.760932000068
290.077161025
233.203621021
398.789593036
4.13188700037
4.32786800038
526.528194047
0.465025000041
613.123949054
156.276342014
60.1314020054
0.0
7.62525900067
786.81077707
31.0563180028
136.366266012
1257.45132311
4.98975900044
0.705684000064
91.7918320083
728.810644065
145.165765013
107.99438701
240.388078021
60.8740360054
55.0086080049
2.92607300026
1.43515600013
75.0276680066
1.23535800011
642.713507057
130.601010012
4.98782700044
56.691360005
1.1006220001
46.0760470041
24.5906600022
219.54526802
71.5384000062
416.376875038
1.51555800014
252.773738023
24.3915300022
56.112510005
139.583362013
10.879193001
25.9041120023
155.351007014
107.05614301
60.4233670054
0.469763000043
3.07560200028
127.569564011
39.7068410036
541.569514048
3.74498500032
106.17892001
1940.39470817
409.131762036
338.86999803
1305.83408712
0.0
1.51648800014
2.51203700022
0.0748060000067
32.5989390029
56.160444005
5.00476100045
0.0
6.46664500059
1.1293020001
7.99747200072
1.1331240001
278.765073025
1.25927900011
8.01221800071
0.0
2.61640700023
137.818155012
0.0
2.75588400024
10.606863001
323.459959029
2.95130800026
11.044768001
54.1073100049
345.504243031
70.7952790063
2.46103700022
20.9529350019
460.268239041
10.7771950009
50.0775010045
4.5586870004
3.95709500035
0.0
1.44827600013
239.587615021
247.569928022
138.377294012
92.7471470082
157.394587014
525.368273047
120.084796011
0.0
388.809018035
88.7822820078
125.494920011
100.992050009
1.96828600017
11.027004001
484.689235043
212.194775019
74.1792430066
0.771399000069
0.252980000023
12.8598640011
14.2408440012
28.4940490026
281.892212025
690.182562061
5.05706100045
31.8216750028
329.609168029
9.25913600084
14.3496940013
0.0
27.7709280025
74.1829440067
1.1486740001
38.2520940034
190.220914017
293.128681026
75.6431110068
168.781382015
612.722687054
76.7276500069
7.30179500066
1072.8133251
260.358148023
3.20685800029
388.833737034
3.00793100027
9.28220200082
3.3661420003
21.3567040019
5.91076600053
137.463637012
108.48490001
2.68074200024
82.2335620072
677.98276706
120.357763011
4.85824400044
10.2146240009
643.519891057
114.70493101
0.0
4.5412970004
7.25934700065
164.295221015
67.6853180059
253.404091022
2.84494300025
99.3731920089
7.90242800072
161.111472014
65.0918910058
31.3522570028
6.7366740006
66.7122120061
0.377467000034
2.50855200022
28.7169090026
6.64926400059
104.503169009
1610.69581214
87.5780220079
638.493198057
18.8355320017
546.387344049
2.42045500022
33.908300003
53.2171840048
0.0
108.05243901
194.557017017
3.47131300032
3.3993040003
96.9443830087
0.0
90.879861008
1441.22873013
0.785957000071
71.2199450062
4.51010200041
101.182940009
358.079427032
471.462747042
12.5027540011
785.71080007
1.24417100011
49.0238300044
118.05805901
6.25529200054
525.293065047
271.544152024
8.18828800074
33.141908003
0.11545600001
432.457510039
144.501108013
0.217126000019
3.24548900029
94.4124740085
25.4821340023
346.238359031
31.0414790028
157.615794014
615.075003055
71.2199450062
0.0579730000053
0.755002000066
458.537444041
209.573997019
92.0554820081
34.5981880031
2.37505700021
247.220362022
0.0
112.89634601
7.61015600066
3.4114410003
216.110938019
34.455838003
15.6041690014
207.619256019
11.049385001
15.2414120013
74.1327370066
49.8962810044
2.96445000026
158.594903014
46.328374004
189.825889017
38.1908080034
49.2760050044
12.0740300011
82.9849380073
79.5147200072
9.93178800086
2.72970800024
3.4220400003
2.02435100018
14.2038550013
34.134823003
101.712758009
0.0
48.2561980043
648.973354057
185.699092016
3.12944300028
34.0992150031
97.5186450088
118.805206011
368.171904033
148.024841013
183.546987016
880.989842078
641.135381057
576.880068051
581.600045052
523.084258047
2.12346900019
338.40754203
1.87496100017
207.357675019
1.43582700013
22.789292002
7.38994500064
15.2736850013
0.0
0.0
77.2996220069
0.0
276.231483025
120.956576011
0.918764000081
0.201325000018
1.46552600013
4.24499300037
73.9990060066
35.8719950034
210.167887019
117.879311011
9.78179900087
0.0
104.912221009
5.98547000053
1.33729300012
0.0
3.3354660003
78.4825100071
12.8357550012
102.025108009
0.623749000054
0.881026000077
0.0
527.275848047
1.1471640001
156.088639014
0.0
361.491503032
0.0
401.975508036
394.528881035
84.1034770075
19.3806260017
175.458073015
220.06077002
361.312700032
573.864572051
5.00340600044
607.194938054
24.7345590022
82.6177280073
9.81630500087
1.26477600011
1.1511680001
360.577349032
213.818749019
10.4711030009
0.0
0.0
83.3903840074
0.0
143.481946013
0.0
54.629357005
10.911229001
49.6332120044
25.0532620022
628.591934056
209.081602019
1.46593300013
1.91017300017
12.6894340011
38.9482370035
324.298855029
5.45838100048
807.484568072
0.0
28.5408820026
2.16488500019
0.0
503.676162045
4.15665100037
18.7668190017
302.949044027
155.382666014
367.625421033
636.018158057
66.2096350059
22.167133002
12.9994850012
4.99359700044
0.55333800005
0.0
155.620067014
215.945307019
256.369189023
3.87165800034
0.563867000049
308.646865028
44.434274004
94.0333700082
3.62547700031
49.3765440044
362.699942033
72.7072400065
49.9585780044
250.676173022
80.3395020071
728.379809065
1.50554800013
136.366392012
160.930978014
107.50011401
4.96819300043
200.228569018
0.819913000072
117.61048101
18.7330130017
10.4464790009
491.743814044
29.8064550027
3.64327600032
157.911728014
0.0
146.024463013
6.06986000054
574.899448051
240.061103021
69.4842930062
147.592351013
1.52404700014
11.581573001
355.067617031
147.373352013
0.33255100003
0.0
302.178748027
387.136532034
27.4390120024
124.888497011
17.5077910015
119.932660011
232.942468021
226.55828502
1.1893700001
16.3397750015
36.2864300032
3.05717400027
652.911719058
92.5190030082
31.2369890028
77.2105570069
3.86469700035
289.585654026
3.52937900032
49.6686540044
87.5357560078
0.0
1.72266400015
329.867616029
242.571616021
5.24225400046
456.844712041
18.2423640016
70.4108780061
138.953570012
0.11754200001
3.04924800027
2.65048400024
3.44322400031
66.4895480058
582.030716052
2349.14136421
2.64116100023
100.083938009
301.079230026
85.9905750076
1.58700200014
353.836792031
461.911463041
29.6202320026
2.2512640002
103.272233009
86.8351990078
52.8481940046
72.2007890064
2.44715700022
39.2489390035
0.0
6.27825400056
75.9416840068
50.8758900045
167.366959015
148.880596013
155.086241014
0.286395000026
35.5423320032
0.0
109.86477001
155.131731014
168.382340015
707.629458063
4.36036800039
180.410548016
286.057324025
482.977604043
292.233186026
596.426190053
644.253971057
228.27024902
523.220973047
0.0
471.295788042
68.672630006
200.150977018
23.7443580021
557.68754505
0.926087000083
0.0
1427.76739013
0.531841000049
0.0
70.0165180063
33.688729003
49.7080230044
0.696827000061
233.865886021
1.33270100012
0.631923000056
78.891690007
0.319469000028
4.4842660004
202.693722018
159.211533014
103.350266009
64.3543060056
30.5149870027
18.9193720017
51.0217880045
422.102631037
19.4054730017
2.58416500023
8.76657000077
81.7796340073
8.54110400075
0.0
116.49525501
96.5566340087
9.39382000085
76.6680080068
2.1752310002
0.0
566.39681305
748.403262067
19.0482900017
1.65861300015
6.67501500059
0.0
177.030330016
0.0
0.0
2.32365900021
155.507516014
11.174827001
111.69852101
326.498262029
11.967732001
0.0
294.556534026
125.973181011
357.155475032
92.4556120082
0.0
164.411894015
89.651895008
178.784027016
71.1729620064
687.608813061
9.05677200082
9.47806800086
14.4211940013
20.2489000018
10.2037280009
9.11261000081
396.209177035
59.9572500053
0.0
39.1412820035
22.499591002
1462.37500313
184.048401016
220.64425002
221.70134402
556.714302049
7.65412400066
385.364361034
299.197106027
299.303937027
3.09416500028
10.885832001
0.681025000061
1.1714710001
380.726134034
659.805449059
16.0058900014
45.5832350041
1.66150700015
0.0372480000032
27.6782150025
63.7802820057
12.2336770011
0.630892000056
75.8713800066
1.58875300014
929.764468083
1.56678200014
89.776531008
4.37145100039
361.956934032
20.7137570018
80.2159710073
2.52608200022
474.608507042
101.984117009
387.443236035
519.930841046
188.639774017
133.384978012
41.3381740037
24.0981070022
0.543469000047
336.77956103
31.1271800028
25.0217700022
218.94613802
0.0579730000053
0.366230000032
5.65552200051
0.0
239.361478021
246.708934022
139.372439013
106.150750009
64.7229380057
437.432333039
322.258369029
33.400763003
7.72650000069
399.248109035
12.9860060012
32.0154970029
623.459042055
735.261512065
701.679078063
2372.58674721
538.356347048
160.451900014
7.05862000062
13.1065110012
26.3937010023
449.86614404
233.714778021
741.638352066
435.929756039
106.352995009
252.332525023
22.639472002
1.77858300016
1397.87306212
1.23351900011
77.0073390067
448.94642004
484.368116043
0.0
808.222657072
356.990699032
135.311443012
0.0
663.703459059
10.4975950009
58.4466210051
2.13663100019
5.92251100052
135.281715012
0.89211600008
3.70478100033
8.66582200077
52.8715490047
0.0
0.0875440000077
0.937874000082
652.323242058
103.896877009
0.0
28.9395460026
16.8498990015
6.27907000056
0.0
176.504195015
687.259331061
42.9786140038
76.2182250067
71.1487120062
56.3357750051
4.06914300036
0.0
80.2359890071
0.781572000068
4.12722400036
0.0817110000073
68.6570560062
201.929581018
5.70197800051
76.6842150069
29.4141410026
6.6303020006
936.367760083
892.198169079
159.626647014
8.52179100074
72.2040450065
106.20614601
0.301872000027
329.750085029
3.85464000034
22.098927002
4.72063800041
226.91300002
452.57215704
465.815740041
584.489241052
9.58132800084
165.067215015
96.0420890085
91.9889000082
741.015261066
12.5411380011
180.654705016
91.756919008
299.884574027
1055.35664409
4.17845800037
462.953670041
280.077371025
55.7071640048
79.377488007
0.0
150.903623013
374.780695033
0.0
67.9026490061
1.31103800012
7.18544100064
292.236136026
81.1774120072
12.3808790011
130.190402011
23.9956450021
141.220776013
344.886794031
0.522190000048
118.581795011
3.49198300031
8.87891900079
105.635488009
73.4656020066
281.844765025
4.81642100043
10.2860830009
121.549862011
14.7186120013
549.094751049
24.5829890022
7.04419700062
2.03855000018
31.6351090028
0.0
0.90117200008
1.82365400016
69.7090980062
0.0
44.1851950039
267.390008024
204.126014018
29.9418350027
1.95706400017
20.5634190018
1.76412500016
150.784605013
6.88765000061
0.0
0.0
81.0838260072
0.0
2.89920500026
316.170991028
2.50670400022
405.705546036
717.078669064
71.6132830064
4.80419000043
203.187566018
2.44134100022
394.914502035
945.977913084
35.8522140032
0.0
0.267476000024
0.733013000065
106.123159009
158.935073014
4.77328600043
151.835250014
110.81066701
2.40892900021
1.0636680001
73.3216500067
523.972610047
11.150607001
38.6332060034
34.6474820031
8.73741600079
2.92540200026
230.043222021
0.0
366.217806032
33.616951003
76.5975990068
97.0986230085
20.9283610019
874.824077078
5.5564590005
0.0
35.1948840031
0.335847000029
2.58757700023
724.831497065
28.8220670026
13.2297670012
415.988400037
52.2536720048
253.664303023
167.800430015
102.129857009
531.169328047
550.604961049
0.0
6.81314100062
401.104776036
311.976421028
2.63133600023
6.00094500053
181.780469016
274.363177024
51.7007650046
15.5362000014
176.461056016
767.168627069
697.232643063
7.27906100065
63.8795000057
227.14892802
254.329490023
115.19034401
202.513780018
37.7417590034
16.3650720014
340.245367031
3968.94231135
202.685089018
48.7642780043
200.001866018
2.01924500018
69.3663720062
8.8471620008
139.073871012
443.353791039
482.544108043
1.88652800017
21.4990730019
17.0044030015
61.6980780055
4.66281800041
4.4577330004
2.59256300023
29.4548850026
14.9088910013
149.042686013
422.004626038
208.049172018
5.50202600049
54.1571540048
192.135001017
65.6362190058
0.667809000059
1.67554600015
0.802569000073
0.0
3.21576000028
184.499254017
91.0483990081
249.290878022
679.49327006
114.22176701
6.7261700006
168.756987015
0.0
10.3992190009
79.8282890071
203.257626018
13.1738710012
2.2760660002
734.218812065
6.59536700059
2.84321400025
5.88767600052
502.983507045
0.0
12.6987920011
0.714085000062
11.009369001
151.818299013
0.0
6.79495900061
75.9328800067
25.5533720023
141.166964013
11.8944660011
783.94978807
3.51211700032
0.0
2.77457900025
194.493052017
0.0
75.8428830068
130.010782012
0.0
28.9917920026
18.8118500017
322.966896028
1.65141100015
0.0
237.900669021
58.0660020051
101.012196009
1428.44669313
0.0
154.508010014
113.90861101
9.47510700085
84.0743230075
150.888773013
7.32680900065
3.57189400032
430.046639038
533.810699048
473.595666042
220.89721102
167.134653015
0.0
9.05491900081
2.2922710002
3.55848900033
6.34319300057
408.859168036
270.042499024
6.20795700056
3.89110000035
287.779776026
105.766653009
6.04091500055
4.42350600039
80.2823800073
4.74474600041
414.162614037
61.9753700054
2.35036400021
170.237684015
0.22712800002
1.54809800014
25.5277140023
3.88835200035
39.9049210036
27.2152460024
15.0219620014
17.8720000016
4.79375500044
0.0
198.134941018
6.33863500056
2.47752400022
57.5943690053
327.240082029
152.867314014
2.67077400024
131.392791012
909.66958108
317.170584029
179.682838016
2.91527100026
23.9382550021
1.52202900013
9.26333500083
126.916729011
2.78753200025
2.51619800023
2.50839700022
3.20517000028
3.65009800032
2.07762000019
1058.86671209
18.4516680016
116.50632601
2.14092800019
0.0330860000029
2.87333600026
73.5761720067
220.05461402
306.163898028
562.05413005
6.14767800056
0.0
6.34319300057
42.0507180037
245.126944022
99.1705050089
166.410409015
0.0
6.29154100055
3.01530600027
37.4079300033
9.12710000083
553.137326049
679.132270061
10.895948001
0.54875000005
63.8795000057
3.85134800035
70.8790270062
91.8830660081
7.82553100069
1.75158800016
7.27095500065
220.236284019
10.936988001
7.40497900064
0.0
48.8473240043
106.101948009
0.0
856.932335076
23.4440100021
638.309913057
0.908328000081
145.294190013
6.22382000055
2.92607300026
7.66746000067
118.877041011
5.5347560005
72.6292980063
0.985527000089
103.394952009
23.1713910021
20.1903620018
88.5689820079
125.597450011
1.71150200015
21.4173720019
0.0
566.20598705
12.4051400011
3.07920000027
16.5339440015
16.8742670015
50.7385030044
84.9638490076
201.418845018
753.594714067
46.3352010042
466.227555041
531.509397047
189.815932017
20.2863080018
4.58671500041
36.4269890032
17.9483860016
7.69908400068
143.423377013
0.828283000075
20.6168880018
3.10012600028
52.7689320047
201.157832018
209.645817019
270.554348024
397.031937035
0.0
82.9108350074
84.5127730074
28.0512550025
0.0
138.888682012
571.104141051
530.924160047
198.957769018
446.61843804
0.22839200002
1011.98923909
696.549966062
112.79916201
4.57654200041
15.1635960013
121.941018011
17.2531290015
186.498491017
48.3478010042
9.10378000082
72.3521320065
0.0
475.181182042
4.4559590004
35.2377640031
0.0
130.611702012
24.7901060022
3.77562800034
142.758345012
118.67660301
3.51879300032
48.9001970044
0.0
465.191290042
80.1813730073
5.8063450005
38.0759290034
164.409420015
0.409292000037
323.746078029
190.350115017
73.5523980066
257.857983023
13.9130580012
158.163530014
151.180921014
2.50237400022
6.49334800058
27.1045170024
240.233348021
0.0
3.07570800028
0.0
35.9986370032
4.56843800041
0.0
5.19991700045
1872.87400917
333.02470403
41.5049880036
5.86304100051
452.41295404
367.520074033
0.0
87.2350230077
670.22469706
0.0
274.697234024
16.8820220015
103.851368009
274.918272024
2.04213700018
4.00484800037
26.1789500024
71.5384000062
30.8860920027
105.572118009
0.0
1.94576000017
3.23607600029
0.0
140.504093012
12.7053330011
0.0
0.363608000032
20.1383740018
1.1347070001
717.233198064
71.2448960063
117.52092201
335.10834003
472.734334042
6.16027200054
9.37663700084
35.9458110032
29.7347620026
57.2734880051
12.4896990011
702.105825062
1.1265700001
0.0
6.23515800055
0.0
3.61079600032
1.0754630001
512.179603046
17.4377740016
0.685631000062
268.890668024
18.1648550016
73.5162780065
0.0
8.17807100072
2.44715700022
71.6736530063
104.666724009
5.88376400051
195.902660017
129.189275012
4.78068500043
5.20607800046
7.29847600067
43.723266004
5.6534920005
5.91533400053
495.290156044
231.669740021
179.939437016
106.239580009
59.7173880053
0.0
22.968786002
194.158902017
300.656830027
8.11413000071
0.0
6.22084000055
6.44982000056
156.655965014
69.8385530062
41.5938090039
107.66503601
0.0
87.4923500078
25.3817800023
5.11394600045
0.66832700006
0.0
572.113898051
14.9806210013
418.378348037
48.3469390043
16.0224050014
1.49021200013
354.453565031
43.539146004
1.0816080001
25.9272680023
225.32870902
1.1265420001
9.09982700079
11.818654001
246.641265022
353.045713032
10.1296570009
12.5157300011
426.051917038
4.87943500044
2.40461300021
25.3412210022
368.510609032
0.0
0.0
16.2286370015
16.4949190015
54.568020005
349.303948031
203.795002018
364.630654032
221.50251902
0.55391200005
950.046314085
0.641246000057
125.820269011
3.28903000029
2.64531700024
218.060235019
0.0471620000043
942.986758084
7.01562200061
408.003072036
193.629229017
246.405013022
19.3153520017
0.0330860000029
470.568546042
122.131404011
688.335893061
98.7287330088
65.9424070057
292.898346026
40.7571800036
39.4797070034
58.0303790052
381.583372034
449.88596004
11.9379940011
0.0
45.5286630041
21.4150170019
0.0677900000061
7.44653800065
146.236748013
442.040490039
0.177981000016
72.5215390066
3.00390100027
4.29511100039
11.9613820011
20.8774570019
8.47465400074
249.422311022
18.2413770016
929.039935083
18.8338510017
8.01584700071
133.308969012
4.18183000038
5.90109200052
1.87861900017
1.51632600014
216.077606019
6.93696400061
1295.39984612
175.577795016
639.416489057
2.89440200026
293.470963026
21.4206110019
433.668141039
102.714651009
1.44983600013
63.2580640056
574.718226051
201.968376018
392.490527035
2.97265600026
527.209762047
67.356928006
1.55221500014
96.4216040087
2.66828300024
329.051548029
1.30181800011
170.833010015
56.753453005
85.1085460076
0.0
4.4951480004
167.731263015
0.0
3.46964800031
8.15183300072
622.196163055
240.437891021
122.019312011
110.24488001
254.583051023
536.293723048
289.953035026
603.172470054
1922.55723817
153.490911014
0.330901000029
310.710135028
1.1148660001
430.789736038
60.8251190056
1086.6960451
244.407547022
6.12692200055
16.5672830015
234.336697021
73.9407070066
237.504209021
1.92439800017
50.3134050045
37.3203830033
0.90325900008
12.3617490011
50.8483540045
0.0536260000046
3.77066200033
1.44602400013
39.7851140035
33.479991003
738.304365065
156.399209014
329.181971029
89.3310050079
1.20560600011
3.88478900034
5.32071000047
0.366104000032
0.892928000078
247.076027022
79.9902320071
1.54265000014
0.0
0.0
8.08771900074
44.2233210039
41.4638550037
114.71146901
20.0010290018
2.55505900023
104.499147009
5.91068100054
390.824495035
597.327566053
658.145781059
556.90855605
384.520990034
737.573827066
427.535075038
761.864268068
796.898771071
3101.43821728
0.0471620000043
25.7054660023
330.56437803
28.5396290025
183.512283016
0.0
70.3097550062
60.9772560054
26.2505870023
1.58460100014
106.67094901
1097.9137111
2360.19317521
9.70593500087
254.657269023
0.0
338.03672103
50.3738400046
0.217629000019
0.0
73.9811980064
271.902627024
25.7391530023
21.959420002
446.56252404
81.2300840072
402.854937036
437.735787039
32.5700320029
34.030527003
0.0
55.6526190051
157.362899014
17.1663320015
25.0126010022
108.13042701
71.2199450062
295.857381026
613.920423055
244.693850022
12.8147190011
722.746261064
136.262492012
10.717683001
15.2956060014
0.0
75.1078270067
172.134419015
14.4016420013
116.998008011
194.355201017
14.6392570013
3.43396400031
9.25738000083
0.279508000025
4.97348100046
524.488483047
87.1890760078
1.1563520001
563.64046405
1.54106100014
251.217359022
619.234590055
171.125380015
270.076670024
163.971727015
268.967907024
203.687670018
647.951623057
149.547383014
1.29723900012
27.7983410025
135.249688012
467.788614042
10.749347001
4.37666300039
27.6399610025
1.68643600015
434.250171039
325.874735029
37.4885310033
51.6863980046
337.38530703
9.19394200081
53.2983890047
0.715661000065
8.9962040008
2.37202800021
0.712234000062
143.319355013
93.7280280082
5.6151850005
491.121149044
7.67592000068
111.24283701
14.5582880013
492.898631044
114.20119901
3.41774500031
734.316171065
4.18755800036
6.97975600064
2.56479700023
200.169790018
299.540118026
0.0
318.529330029
158.234477014
360.915945032
26.9985030024
206.643680018
1.59351800014
209.209980019
20.2057260018
44.0469640039
631.747267056
585.223124052
111.08992401
28.0357570025
5.19975700046
241.259123022
3.85464000034
541.114975048
0.493214000045
109.40270001
441.346325039
1.55090400014
11.9773300011
639.404163057
96.3722370087
5.16231300046
93.3907390082
736.542825066
297.752986026
2.2460240002
257.626383023
56.684859005
587.454716053
457.686283041
333.56575403
42.3564060036
508.278169046
0.0
60.2759260054
165.541130015
14.3962660013
230.83122402
7.05056800064
79.6600510071
223.14955002
255.704292023
26.3335300023
321.666228029
3.52550500032
146.310978013
178.089200016
216.996862019
280.742127025
0.0
500.377888045
18.7549820017
669.392653059
2.2867620002
10.0795410009
182.517444016
124.029406011
0.481422000043
5.88454200053
1583.25709614
538.111184047
82.9243630074
2.77470400025
262.555851023
205.802121018
0.0
0.0
78.8317330069
66.9304290059
80.4538050073
0.0
0.0
3.97968700034
76.0356990068
361.213177032
1.63633400014
623.926954056
471.604408042
202.231874018
368.119131033
405.156810036
45.051467004
2.35789300021
8.37560900076
2.50494800022
1.67083600015
0.0
6.56113200059
77.5071740069
0.0
5.93443400054
66.2415360059
47.6314860043
107.04752401
7.47187200066
78.793656007
130.404259012
1.23714200011
104.772459009
48.7358170043
4.81642100043
11.665612001
272.224798024
1.33270100012
293.140234026
7.8826370007
49.6304030045
0.579802000051
115.12893901
3.60763500032
2.58776100023
464.702205042
2.46959900022
21.4944830019
9.65143400088
25.1003910022
0.0
3.45170200031
208.399132019
12.3872970011
609.615826054
0.034135000003
81.1466890072
408.812652036
900.466213081
96.7286970085
11.496103001
11.8838050011
0.22621300002
20.8160100018
1.1478870001
0.0
51.5198160046
17.8647560016
38.8371850035
30.6481530027
144.780897013
80.0689030072
77.2368430069
159.631656014
10.2936500009
19.6419370017
227.02299802
16.9468780015
62.9489080056
155.923906014
7.34949800065
19.6459360018
4.12859400037
4.08481000036
10.832100001
14.4693660013
105.335503009
97.8606380087
0.188879000017
54.0427840048
40.2252380036
22.976693002
511.294789045
17.2484450015
88.2345340078
417.889509037
230.06658502
41.8061420037
2.00342000018
14.7703230013
3.23396300029
5.25571100047
2.04179400018
84.1217500076
10.665088001
103.484520009
0.0
975.044363087
41.3690820037
322.990746029
4.19330500038
74.5696520066
255.523247023
233.268939021
0.0
6.30617500056
75.8296260069
6.7129920006
3.12036400028
7.28423500065
74.6205120066
6.86892300061
11.760871001
0.928935000081
4.05176000036
3.17400400028
31.9386470029
97.2056720087
143.167964013
3.65011500034
1.06841900009
67.400019006
7.63613300067
1.67163100015
81.2227350072
41.8373970039
59.2400950053
6.02693000055
488.719711044
223.61319502
103.838098009
382.949172034
2.17984200019
414.056815037
23.6230180021
1.89825400017
91.3669250082
518.291260046
140.607282013
196.238397017
34.9697240031
307.764353028
3.54212800031
79.833676007
3.05746600027
1452.19781113
2.76383200024
733.435637065
450.89796204
51.0745290046
87.6892920077
633.485657056
1.44172500013
250.141837022
348.043403031
1.72668200015
10.6062830009
9.8979760009
0.241471000022
278.339152025
63.9829860057
1.0886330001
0.0
1090.4436341
152.819725014
63.8938220057
0.922227000081
6.30877300056
179.461709016
43.6891050039
448.80274604
204.552905018
26.2058680023
15.9172800014
29.7247100027
8.06549100073
263.764535024
15.1537210013
46.529371004
136.449082012
360.297839032
254.935576023
0.0
127.272631011
0.0
9.45627800083
0.404617000035
0.0
75.1181920066
129.363504011
128.034982011
0.253582000023
97.3536630088
0.0
0.66431800006
5.47274800049
197.614825018
30.6818050027
180.878750016
106.42738301
200.816833018
58.1089800052
1.1126560001
43.8167140039
64.7881150057
81.1721300072
0.0659860000058
406.036356036
394.508384035
19.1559600017
3.98688900036
224.54489202
46.5848400043
95.7293840085
13.3626420012
1.1893700001
1.68805200015
845.330572075
7.98785300071
23.1547070021
258.631670023
34.097267003
1.63306200014
27.5508890025
95.0949340084
0.0
160.137175014
160.385335014
2.79062500025
36.2295570032
0.739837000067
75.9136940068
291.887122026
121.891049011
118.06783401
31.8925800028
2.07151200018
511.728632046
95.6685950085
767.936234068
143.903226013
1.0885980001
0.0600870000053
66.7208850058
347.779447031
5.10373500047
0.0
5.6114510005
1.83061700016
207.179495018
0.335056000029
100.694280009
94.1484190085
5.6720520005
2.64678700024
489.788773044
4.29142900039
633.504247057
417.208713037
1071.9928041
8.48512200076
0.906649000082
78.958130007
11.244164001
97.5828870088
187.688729017
429.250715038
1.1416120001
338.92197903
1.29272900012
21.2552090019
72.3416810064
98.1568100088
8.45084200074
181.392559016
934.133562083
23.6489300021
83.7177170075
19.2723050017
6.16307500056
230.30590202
4.20681400038
508.042074045
29.9729310027
79.610944007
52.8679250047
15.4680050014
72.7912980065
0.0
336.52205503
5.5231050005
0.734741000067
0.296505000026
194.666880018
217.953213019
0.296340000026
2.16668600019
4.84188400042
65.3331750058
146.517117013
55.566714005
4.31656900038
0.417541000038
72.5488480065
29.0696840026
111.02178601
55.9597450052
26.6230100024
9.68257700087
0.822301000072
0.0
2.79948600025
104.037916009
1.72668200015
397.196733035
120.550611011
5.44917900049
10.5332590009
2.92607300026
1.63622400015
0.0
324.238902029
4.02010500036
158.024951014
71.0638250063
71.5363330063
431.314943038
4.17927700039
212.363203019
10.1031720009
0.0
486.994429043
122.424663011
485.122988043
0.547340000049
107.99359701
1.67163100015
255.088582023
713.517692064
9.57768300085
19.2836490017
48.8913120044
67.2852010059
6.12901100054
144.494962013
291.913161026
9.16455700081
550.005550049
2.09043500019
1.85599700016
15.6742620014
62.0097230056
0.939597000082
20.7466580018
0.0
7.45426600067
0.79733000007
6.7213050006
0.0
0.264115000023
6.02472000053
271.322697024
94.2847430084
81.6307500073
266.075292024
932.286209083
196.779141017
265.370561024
59.2079630054
3.80567100034
11.9935690011
470.765612042
167.991384015
132.828920012
328.296854029
627.659926056
0.0
0.0678160000061
559.01479705
515.020131046
62.6209680056
19.1247580017
25.9031350023
0.645778000057
22.474836002
55.033556005
2.33625600021
9.92737900086
21.5078690019
236.789958021
272.737384024
389.876190035
50.3741450045
5.32116800047
550.235934049
7.98078000071
0.102029000009
0.0
0.0
94.3183420081
0.199274000018
483.155512043
687.023518061
2088.56064619
99.5406610088
519.094026046
103.089810009
35.6592060032
55.774210005
330.46427803
166.995327015
68.7755120061
49.7951180045
27.7686020025
9.28450800083
30.0107030027
0.0
0.0
1.74224800015
2702.66264324
20.3245210018
14.8204530013
0.0
295.192293026
11.418340001
3.75603100033
68.234085006
205.039085018
7.24803900063
475.843697042
463.126746041
332.95451503
3.08064900027
4.86306100044
28.3794400025
1.92220600017
0.0
5.85814600051
1238.09985611
6.95476000061
165.478653015
0.558553000051
22.781149002
300.812807027
144.353642013
7.41452300067
28.7901190026
230.687861021
3.08101700028
151.744794013
11.077000001
182.834467017
0.0
0.544767000048
172.969439015
5.75256200052
301.938029027
2.10880400019
1248.80760411
239.843924021
514.378538046
8.51435800076
0.0
2.01349200018
14.8877710013
77.6762960069
121.240026011
3.62320500033
25.8259050023
3.19291100028
3.4896400003
122.946465011
207.456269018
140.209664013
385.683709034
2.68094000024
125.838774011
1281.48883411
0.0
62.8125410056
0.0
31.6595870028
74.3949930067
4.68345800041
518.665210046
168.977569015
108.81095401
173.593508015
5.89869300052
452.75166404
7.76097700069
57.9204730051
15.5435150014
6.7794590006
2342.07059821
0.291954000026
4.78868000043
2.77758700025
12.1802070011
7.34583900064
154.840213014
21.1830370019
0.0
146.846321013
0.0
2.77700100025
0.0
0.0
0.0
178.694335016
0.0759680000066
133.775558012
7.8099550007
1.02780100009
64.5194310057
0.0
1.41218700013
1.67554600015
311.860285028
0.622050000056
107.37367901
13.0895360012
142.152711012
0.769175000068
4.12343500037
837.868921075
253.478529023
318.542035028
2.12656400019
164.759923015
1301.47785112
38.3784770035
314.878512028
173.763157015
310.463548028
29.7578330027
292.114845026
7.12038000063
3.53328700033
368.243657033
11.177650001
1.84062600016
14.0781040013
84.5527860074
260.476276023
0.0
3.64165300033
2.88184400026
0.0
521.051789047
156.705817014
66.0456290058
0.0
29.2449250026
47.5969190041
7.8288380007
68.5608800062
1286.07916511
115.37304201
82.9600380074
14.3974410013
29.7711810026
119.263164011
3.09147300028
2.11795900019
1.82365400016
94.8826870086
1.44460400013
3.17400400028
47.3473780042
0.0
28.5106830025
346.142386031
186.973860017
92.5070470082
407.333046036
93.3792240085
678.75631906
111.65738901
80.7837250072
224.69420302
276.731810025
6.24373000056
11.8998330011
188.745628017
0.0
152.407437014
18.7362240017
3.84310100035
0.0
158.754743014
45.7329930041
4.23958700038
45.9712590042
10.3548400009
745.977042067
119.908299011
7.9986310007
4.13473000037
394.179935035
303.202881027
89.408547008
5.86657400054
80.9563170072
219.05896602
460.607653041
328.805461029
3.05072800027
5.32381700049
166.760095015
7.40153600067
0.22487700002
685.385471061
476.147220042
353.550656031
436.151532039
210.363550019
0.0
17.6975740016
0.426391000039
8.67260300077
7.99361400072
232.843260021
116.28975201
0.604098000052
18.6409300017
29.9214800027
334.93960603
57.2472850051
89.3652280079
52.9234950047
6.03255800053
87.2028760077
0.0
310.035998028
104.607392009
55.8811450048
67.3004300059
810.750184072
294.412268026
25.9125900023
89.1428510079
353.905493032
443.41615804
1.61842600015
1.81276600016
86.0512170077
9.78138700088
142.882179013
69.2059850061
16.7486260015
2.87243700025
728.804136065
2.11050100019
0.937615000084
0.488029000043
237.045597021
5.77133000051
16.5113340015
23.2099960021
19.2134690017
362.775714032
1.68643600015
116.718797011
13.3570870012
68.3363880059
22.963530002
39.6365590035
25.0788370023
0.301872000027
2.50078000022
301.558574027
71.5417810064
249.659438022
1841.46347416
371.330379033
3.79733000033
284.214217025
4.67520300042
364.665097033
2.71002600024
1.34646300012
347.942106031
241.353072022
271.920420024
7.91668700072
68.7006840061
537.718749048
526.854388047
578.338213051
529.997559047
226.26843502
496.283094044
252.914582023
351.349864032
263.436786023
0.0
7.56365900066
1.47911800013
6.26951900054
253.697686022
2.05093000018
119.574929011
74.7631010068
689.373651061
19.4438350017
87.0268030078
0.312394000028
146.498933013
126.594175011
260.371336023
3.69016600033
0.0
2.08789500019
194.338206017
356.177516032
0.0
51.8530190047
203.706082018
1.27165700011
160.477024014
16.8418230015
11.244350001
0.841363000073
7.76775700069
33.603235003
8.03999700071
94.2420760084
7.64117400069
21.7837190019
8.27266400074
2.37643400021
1199.42340211
966.154929086
19.8173280018
8.53396200077
13.2202580012
257.106944023
159.754787014
129.139503011
131.442548012
115.60008901
0.0
79.4762440071
576.210544052
0.0
0.0
287.560482026
20.0635070018
59.6484180054
158.462974014
82.7427480073
208.329948019
68.9634940062
261.649802023
74.6985550068
0.0
62.7568740054
1.1243890001
2.18933500019
0.165783000015
48.8290530043
0.0
480.938390043
20.9623330019
0.404392000035
50.0392840046
82.3342520074
173.399313015
0.0
493.837854044
2.51117100022
152.755443014
507.889527045
50.9689770045
37.6559160034
47.0424150041
0.0
8.18775200073
443.025012039
9.64756300084
45.225340004
2.97446500027
99.6717680088
397.961407035
60.8465140054
7.86963000071
105.411552009
225.42999202
11.804634001
68.585210006
4.26699700037
21.2476660019
1.96533200017
25.1073920022
0.0
216.050669019
0.121741000011
1.27609100011
0.692735000062
2.43432600022
84.0662590075
72.8244570066
4.62952700041
206.181215018
248.798989022
3.3598890003
0.0
93.8518180084
12.8097070011
1.71901900015
37.5703230033
277.558442025
220.87151702
85.5755290076
44.734323004
4.4487190004
218.40842202
158.806510014
104.445077009
0.0
148.200883013
0.0873150000078
38.6192190035
16.2159720014
450.46841504
218.421313019
22.1386540019
83.0880980074
1.1265420001
9.59761800087
214.843697019
75.2587770068
19.1683340017
202.702669018
219.484564019
134.716850012
7.75447100067
90.9985990081
75.1667960067
438.913725039
85.7227070077
40.9646900036
91.0486440082
0.0
36.5190630033
76.7859200068
159.796924014
304.049043027
89.291205008
28.9683830026
0.0570430000052
22.334626002
496.703161044
366.931747033
14.8538530013
92.3393880085
309.822715028
1085.0476261
17.8559350016
13.9571880012
15.1057110014
153.542109014
62.1657690054
0.482729000044
113.50829101
18.7491100017
3.65346600033
71.5384000062
168.123137015
90.350021008
0.554777000048
239.513626021
8.20123100073
4.68436300041
80.3016570073
73.9824210066
493.598688044
441.377526039
66.2096350059
0.0
1.03881000009
762.544620068
3.46572200032
1.49737700013
3.31996200029
2.69306500024
106.825705009
411.855403036
421.454340037
495.819630044
56.007912005
0.0
2.2986460002
240.193825021
746.419285066
1.92552000017
663.364043059
2.01368300018
101.803124009
145.212185013
0.757702000066
72.0909990065
3.51327100031
92.6162450082
0.0
8.47977400074
163.222401014
72.8910720065
0.45147300004
10.3248630009
114.93598401
188.607795017
74.0376150065
56.530268005
3.70175500033
4.14592900039
558.397351049
0.44776200004
1.30760100012
8.35898500074
418.464008037
1.93547300017
205.343028018
0.479044000042
184.679106016
1.94224100017
22.441261002
665.209915059
3.41538100029
103.691189009
155.565292014
147.636574013
8.82490600078
125.613358011
0.980094000087
0.700947000064
181.939168016
14.7005500013
3.3486810003
47.6462810042
1034.07701909
2.76790100025
38.0469200034
0.871407000079
6.26004700057
5.71465500051
90.8027490082
55.5619210051
733.123259066
2.43269400022
69.3663720062
663.232935059
321.048913029
5.24893700047
0.346118000032
0.0
165.842391015
4.84299100043
3.55921800032
2.32426300021
11.581446001
81.1161840073
46.6970350041
327.186014029
102.464575009
1.01833500009
18.0008290016
810.358586072
0.396685000036
395.630142035
4.26503100038
1.61981800015
246.399311022
77.5525510069
139.917933012
278.163193025
3.09284400028
12.1194810011
38.2233470034
115.58953301
750.292756067
152.702231014
139.994235012
355.039974031
3.70049700033
1.89788000017
14.4078710013
652.780476059
261.331484023
0.773862000069
444.00572004
0.0
2.70600100024
66.1014940059
1.64414200015
889.004272079
234.666033021
2.56681100023
264.956073024
334.90012703
439.899922039
138.335245012
156.203511014
92.5976500082
777.852566069
0.0
219.87300402
79.3005810071
609.607999054
168.642156015
118.50094001
208.091508018
139.464845012
1.47724700013
25.0776450023
101.338489009
44.0883240039
102.205971009
16.7293380015
32.2559360029
58.5625940053
0.488469000045
0.0
420.139615038
131.636866012
1.55229400014
387.886523035
57.9832920052
75.7452790068
2.05267300018
0.0
219.44639202
0.633746000055
188.053763017
9.64339800087
330.281343029
75.8309090068
0.0
4.71742300042
2.49276800022
60.6558510054
3.24938500029
0.953583000086
5.61867100049
17.1182100015
136.396063012
2.06350800018
164.647897015
79.779154007
8.55448200076
47.6888230043
191.026964017
184.754598017
2.47861300022
75.5667070067
360.159814032
9.08613900081
268.016327024
297.138944027
70.1308440062
2.15940500019
397.701330035
475.265715042
22.724648002
204.292550018
1.28848900011
557.30567305
55.3468430048
492.313664044
591.455698052
237.405276021
14.4125560013
8.55448200076
70.3129340062
30.5511240027
221.32641502
192.711870017
2.45821800022
0.0
0.183522000016
131.387368012
11.609864001
214.103772019
732.801703065
530.829430047
287.631626025
401.127127036
283.112644025
0.707908000062
47.2815740042
58.8420690052
329.45012603
112.18488901
130.019054012
849.431982076
3.05890400027
189.578165017
17.5488020016
158.175636014
69.005124006
6.25419700057
143.626814013
484.626670043
2.3011930002
298.665497027
46.2414460042
17.5882610016
231.304147021
0.0
317.905120029
103.037000009
227.66888302
960.334882085
0.0
0.339509000031
0.568063000052
2.43737100022
5.14017800047
119.544070011
319.440397028
102.970168009
69.2059850061
2.35797600021
0.0
0.0
1551.30665914
0.636780000058
365.046434032
782.43497807
17.3871370015
18.5781680016
2.80210900025
112.21139901
0.0
20.6425570018
7.86007500071
58.0759050051
0.0
498.239296044
139.289067012
309.441658028
3.5015860003
16.5335640015
47.6281900043
437.899674039
5.48565300049
1.34025200012
2.77730500025
240.805114021
32.4854920029
9.53030200085
254.367382023
85.2119380076
6.40819400057
195.641909017
779.651144069
2433.87178622
1.68307800015
4218.31827038
568.886342051
17.5458030016
7.04945200064
1.77254900016
0.0
186.153213016
163.279567015
29.0879400026
0.0
77.777239007
446.77502804
16.9895000015
10.763630001
121.613397011
218.067178019
3.47560800031
208.833911019
5.06676800046
0.0817110000073
40.5279770038
1.91363900017
63.2332370057
112.50926101
0.603749000055
138.857945012
159.837881014
85.3382320075
144.445973013
54.0215850048
118.814408011
0.310221000028
177.205442016
35.5088590032
29.0911250026
532.356805047
6.23965800054
17.0935280015
72.2087540063
66.797424006
61.7069940055
0.0
5.5782580005
1.99098700018
80.6561580072
0.0
277.738512025
0.0677900000061
1166.1612391
478.138926042
58.9441100052
0.0
0.0
50.2554800045
58.9403860053
98.0640850088
13.3701380012
2.66052200024
2.68302400024
5.01297200045
309.064712027
20.7918000019
22.792687002
281.129263025
29.0027710026
245.284642022
106.452974009
71.3921870063
79.4820090071
18.2577690016
31.6551210028
381.408030034
0.0
2.03669300018
41.7588710037
82.0907920073
138.526912012
12.8446190011
7.73507400068
728.149269065
141.643821012
331.16742203
253.482256023
119.986567011
154.610467014
174.667952016
77.6189390071
8.72077100077
1.1536470001
122.118056011
3.08229500028
32.4827070029
106.520992009
230.30451202
0.872662000078
350.664259031
2.2018530002
19.5377480017
377.139445034
3.26730200029
0.429308000037
110.12609601
4.48399600039
27.6381400025
225.63528302
516.948126046
2.3013010002
480.501514043
229.14790402
556.82840505
1101.3619091
206.619218018
0.384165000033
25.6780780023
559.29938205
128.682538011
0.46282900004
1332.53014112
2.36577500021
740.220830066
54.1226250048
0.0
5.36104800049
1.02026300009
16.8752580015
18.4401240016
160.281844014
648.726917058
703.782890063
2.73961300025
3.12061500028
286.328980026
166.169976015
735.552704066
131.116344012
187.006914016
84.5874020075
1.19737900011
181.051255016
1.35476900012
163.004887015
435.804927039
21.6680750019
7.26145800065
0.300089000027
241.012803021
8.24303400073
2.77962000025
3.4979130003
0.0
4.98345900044
2.05979800018
3.87958000034
180.541987016
29.3001450026
0.0
0.732451000065
1.23713800011
509.220495045
54.5860220049
3.97398900035
0.354819000032
47.4870540042
273.053887024
0.800772000072
6.67655600059
17.0950410015
12.1753450011
12.4466280011
5.67788600051
58.1187220052
93.5344360084
135.818160012
4.72825600043
81.1090640072
3.97591600036
1.1434750001
1.0803390001
22.971153002
0.633891000056
373.689355033
191.344897017
126.242102011
197.769944018
872.860376078
1.67554600015
520.698938046
0.0579730000053
144.206000013
352.578873031
371.120263033
77.7058230069
0.0
237.736877021
122.362890011
5.66862900051
240.453956022
88.5500690079
1.44475300013
1.1478250001
91.373072008
1.29346500012
4.80920500043
195.547243017
0.307683000027
6.19248200055
85.6132120076
159.472989014
111.63904601
3.26010400029
113.59040301
184.801171016
51.3850800046
357.873562032
1437.72105213
19.1830000017
1.65572200015
29.5226600026
153.126346014
436.631305039
742.199783066
665.701458059
522.960704046
88.4597640077
1.49301000013
50.5788900045
318.560948028
117.31276301
160.058581014
522.411051047
0.0
0.446555000041
2.02803300018
14.9016990013
11.7758710011
0.965479000086
4.83924300043
31.3382240028
442.443880039
212.610267019
44.0774330039
59.5190500053
320.747228029
314.817153028
3.89968000033
358.315079032
26.1931070023
130.416143012
0.295435000026
1615.58368614
518.197915046
1.29155500012
568.49550305
662.610490059
7.68746400068
0.0
0.0
17.9085420016
2.03897800018
60.8810850053
142.362799013
1.84954300016
3.16546800028
2.31710200021
6.7757320006
406.161604036
2.54638200023
48.4186540043
181.145081016
13.7718050012
4.74722400042
7.70917900069
96.6132040085
137.085236012
54.631662005
1.81273700016
140.917185013
0.601565000053
235.829014021
7.22049900065
53.6070720047
15.5956030014
4.73246700042
12.1364470011
0.601565000053
10.745642001
9.65695200084
23.5841010021
8.75564300076
94.7727660084
1.86666000017
80.7525260072
5.22949400047
348.724050031
391.534278035
802.082406071
67.865269006
569.887176051
214.130849019
105.03421001
165.711978015
262.198197023
0.525938000047
438.466856039
282.920241025
0.0
26.2495650023
1.43777900013
3.41395200031
3.87739900035
224.16092402
155.617315014
407.641735036
2.15737100019
153.247426014
65.4524550058
68.6553230061
42.1671900038
589.116897052
4.94581100043
672.231771059
6.60547600058
2.2656530002
212.290625019
57.8228080052
308.120729027
520.843588046
1453.48765513
1885.59108217
80.265854007
0.641696000058
8.32270100075
517.412189046
250.859940022
0.0
120.018707011
4.4267710004
309.539196027
3.67429600032
494.744748044
457.128581041
116.59428401
0.0817110000073
0.0
78.987128007
5.39358000048
130.412767012
8.20734000073
388.753468035
109.59982001
5.82115700052
234.971622021
4.05726000035
9.92750200088
16.2418860015
193.611290017
2.14891100019
10.4079160009
352.895335031
88.6530370078
166.530510015
210.497345019
4.76798800041
672.01026406
73.6863860066
15.1502320014
0.11125400001
14.4178370013
271.816280024
435.935588039
7.82053500069
104.740967009
9.00107000081
5.22375300048
242.624800022
0.962400000087
46.0198010041
240.431616021
26.1677300023
279.055367025
499.912359045
15.2698360014
1.58460100014
0.0
0.0
253.307150022
53.9814220048
10.2643120009
4.80344400043
75.8295480069
342.845895031
309.141735027
2.99290400027
5.27329700047
339.19007603
725.244969064
26.2621630023
3.72460900033
76.9162970069
693.652548062
30.4923410027
0.0
5.7291780005
6.29862000056
3.49130800031
1684.92983815
76.5772290068
7.47790800068
229.322128021
623.577881056
84.8950650076
86.8500970077
2.35119800021
17.5121960016
176.255130016
0.0737160000065
154.315483014
0.0
842.369292075
5.00517200046
44.643264004
2.69752700024
231.403964021
765.952802068
547.009799049
1.1243310001
0.381146000033
5.24523600047
2.08717000019
3.4106380003
26.1677630024
452.08021604
948.554036084
2.50905700022
750.063892066
108.55426201
85.0725680077
126.301211011
479.470916043
510.883063046
0.0
50.5806660044
90.4883440081
3.77859800034
2.12945900019
99.8699370089
77.663100007
0.299501000027
195.805470017
33.264881003
133.492421012
134.214332012
101.064391009
3.10012600028
32.5172740029
13.8819960012
2.59668700023
483.870070043
807.631297072
14.0884030012
7.27686700064
79.4119050071
604.944665054
205.518898019
596.304216054
236.943229021
464.030321041
114.92116101
254.472875023
200.073319018
510.719919045
237.537027021
5.14592400046
219.261030019
19.3808600017
93.8722480083
58.2945190052
92.6253600081
536.917486048
13.0693070011
104.646825009
231.770616021
398.172103035
298.047401027
244.935003022
111.35141801
17.1302230016
0.0
166.076083015
247.969441022
7.55196200068
183.854002016
47.5511700042
1.77025900016
7.8443200007
103.637444009
27.2076720024
491.819110044
59.3528120053
87.5600650079
79.6948850071
28.9234350026
406.690923036
7.56850900067
94.8803090084
13.0157100012
399.055843036
3.78268300034
639.244200057
75.7284890067
173.456967015
6.10554200055
46.0697870041
119.015535011
25.9496030023
26.5966090024
115.36808101
1.60343400014
2.71439100024
93.8658000082
2.71330200024
89.404862008
209.880812018
0.0
236.396823021
574.329323051
56.782880005
583.781889052
22.286513002
53.1194140047
44.666059004
261.192968023
2.74862200025
626.673432056
384.089109034
1.73872600015
0.195567000018
90.2185110079
11.274646001
2.2722620002
83.5016400076
71.2199450062
232.993706021
53.5086160048
277.747874025
492.277631044
382.044682034
13.6398590012
361.980024032
0.827394000075
6.43081200057
413.477831037
20.0274390018
3.3578900003
3.05204200027
543.790023048
11.038547001
3.47377800031
2.87921000026
2.56477100023
103.994972009
0.580499000051
24.0691840021
2.81566500025
260.511063023
0.945339000085
7.53410000067
10.952187001
0.0
13.4572290012
35.9470350032
0.510866000046
162.311211014
211.472587019
130.650282012
65.6678780059
27.6912760025
138.797974012
57.4273950051
563.03783205
21.3840320019
33.647226003
90.2547060081
71.1052650064
531.126580047
12.8045630011
1.61763900014
0.0
0.547340000049
129.954047012
15.0592160013
84.8779790076
127.903228011
115.57178401
18.9431520017
80.1949650072
63.5471340057
147.147415013
75.6569840068
98.2175050087
145.249157013
85.4338890075
170.267899015
86.1378170076
51.7362690045
475.123940043
1.48945600013
1.67083600015
79.4420650071
0.0
231.69131002
124.320422011
129.137208011
24.7815950022
758.912481067
448.31326904
30.3315510027
16.4503890015
520.074733046
0.505848000045
7.16852300063
271.006153024
1.02287300009
71.6755020064
44.3748470039
0.892928000078
2.09187800019
64.8639610058
0.034135000003
0.0
0.0
64.6542170058
68.3348270061
516.017468046
45.6776420041
0.0
963.379662086
1.01508700009
68.9808150061
6.13034700053
2.44272000022
1.89000500017
624.582501056
1.48699700013
114.21632801
73.9683300065
409.008555037
611.317052054
141.352428012
43.0262400037
110.95196201
3.5386460003
349.850088031
231.697388021
334.16724003
11.490791001
3.27725100029
14.7094700013
2.78401700025
0.0
192.711505017
230.987638021
1.65861300015
3.75180400034
38.1031620034
10.872617001
4.84907400044
621.272321055
55.8816480049
275.428554024
94.0571210084
273.820278024
281.775222025
51.0766920046
1.18755300011
9.38459800085
24.8148140022
1.18991700011
203.735872018
0.967197000086
5.82494000052
2353.48901021
10.3199520009
4.98159400043
53.6804970048
0.0
0.107808000009
26.1194330023
3.22306500029
20.4323100018
221.76288702
128.676233011
265.573583023
168.651595015
114.38564201
3.06743800028
117.19153101
2.31325000021
661.469333058
252.488882022
1.68643600015
0.146400000013
162.324433014
58.3461810052
120.816301011
86.2044810076
109.16609901
10.626856001
45.5226680041
335.79013703
148.292431013
10.5577420009
703.064454063
985.452260088
786.67600807
0.579361000053
0.559129000051
6.60089900059
1.57289100014
72.6150920066
134.155680012
0.203435000018
32.2876290029
1232.04175211
202.808348018
82.4392430072
200.315939018
0.407186000035
88.3176950078
34.1071830031
0.0
2.82735000025
63.5474260057
108.97835201
90.2194830079
74.1960590065
304.212294027
172.692765015
154.209724014
13.6964080012
127.203985011
17.5010710016
0.0
325.499376029
303.217351027
3.20685800029
26.0095510023
40.8534970036
0.99520100009
785.21315307
195.164143017
90.4425940081
10.863110001
233.373224021
2.92289000026
9.49914100086
131.873642012
6.48003900059
209.273850019
9.43970300086
464.266942041
5.84981500052
0.132639000012
128.191407011
117.03485401
75.5488640068
1.24096900011
160.250584014
139.280015013
8.13786100072
0.0
32.5354320029
2.98327600027
88.1003090078
440.632809039
0.152949000014
106.18409001
4.78355400043
1.40130900013
222.05215902
0.91395600008
258.550061023
243.898014022
0.794376000069
88.336028008
30.1548480027
2.42392300022
62.3588770054
792.67566507
188.929019017
27.3927400024
403.026576036
244.427936022
80.3811410072
474.687834042
63.2832610055
71.8238420065
1958.01121717
443.862524039
47.2428610042
3.98448300035
353.665680032
443.423186039
19.3405370017
1.0925300001
54.2344170048
1.27023600011
397.875707036
37.3756570033
682.389067061
57.7697370051
70.7757570062
6.99660100063
313.976107028
580.865843052
0.0
1.86247500016
3004.66424127
284.194710025
126.538957011
3.76100500032
2.2569230002
0.411903000036
407.342042036
86.1365000077
7.8460420007
170.099450015
5.43758400048
65.9466030059
251.202822022
8.79488700077
9.14445600083
159.598460014
0.0
769.027377068
7.63485700067
558.12987505
2.39148100021
10.3350390009
420.659358038
167.145179015
556.11871705
2.01674200018
211.549796019
28.3909860025
8.79127900079
95.8253850085
81.6837170073
197.137431018
432.856180038
0.0
32.2246820029
6.06270000053
50.4722560046
2.97802500027
2.2760240002
100.785975009
2.37060200021
193.892876017
98.5196730088
0.0
59.0100450053
0.635401000055
2.39198100021
314.114681028
0.0
45.0414420041
10.3856850009
143.353307013
0.0
1575.83558114
563.98723605
8.06388300072
5.31261400047
190.124481017
112.91992101
508.947118045
19.3156070017
55.338246005
7.11533400064
0.608107000055
8.46620500076
8.43045400076
268.156285024
3.65645000033
10.1760610009
114.08144301
79.7290170072
17.0252660015
135.853345012
0.0
0.489989000044
19.5748800017
2.2779600002
3.10729700028
585.056660052
0.0
707.355167063
289.096871026
347.539706031
49.0082920044
356.248171032
6.31189000056
1.21506700011
2.88071400026
420.214331037
282.002039025
40.4114700036
2.71115900024
487.146589043
2.33611900021
16.9814750015
59.1893980053
11.215693001
27.4101840025
96.2552240085
278.965550025
0.405947000037
160.333699014
137.495918012
111.23748801
5.31653000048
102.284337009
2.73574900024
8.77119000078
265.630781024
101.688703009
67.9378200061
8.91558900078
6.63065900059
153.073251014
0.0
4.18755800036
226.08200202
6.31417400055
4.57787000041
16.0840360014
642.357165057
192.172569017
50.4432060045
165.787353015
743.319580066
24.6068780022
189.197078017
7.49150300067
0.0
3.13818400028
1.29117800012
14.5803710013
202.802902018
10.3169220009
131.236912012
2.43504900022
263.640822023
0.0
347.298289031
455.123112041
4402.90246539
65.2102250058
368.465925033
72.8367740066
92.5886960079
3.43838400031
3.3751700003
98.3487380087
383.153423034
658.733590059
281.277850025
948.138520085
18.1225560016
17.2595970016
159.373208014
24.2703770022
13.4186050012
173.138502015
0.0570430000052
10.505385001
1.71216200015
208.538670018
31.9601020029
74.9573820067
40.3809390036
94.6795670084
95.0773820085
3.89829200035
16.1573590014
10.801295001
122.440361011
131.923407012
4.23306400039
2.02922400018
1.34559400012
73.9494400066
141.139038013
225.86320102
25.6306100023
239.283978021
0.0
91.4868260081
76.7300460068
509.098683045
3.10236200028
699.421818062
0.0
0.0
23.9321680021
78.3484000069
2.2724630002
0.0
443.422708039
151.651551014
77.9785140071
9.52852700084
2.04274100018
8.00509300071
155.282420014
35.4827270031
180.256056016
183.205220016
141.134665013
26.3731920024
3.82852900034
54.4675090048
235.535942021
30.1433540027
117.158853011
379.560746034
5.22375300048
145.023548013
0.256724000023
2.2600450002
71.0573690063
8.78705400078
161.209647014
0.0
10.2330850009
1.57284300014
1.39495200012
19.9950100018
1.02189400009
1.01190000009
110.70428301
3.30412800029
0.913383000081
44.0119700039
76.1872790068
965.485592086
0.277097000025
185.186910017
108.07766601
0.0
30.7361970027
1.1223920001
704.034966063
82.8662570072
443.83010004
83.6298020074
103.093453009
308.538226028
193.380313017
117.209719011
80.1597780071
260.427307023
6.5580200006
2.83890300025
41.8908020037
196.053409017
195.043417017
251.108237022
0.0
24.7625330022
522.814399047
643.231435057
979.168971087
0.0
177.753100016
34.6467230031
37.1348060033
39.2372780035
21.2567070019
1.39365400013
45.090697004
357.987924032
42.9768510039
5.94113600054
176.101001016
95.6853500084
196.313849017
0.579323000053
34.6580670032
71.2199450062
6.36223900056
21.4486200019
5.85108600053
2.97487700026
1.57120200014
443.461118039
306.351997027
18.0844490016
67.374864006
93.2266020083
4.56764600039
0.739324000067
1081.6076321
44.772517004
3.57248600032
4.85854200043
21.8871730019
79.5806490071
133.512937012
13.0974710012
2.59516200023
1911.16557217
0.0
10.1511710009
71.9424540064
274.124395024
7.25980200064
34.6192260031
0.0
3.61446300032
414.352894037
2.98301400027
20.0211000018
382.836141034
14.9838720013
7.18689900064
171.356865015
108.42980201
0.576668000053
250.823055022
0.823138000073
0.0
392.708687035
1.46147600013
77.1269870069
25.7888350023
85.6939450075
47.9580850043
27.1995620024
9.43259600085
131.572524012
6.18277300055
1243.42305011
432.546448039
8.52316300077
0.0
2.74364400024
3.3111710003
328.406599029
86.5717220077
2.30673100021
78.272851007
479.057494043
0.767715000068
3.3698610003
74.4002320066
173.378184015
1.20982100011
2.32348900021
3.20685800029
198.527926018
0.0
0.347613000031
176.823376016
118.809724011
0.797502000073
75.8296260069
8.53713900076
130.483753012
164.379533015
7.07657000063
109.12054401
0.0
267.227366024
3.99024300036
491.906060044
8.73102700079
13.3488090012
0.0
50.6334840045
3.59258500033
108.83751201
232.754173021
101.458849009
0.0
0.0
5.5755410005
33.651390003
27.8341970025
127.331985011
46.3377740041
0.0
98.7371840086
217.361164019
199.916173018
0.957557000087
0.0
198.711903018
531.194233047
64.8224430058
88.6278780079
379.744154034
28.7963290026
5.25526900048
179.633000016
135.564148012
0.0
2.47665000022
96.3623760086
1.57737900014
68.892753006
4.07314800037
51.6835370046
0.0
93.2735130083
2.2348220002
26.1745080023
25.0553730022
55.8666720051
0.0
496.462080044
20.5960050018
193.397132017
80.8360390072
522.334994046
377.942634034
18.9629330017
560.73510405
812.946526072
13.3556020012
0.771754000067
1.78440900016
291.536481026
27.1348030024
1.37038100012
8.26533700075
437.946497039
1.42254200012
3.12943000028
0.121167000011
296.679005026
3.20065100029
213.348898019
96.5979840085
224.81747702
1.73862800015
197.756792018
312.423335028
17.4349500016
888.792270079
3.80642800034
6.16953900054
70.5382780062
9.56121500086
59.5140260053
13.8334450012
496.355801044
452.49597204
9.86003000087
277.189948025
0.0
82.9203680073
2.12431200019
2.93126800026
29.6365540026
1.25755900011
202.632294018
6.41319200057
2.77558100025
0.359640000033
441.45112604
0.164391000015
0.56795800005
20.4398250018
609.463932054
39.5489830035
116.21596401
168.308052015
491.400293044
1.28284700011
196.317464017
88.5713690079
16.7162180015
28.3905560025
13.1990020011
7.99628000071
1218.83311311
71.2199450062
5.5984160005
2.2817090002
0.0
188.007914017
16.4054360014
0.0
18.9396660017
6.88868000063
6.7550030006
54.7494110049
33.334258003
13.5449140012
86.3352800077
188.461421017
1.36927400012
292.739952026
0.713596000064
449.11047904
10.3859200009
0.0
2.36817800021
14.1258870012
24.0133290021
71.4130940062
9.77361700088
594.570738053
12.9188840012
458.328810041
605.968325054
87.6210420079
4.56305600039
281.641153025
42.9548480038
655.074039058
160.474927014
2.48112900022
37.2434270033
346.366575031
201.223507018
15.1581130013
9.8993480009
31.3284350028
175.587661016
56.5696600051
6.84117300062
5.73691000051
1.05486300009
52.1266400047
2.11145600019
1.72739800015
33.588407003
8.50507600075
1349.96218612
5.11850900045
283.765788025
377.855032033
1.54396700014
2.80969500025
0.465686000042
352.974248031
6.63650500061
154.999911014
238.362417021
0.0
271.734947024
18.3271160016
387.208647035
0.0
5.01070600044
147.834003013
6.50033100058
19.2326580017
174.855832016
30.8824830027
272.494186024
3.04458800027
14.0454550013
10.2707360009
178.605794016
2.06359700018
82.6143930073
2.63133600023
17.9264530016
190.273316017
2.10094100019
21.0954900019
64.8919290058
165.773562015
0.0
383.330025034
247.506837022
29.2996680026
2.2600450002
2.73328500024
9.0249600008
27.7137340025
651.357532058
13.4367360012
1195.86652011
1.1563520001
0.260391000023
4.38451700039
73.2098770066
128.401429011
1188.44409811
39.9105010035
194.008545017
29.1442550026
679.042354061
542.952639048
6.78054900062
10.726151001
19.7931320018
27.5975920024
2.56454100023
0.0
12.9578260012
171.365481015
18.5724610016
3.36980100029
1.0653280001
567.25263305
43.484062004
0.846909000074
104.052489009
55.5438490049
1.67016000015
66.1815110059
95.2764140085
236.021311021
5.24844700047
6.40872600058
0.0
38.5631990035
72.0255840063
189.703064017
143.243760013
80.095987007
31.8827100028
376.828483034
5.17057300046
79.585996007
167.932042015
6.91627600061
94.1177560084
478.872034043
136.442291012
226.28806402
11.010718001
51.2019840045
186.361868017
123.240161011
12.0378350011
2.33310500021
25.3776820023
5.98109200053
109.14807201
385.451770035
33.108419003
77.720539007
568.80731405
207.574362019
9.0802420008
440.044270039
156.579447014
1.1361680001
0.0
488.754385043
3.03249300027
3.31825000029
54.6659650049
668.281168059
23.3336670021
56.5616940051
0.0
46.5252890042
382.908678034
39.0555950035
11.533072001
112.29289201
27.1934670024
374.223850033
1.44602400013
5.77269700051
12.7821150012
26.7723710024
19.1065460017
2.82601100025
199.166937018
101.865187009
3.16908700028
372.207809033
1.34276300012
588.600218052
299.160572027
2.61072600023
638.629848057
364.542140032
231.07989702
0.57415000005
91.8028540081
16.3363310014
70.5382780062
76.7692260068
0.901057000081
28.3233830026
95.0251900084
3.70011600032
8.71512500078
111.43236201
77.7736880071
0.177970000016
12.7098440011
2.81491600025
732.426969066
77.1082610068
1.98116100018
74.7546980067
21.7164260019
71.2400850064
6.34268100058
1.35327300012
3.4890760003
158.243296014
74.3050980065
255.411699023
5.19007500047
2.77700100025
320.088168029
4.5045320004
35.1580360031
9.2190730008
4.43755600041
0.0
90.7203620082
27.2303270024
171.025324015
23.2324930021
1309.49424012
439.521081039
5.21838600046
2.59629000023
585.966017052
748.602954067
72.7102800065
11.232645001
266.515688024
1.73015700015
7.73635400069
726.885514065
35.4126250031
74.4676810067
422.113624038
495.175531044
636.042489057
0.0
0.99760400009
6.26023200055
34.5792680031
2.00238100018
67.226242006
74.1931100065
355.255510032
189.556869017
116.80571701
10.869252001
2.31788800021
2.35754000021
16.9170460015
34.7301790031
144.039989013
5.05625500046
8.9008500008
8.75238800077
120.472514011
2.56128700023
5.67941200049
459.360678041
64.9224790058
86.9514730078
89.5382790079
4.44568700041
3.3075590003
1937.88879917
175.007948016
195.399908017
39.6654130035
59.6166940053
247.205537022
26.4219480023
1.68074100015
529.636451047
0.0
46.2601200041
161.722444014
229.110776021
365.842035033
92.2042430082
0.544200000049
45.239084004
86.9312020078
0.240709000022
55.2517990049
16.4506920015
47.4172860041
321.646690029
8.32077000075
483.985922043
2.07063700019
1.62414700014
88.3615150078
62.1978210056
1125.7486141
293.947525026
71.5292140064
61.5470850055
31.1575860028
79.497507007
401.968161036
43.7810000039
40.1022100036
9.26739100081
17.3992090015
79.038295007
7.28302100064
152.014713013
5.85858800052
12.3499150011
1.45015700013
0.0
463.952707041
0.878789000079
228.32037202
165.094302015
7.28534000065
0.0
544.309321048
10.2230500009
15.0085510014
15.3845810014
0.0
38.7989880035
392.751538035
12.6986030011
8.07789800072
6.7262990006
54.7723020049
48.9217450043
159.316193014
122.946578011
2.1901010002
7.93421800071
4.5154770004
681.885533061
324.099725029
0.949984000084
2.78787800025
0.0
0.864530000078
1.01698200009
219.004741019
0.0
12.3194530011
89.749661008
31.0237370028
31.2817000028
0.0
7.61320200069
89.702217008
275.408767025
0.0
0.534905000048
379.677841034
7.30335000065
8.13025800071
726.675340065
8.23393300072
51.7739530046
73.3737290065
96.2203500086
116.898850011
4.68804500042
2.01424700018
1.86666000017
654.297928058
7.34940400066
564.66464305
1548.63659114
0.164037000015
176.611266016
154.954747014
19.9859150018
0.0
410.151674037
5.6129100005
0.381146000033
73.6365260065
8.67408100079
3.79494600034
215.018678019
23.5042800021
222.19814302
54.9609300049
279.854431025
98.4215670086
371.367285033
98.5224520087
218.906650019
702.846547063
58.2149480052
15.8368910014
130.839092012
103.895188009
234.486491021
407.768705037
46.2044570042
124.417095011
198.466777018
29.2455410026
2.56479700023
2.03404500018
541.911704048
0.0
0.481422000043
114.58389801
0.649576000058
33.936866003
2.65378900024
1159.1603131
79.7367270071
153.611950014
2.00833600018
283.235173025
0.0
122.832030011
133.238398012
220.88830102
0.595475000054
0.814419000072
138.503840012
3.20626100028
5.5244790005
182.111737016
45.137806004
0.0
16.4480170015
0.0
0.0
0.0
4.32503900037
81.2726310073
0.0
85.9798890075
341.42616303
59.3655190053
5.13641400046
5.20032100046
107.363953009
74.9539220067
5.92281400052
3.00692000027
159.126969014
167.211512015
829.724377074
138.487631012
5.14361500047
10.3064520009
84.4274230074
0.985527000089
462.961593041
148.551283013
72.7461240065
0.886139000078
0.0
0.525308000045
53.1440990047
20.0649830018
28.4940690025
236.458879021
168.363643015
359.703314032
27.2257950024
186.372141017
52.0388060046
1.25952300011
898.23446208
513.596017046
8.79003300078
38.0950640034
257.193867023
39.1733320035
77.0073390067
1.87003100017
41.7704120037
33.640623003
1.26455700011
38.2044110034
446.83935304
10.1865650009
784.91352907
7.04943600061
586.814934052
137.853100012
196.985395018
2.12236500019
71.1914930063
105.536334009
42.7427480038
257.507154023
3.77502300034
4.3291310004
10.1469860009
41.1173240037
38.0400190035
24.6471450022
4.02701200036
246.013297022
1.00880900009
81.2351760071
223.36754102
2.58233800023
58.8067080052
17.6394570016
36.9810200033
194.089671017
167.314526015
53.0029570047
2.09399400018
461.762361041
183.683368016
4.91171700044
0.942015000083
148.167173013
85.4548000075
91.7478450082
9.29038100081
40.3726960036
3.61404300033
1.1482490001
1.30865500012
0.0
1242.89360411
218.731149019
7.04348700063
0.0
32.7846470029
220.03119602
6.43195700057
491.413764044
1.57700800014
945.626432084
182.895435016
73.5231170066
237.824050021
12.8537790012
36.3301120032
0.195495000018
118.35354501
441.139852039
138.572655012
0.0
30.3370050027
1.52202900013
5.88667100052
0.533940000048
4.05675600036
6.88210700061
82.3554570074
10.720592001
45.485012004
1.58460100014
19.7565800018
41.9608190037
667.88138006
5.00132400045
181.783724016
4.02181800036
41.4051350037
263.184490023
3.48612300031
6.33608600056
389.459016034
182.608005016
32.7125490029
0.46741400004
71.9315850063
159.589750014
0.811707000074
143.426484013
95.2008690086
287.039361025
82.1344210073
2.29393800021
164.181873014
334.06465603
6.79030600062
0.0
18.1301370016
7.65149500068
0.11301000001
80.1076460071
209.666873019
255.545143023
191.578766017
1.97441100018
593.382260053
1.44222800013
147.498378013
4.83327600043
602.684058054
1.1478250001
11.9573830011
127.353011011
61.1172040055
172.992610016
7.51805500066
94.8610020082
883.737719079
2.02645900018
174.526567016
319.425278028
39.8312460035
7.31618900063
2.51584400022
335.76451303
1.21593400011
0.0677900000061
105.027320009
0.0
25.8051340023
137.739920012
178.389088016
0.0
22.393168002
17.5882610016
3.52639700031
3.93964200035
303.364995027
144.202543013
116.04792001
254.961759023
368.001611033
129.208590012
10.3139930009
210.935057019
4.32770000039
2.19176100019
5.00600600046
141.839001013
79.446085007
2.90488300026
543.267601049
5.75701000051
154.804964014
1.1589190001
25.8153580023
1.1243310001
0.962844000086
48.6453940043
4.4395200004
903.95452808
521.403180046
132.138514012
154.923922014
1259.44078211
15.5104250014
637.389843057
223.06592602
122.884507011
78.4889010071
81.1407830073
0.0
1.04367700009
10.3026920009
1.0859320001
315.800053028
7.29056100064
0.0
1.24340100011
205.384012018
129.830348012
348.468785031
1.71216200015
194.439028017
0.719613000063
462.148547041
782.34985507
12.3145760011
0.0
18.4242120016
272.698871024
1.93797400017
7.12221400062
148.768542013
0.653701000058
46.8502540042
0.980819000086
141.317493013
87.8081860078
1.24634000011
167.889681015
289.977335026
695.008858062
203.543450018
0.838058000076
64.0635820057
0.0
77.4753450069
4.23882600038
412.485170037
467.981362042
111.45873701
3.90764900034
25.9124640023
158.485737014
1.25410900011
1.19869400011
19.6049840017
80.0308280072
451.96397504
86.4004670077
100.411072009
32.8787750029
280.033867025
90.4936730079
3.30289500029
798.351287071
10.2287680009
197.308752017
86.0536720076
8.11177900072
501.501754045
81.2885730072
0.0
0.107808000009
6.31138400056
472.015221042
4.86935400043
1.51446700014
0.57415000005
282.703746025
15.3630900014
549.280500049
44.839343004
0.0
0.0
423.528764038
61.8778540055
242.922418022
147.377304013
60.8892050053
308.409359028
368.809254033
74.4830210065
3.25080500029
57.5845620051
27.8670150025
1.84355500016
322.017439029
95.9410650085
65.640542006
0.0
3.08458800028
138.716134012
128.552426011
5.85652500052
0.0372480000032
3.98876400036
86.2783820077
29.2641900026
0.0372480000032
24.9765590022
0.0
1.65572200015
750.809900067
645.013565057
3.63159500033
243.945832022
188.222994017
154.553651014
39.8499400036
253.325266023
244.193912022
13.5307730012
14.8612730013
152.319684014
540.858961048
53.8523800048
84.0829550075
51.1524500045
93.3588040081
2.56404300023
0.0
0.79084200007
24.1846020021
3.03297600027
426.542700038
2920.28063326
1442.70485913
718.970614064
107.39553401
297.751463026
36.7536690033
2.70999500024
7.31535900064
175.244904016
269.638241024
4.5313540004
599.436528053
256.508277023
367.223211033
0.0
625.387687056
98.7403780087
5.94556600053
27.5456120024
4.84941200043
1.49837700013
257.177683023
282.514813025
68.483619006
1.85862800017
499.659674045
129.171923011
22.8588420021
205.226737018
121.016366011
0.0
2.67802900024
86.5600460076
46.1153500043
285.634990025
0.0
15.5149680014
262.421468023
3398.4404463
210.124388019
556.06783005
463.365332042
177.671737016
1.64296700015
119.238813011
104.117696009
5.81885600052
71.9743630064
158.569287014
0.371199000032
31.3141600028
3.09601500028
1.36522000012
0.0
7.36152500067
0.0
13.4640740012
558.26046305
122.829941011
50.1508540044
201.381962018
5.29036100047
2.37974100021
71.9656010064
157.155311014
164.506187015
7.20996500063
4.20488900037
174.489969015
35.9892530032
60.5868190054
0.970518000085
10.1535700009
4.01858500036
93.8372750082
19.7911040018
137.896187012
147.388110013
174.370072015
143.671244013
250.687105022
373.143901033
6.06332600053
1.02978500009
59.2206420053
1.42440000013
983.321957088
47.3130060042
298.534695027
254.023033023
36.6098840033
53.7050260048
98.7056090088
1.73863400016
145.796156013
51.5814240046
225.31624702
239.371751021
29.7416030027
376.753908034
19.4164690017
110.64053801
120.922204011
638.070638057
1.34326600012
553.757311049
710.857093063
2.47299700022
381.261410034
95.2141340083
505.371221045
316.367717028
306.369796027
6.5910760006
0.269866000024
6.10960700055
54.7915540049
737.586902066
458.502950041
152.420660013
32.6246960029
0.0
140.920081013
356.188284032
167.386193015
0.0
0.471424000041
21.8906890019
78.7141160071
0.280817000025
591.058220053
200.183149018
191.066876017
7.20546900065
0.756493000068
0.286367000025
30.8620330028
141.949723013
486.779762043
58.0873440052
4.58201200041
73.5999120067
137.871161012
61.0441780055
31.4722670028
74.1091550067
139.092167012
4.73588100041
77.2368430069
600.085821053
0.965479000086
1.1210460001
25.5961010023
153.052363013
510.053283045
172.467814015
169.571574015
1245.12436311
150.736763013
481.974629043
0.0
44.5068440039
127.828636012
134.932704012
52.3521150046
488.688359043
40.6219790036
9.12763400083
238.564665021
54.9302430049
482.550280043
599.108377053
281.668031025
504.237959045
554.08649905
255.345470023
87.0622160076
1345.45154712
49.7794850043
82.9599590073
232.046406021
673.74904306
58.5729590052
382.865900034
196.470852018
321.075006029
3.41569700032
16.5297100015
7.40168400066
175.824556016
148.502572013
1.0895280001
2.73542700024
142.565037013
107.32433801
0.0
461.430850041
4.90193900042
0.0
76.2057560068
0.272914000024
0.0
39.3161280035
1028.93051209
1097.9923401
13.8291200012
87.6254570078
35.8993170032
4.68248100042
9.01611600082
2140.78726919
222.72830902
2.81157400025
146.288039013
410.396497036
705.615910063
96.5205720087
355.291627032
0.0
1322.84515812
281.954082025
281.377762025
57.6784750051
6.74458000059
0.91065400008
5.00521300046
475.098083042
220.82311302
10.9161850009
3.62296700032
52.1384450047
168.859494015
416.003113037
1.79575000016
8.03835000072
8.49182800075
1.48699700013
0.588978000052
4.84771500043
19.2019610017
79.9413570071
4.08644600036
280.119757025
322.505982029
0.195191000017
67.583798006
0.11301000001
2139.54661319
45.5585430041
185.234867016
1.90463800017
1.62753200014
7.26055400064
345.420219031
99.076300009
148.878978013
488.949007044
0.764197000069
74.0147510066
0.0
62.2532860056
24.9114710022
95.9145590085
868.637994077
819.267201072
2.31325000021
71.7856660063
72.0108480063
3.09178400028
5.05829500046
822.434775073
166.504917015
0.0
73.1726670064
19.3419580017
98.2228390087
5.6066400005
500.142673045
709.122395063
315.842749028
229.66297902
7.96149500069
206.880110018
1822.79789016
72.2479560065
3.3335940003
739.175533066
243.226374022
346.497150031
9.34133100083
60.5835310054
395.129588035
736.570758065
9.48032700084
96.2326760085
2.84939900025
2.81419800025
345.733183031
75.9837470068
197.685315018
300.840908027
132.448256012
33.875456003
384.590213034
192.791954017
82.7957090074
72.3234770063
200.331922018
25.2869500022
0.0678160000061
12.8006410012
98.958922009
5.09161400045
3.10189500027
69.5591190063
85.1578200076
0.0
90.0401290079
591.753625053
10.2659080009
388.287625035
89.279002008
0.0
0.0
1.89000500017
460.560431041
0.0
122.746986011
746.351905067
214.707131019
210.055163018
616.237628055
231.61524002
371.280944033
75.3383140067
1.60746700014
154.811115014
4.4882630004
8.03224300072
88.9136000079
24.8125920022
154.280986014
304.797175027
185.102698016
91.9298220082
120.953411011
224.80506702
0.0
300.474044027
241.503643021
84.9166100076
82.7512070075
1249.97789011
107.70199301
16.4213600015
220.12025902
25.1709410022
139.523942012
261.879572023
6.02446800052
338.11341103
614.221237055
9.84207200086
64.8617870058
126.598638011
229.78902602
105.332287009
99.0204100087
133.151796012
5.98769100053
91.6494930081
138.581349012
155.048982014
15.1996540014
19.8219040017
590.433269053
2.38881700021
132.819245012
69.219575006
208.363101018
841.128668075
60.0138480054
8.87136400077
131.925648012
1.1496370001
399.822297036
5.35383900047
67.087942006
77.7387780071
4.27240500039
1.51663900014
1.76187700016
238.703432021
2.81548800025
3.05478000027
66.2879230061
0.0
115.18461801
80.0969010073
47.5702980042
22.154717002
417.192574037
2.42241600022
0.0
294.767802026
656.488050058
315.251398028
122.584525011
1.1434750001
39.2098870035
405.812622036
89.610160008
140.269791013
259.467229023
18.5544750016
3.21733200029
76.908508007
47.8071660042
5.51876400049
212.749905019
96.8110110086
60.3087910054
361.049305032
3.4285990003
517.702399046
0.0392410000035
0.0
54.1498380048
251.852362022
145.856309013
21.4102310019
440.432663039
77.7736880071
72.9186480065
0.0
1115.3587311
306.763026027
0.0
0.217075000019
0.0521770000047
143.770589013
7.37016200067
0.0
1256.68051211
0.0
14.0468140013
113.00303101
82.5023720072
112.41502701
429.491083038
2.67247200024
613.973431055
73.5231170066
40.2611590035
597.808763053
996.841641089
12.1739590011
223.55672202
62.2445110056
3.01239000027
554.691844049
6.38319100056
53.7053310047
171.103763016
0.0
0.157936000014
0.0980980000089
2.56710500023
240.226590022
60.4484930055
0.0
115.57660201
116.55971501
57.4959820051
210.730406019
5.78019400051
0.0
42.6422000038
328.284946029
0.481857000044
217.770497019
126.884435011
0.156036000014
8.66644400077
9.25933500082
8.90802900078
117.02256001
3.66440100033
719.965388064
85.3200650076
87.2665840079
237.385141021
259.345593023
114.33749101
521.274152046
113.19033401
1.48329300013
11.751032001
208.638411018
4.54413700041
188.180719017
43.4830440039
2.40669800021
476.443750042
22.595342002
33.1079840029
120.549303011
0.0
584.333680052
4.06012100036
0.917886000082
1280.49214911
131.700449012
83.0596800073
235.438308021
0.0
14.4335240013
812.095112072
133.206601012
625.340217055
1.52909400014
70.2513220062
271.458698024
1.1796140001
106.505274009
213.852919019
4.78570500044
12.3596450011
27.7412690025
4.07349100036
556.68557705
108.08762801
7.68213900067
51.8409030048
157.156789014
16.2948840015
12.6795030011
66.0662110059
107.67459201
94.6795670084
0.745524000068
73.5629090065
2.81379000025
668.72031606
41.5741780037
466.032915042
163.456633015
76.1178630068
0.420508000036
49.3708650045
893.300859079
513.412883046
74.0744420067
86.6581110077
24.4658120022
131.676754012
2.41235800022
3.10012600028
99.9685440089
94.8175590085
1.55061600014
302.377139027
69.4746380062
69.8385530062
130.348454011
77.8499250071
75.8711940068
68.0887890061
84.1085530076
487.360307043
45.8348840041
59.0676270052
83.4037170075
12.7443490011
295.302474026
490.281425044
3.00359500027
0.487583000042
0.486028000044
0.674207000061
25.3160270023
175.096920016
187.892124017
243.367414021
9.95366100088
621.671664055
70.3129340062
254.674526023
324.460695029
285.334148025
145.317559013
152.667462014
88.9374720079
372.708782033
13.8047460012
0.0
740.092602066
870.699801077
69.2015240061
381.821752034
6.76942100059
94.3433230084
506.880189045
0.0
128.173777011
1.94434300017
307.303172028
701.162355063
19.2539970017
1.84254100016
75.7989250068
4.89907600043
31.0711750028
4.82248700043
154.244470014
43.1829630037
1.23636600011
8.28880900075
0.0
184.958736017
6.45421700057
154.697165014
0.0
5.07401300045
199.527155018
12.4355780011
10.411975001
28.6653890025
3.53403000032
336.10441003
6.59149600059
274.073712024
417.220214037
168.676965015
974.636424087
92.9787540083
55.7457100049
16.7186360015
261.519588023
3.55317700032
164.768163015
533.040941048
91.7303940082
292.361303026
136.578933012
0.0
14.2032580013
113.96005601
53.9124940048
221.95236802
118.850673011
186.653975017
74.5923620067
3.57509200032
1.28787700011
437.344871039
419.627534037
5.74465600051
74.4388490065
47.1906810041
579.241453052
0.0
334.93157603
1.36599400012
51.2884710046
7.01950900064
256.211110023
134.349997012
67.3600160059
1.33415600012
553.396158049
137.962773012
253.248095022
63.3076520056
22.0305120019
99.4045600089
4.75560800042
181.053201016
4.29175100038
5.99863600053
56.024677005
13.2637500012
5.48354200049
1253.04950311
0.0
16.5716040015
3.3871610003
1.24832800011
75.2188100065
73.6306920066
3.30789800029
42.9434940038
1.22535600011
12.0258020011
667.60128806
69.9832080063
226.97689702
53.1277790048
353.438258032
2.41033700022
8.01696700072
360.088212032
153.072241014
0.91395600008
36.2373760032
404.345649036
50.5145530046
8.55438800077
6.04396400054
3.79063800034
46.2359500041
21.3951650019
100.163699009
0.0
155.203306014
314.811930028
2.56146000023
2.52883300023
558.86104105
72.3205760065
114.06186901
63.2928260056
1.80935300016
819.373510073
403.753854036
30.4214370027
12.1992600011
62.0494310056
1.74700300015
5.23102900046
73.3094000064
544.630707048
3.3571550003
81.3482230072
96.1462820085
108.65303401
531.254842047
0.913569000083
144.010632013
187.161007017
738.135215065
1.71216200015
890.943835079
0.0
4.99536900044
44.5042350039
16.1223350014
302.905525027
0.0
0.0
127.272371011
1.58700200014
28.1341040025
0.0
20.8000190018
418.120240037
141.831214013
81.5431380074
8.02410300071
5.18560000046
100.641833009
5.16906700046
460.021667041
1134.4490871
3.05478000027
524.115513047
6.10481600053
2.51020900022
7.16811200065
223.88076202
18.9882410017
0.0
4.97439000044
3.98355800036
0.0748060000067
0.786676000069
33.389830003
194.200670017
91.6395000083
522.877395047
195.169206017
4.5038990004
967.386209086
57.3267910049
0.140408000013
95.7380160087
57.6418040052
323.959898029
60.3011980054
214.667985019
1.46956200013
284.450175025
8.78692300079
363.902513032
83.7934000075
513.734986046
36.6833110033
2.15523800019
264.913301024
3.00969800027
753.304158067
51.4102170046
2.40014000021
51.2256160046
667.690375059
1.26102200011
27.2668650024
1.61174800014
0.637291000056
627.147097056
73.1722330066
2.06755300018
0.0
2.00348500018
354.610711032
44.1458300039
52.8119710047
51.5196770046
488.636064043
6.36454100056
17.8950180016
5.13889300044
51.1868640045
87.3966390078
281.674362025
445.563963039
0.188350000017
19.9244270018
70.3297730062
196.891637018
231.875206021
85.1381750076
284.309431025
144.290128013
32.7812220029
0.0748060000067
1.47724700013
441.242367039
0.216761000019
64.2919920057
190.233806017
69.2059850061
77.7771940071
0.0
944.264492084
427.507983038
147.916953013
70.6738210063
390.135083035
112.03944601
23.046404002
4.4837560004
20.1807960018
26.4760510024
363.218827032
69.0729730062
268.684132024
159.593315014
14.8742450013
85.7357040075
404.049840036
21.4471000019
130.442045012
124.688148011
0.0
70.8132780064
0.580499000051
1.76642100016
21.0051820019
313.928034028
311.624525028
9.69727200086
0.523429000046
0.0469860000041
510.318697046
761.311909068
180.315968016
458.988725041
8.9973880008
376.239940034
3.3841740003
660.088726059
52.7736230049
1.46549100013
120.639426011
4.51429800041
73.0850500066
537.082151048
7.03943200062
313.242275028
82.5607360074
350.567118032
3.56110300032
983.251365087
135.439704012
2.88916300026
145.581723013
5.33969900048
419.857338037
2.18171800019
40.4069790036
72.5560980064
26.0715660023
5.48986100049
1.97971200018
5.68424800049
2.48675000022
0.0
694.124589062
29.9585390027
97.5387560087
117.16735401
4.03242200036
771.692104069
55.473110005
888.485969079
20.6076490018
2.40892900021
3.67347300031
297.216319026
83.6241640074
152.652345014
268.156080024
403.898331036
3.3326600003
304.478065027
70.7757570062
232.351360021
34.7519810031
49.6886120044
10.5396310009
224.86474602
95.8771100085
6.26808800056
114.99709401
1.62132900014
2.13303800019
2.48679000022
0.0
13.9565550012
531.915550047
0.676072000059
10.2513300009
7.91668700072
168.849369015
210.529653019
3.66611000031
233.247420021
0.0
670.58602406
10.747473001
2.41892300021
42.8745560038
220.233634019
528.074111047
35.4913680031
547.680832049
10.884905001
99.3246170088
3.72362400033
987.671126088
16.6528450015
148.797544013
369.327950033
334.85658303
5.83189200052
75.9026110069
0.0
71.7294240065
21.2955430019
0.0
8.27795700073
4.42037200038
105.067657009
49.1746260045
74.5010730066
0.140408000013
60.8454310054
40.8051120037
19.5371420017
30.4246190027
59.8584560053
10.3660120009
9.77954800088
419.000270038
956.517443084
2.1943470002
610.962354054
10.4079160009
317.885339028
9.33256400081
323.467368029
18.8762230017
21.3501390019
105.78093001
0.366006000033
76.3419080067
