5.93022459697
41.3543544223
355.153120176
48.4114867292
268.853213901
6.00482074256
1.81944045618
86.5734824392
0.636822523988
56.1000967764
0.0
6.37940579838
98.374938788
32.6503004696
46.7249695572
33.7445541132
3.89878585611
164.390190008
18.7925306461
162.942530222
217.69844126
186.461780663
4.46702400054
426.020861315
34.919235851
201.97325418
205.99889034
70.5130214376
7.91298894793
362.616069645
22.1461612948
92.3443187185
116.001139638
433.543493568
3.94628314376
35.4883029408
13.4696716848
0.21413823873
78.6683786736
100.845175234
357.64149267
5.03145919921
105.337864655
148.818920207
0.849941797707
2.17506179524
694.856886717
1.72458361333
109.076776304
109.604184431
24.1453362112
979.423571513
0.0
367.771661483
5.91123537419
2.03965932716
440.23294657
71.7978827526
113.548569928
950.582236218
41.5861096606
135.11208601
7.8451633721
46.5266412174
784.718365195
0.0
54.4293333899
5.47276159483
30.1374944961
4.7812656679
0.0
701.195975169
0.624026159896
776.995054224
108.096679899
2.61184452628
84.2385591897
2.25775609829
52.441432129
3.65724778855
360.525560266
2.22245450825
194.158859979
1.57510693017
5.21435640433
370.315167762
926.70567849
53.554150847
0.0
3.46519520193
45.5671077562
20.9776800674
148.786021282
49.8219957394
72.0953988552
6.10026167298
15.9492139982
75.8048995268
967.786443997
19.8761495598
0.0
0.310919509866
734.045880554
115.396814319
0.214514452344
100.126180005
0.0814202779639
467.880882544
10.8873478119
21.2373414288
48.9142165187
0.0
57.1315176452
1472.46679387
9.49270608899
10.4140710849
137.5452533
407.60839059
102.283826298
23.8489257938
33.0053951097
81.8292961301
156.705520639
0.0
81.6974224183
149.373617212
1.82275878779
0.0
0.810611533748
25.8414449174
12.2712872139
363.703934034
11.9126676436
189.816670033
640.303611984
543.756664541
3.07619159991
5.84480497699
61.6465235474
0.491393644257
218.689966907
190.366835896
529.638660746
4.19423469697
10.4049373835
718.169232424
4.62292692236
641.44425978
162.528855933
53.3721846112
0.0
5.60436366776
1019.30650348
64.4998831858
120.682062121
934.803376845
7.48109826916
6.07132638247
40.7746628051
894.536779686
170.820179321
136.843415963
114.208461361
49.8553524965
30.9660418545
6.17852685778
3.70897907348
36.8209178786
2.27915181289
705.711315199
91.3566151469
8.3627159779
29.2171012792
5.71240711662
24.0870090726
5.23923368902
172.397349687
32.8645981209
473.198516599
1.57798400784
413.381598927
16.3773425408
19.4638832034
96.088404261
16.5011984392
28.0015283095
105.292684588
142.852363577
78.646919194
0.0
7.29950824693
146.868806096
20.8532732393
595.13555337
2.57223114563
109.415380035
2192.91757183
528.051049495
452.596542576
1530.36338334
5.18020768585
3.05859372986
2.83444565839
0.287907989667
80.7197924447
27.2544649942
0.0
0.0
10.7599083194
0.241566124172
10.3737065523
5.14334640345
250.774893556
0.270055059536
5.02928098614
0.0
0.330078347593
117.994838415
0.330078347593
2.18470051557
28.3303504863
335.758430946
2.43680444685
11.1240295356
45.3295014397
366.030732344
60.6095589479
5.38097440001
25.9310526238
350.117745804
21.7976803626
45.3175531503
0.0
2.75342072355
0.0
0.161523170627
269.365783908
205.331862326
134.21239857
90.9636275066
160.089151454
489.184616111
112.506589572
0.0
399.682749386
77.2613270027
142.890259128
120.706871815
2.68287875789
9.28379403127
410.891747085
342.395532868
42.4236262066
7.39923036077
0.162457965812
3.05914721023
7.92652753683
31.4035617092
300.161556582
1001.34951904
16.4853349776
38.4512797488
295.856176905
7.69869002135
8.12388537304
0.464404462147
13.1551928115
35.1111226487
1.83028306008
29.8766152228
217.999368791
398.838509457
38.0045662536
268.137825221
631.835918379
35.5833332244
6.05870856043
1286.86791588
248.440481703
5.07760466843
616.746979937
2.79607314502
13.4936626357
6.91854031266
33.2201697233
2.40622401884
99.3411714021
65.6925084003
3.73148940062
39.8616255206
846.58844125
39.2833571387
11.9516586777
15.4159165338
636.629296849
170.02556643
0.790185047434
2.86742492642
5.24782411242
186.904196396
64.6141705055
257.976428126
0.0
90.0254706304
13.7270795904
223.708525167
98.1957310269
33.2357105338
12.3684191926
30.1681348633
0.487023189825
2.09279471782
46.3573476415
1.06780646417
52.9700326621
1910.54335031
99.0301562447
650.128260909
58.8696921346
575.663695713
8.2371345981
72.2270787217
47.0912702616
0.687099966482
74.2819753377
238.503884358
8.47369644356
7.587825608
59.5816910659
8.16224768402
53.589733003
1606.10796371
1.58985322855
32.8645981209
4.81405491618
109.068382277
355.917398771
636.960636469
24.4520459544
1136.09396655
2.17313354106
39.5610129884
148.615029006
2.46973780406
432.217964198
261.827196372
5.3095703313
25.0603374581
0.88950544164
732.585187199
103.514971961
0.603968235396
9.91138975692
156.530307118
26.2052524097
548.16976119
30.5930024628
105.949906817
641.930100766
32.8645981209
3.86312590666
2.81222354913
480.096441681
178.402051827
52.8028815908
11.1117879271
5.42462538168
231.995946134
0.0
84.0849275779
7.70721667973
5.02928098614
377.750906148
76.4763808892
7.41219506449
230.28802177
16.3367357012
18.8404895925
65.5220351714
41.1981020682
0.692587584049
168.008024638
57.0125295682
132.147823699
50.1577274938
26.2195319481
6.3019057938
52.1062143209
30.5961856125
11.0911688705
5.38252006409
16.9374340664
93.730455463
1.76597348742
22.0114997762
176.804577403
4.87638267206
29.390784439
707.830768798
230.552179841
2.19214699454
18.6129224406
45.4866477793
104.024708251
417.822147692
83.0911229694
103.718620854
998.772587136
713.846337772
561.067685102
653.006015769
513.370156166
2.60010411092
377.050551984
6.12939335976
187.338918242
0.263900459865
32.5694234697
3.20009978561
17.5190246058
0.0
0.0
36.8253482723
0.0
461.407193787
157.717063401
0.337184321354
0.0
3.86157386609
3.43244676327
87.8675629006
22.3575372328
124.121882671
131.705054708
46.3324945875
1.32708268483
135.595934977
7.62225106668
2.15678801598
0.0
2.43605329492
38.1166970402
9.75941603561
48.5007309751
1.33758478352
1.6192603802
0.0
729.100046299
1.50712831829
110.032260687
0.0
438.481395455
0.0
516.039366255
423.82255717
66.212850088
9.98006850871
134.911301442
147.419679751
377.775246531
678.162528731
2.24098589819
533.482274557
14.168912511
106.107740544
4.43001988448
1.64266214232
2.5428316458
406.968873356
99.5784053307
32.6421104905
0.0
0.0
107.41088584
0.0
90.4576737577
0.628330298703
43.7715626033
25.8742252386
37.2795847644
45.4986968174
869.146620217
231.598179944
1.11638138065
6.79907782414
1.37464883869
36.3145675115
279.186636264
8.44721355571
892.655993456
0.0
5.44091606886
2.27915181289
0.0
495.966485032
0.0
58.2360208779
346.576351405
115.208535346
440.892033288
590.484050792
37.0319176031
3.26569996225
28.4587808871
24.6801742384
0.791292008169
0.0
117.801885466
241.377894936
198.78424058
2.71527011245
3.03188383854
243.349148425
47.9902907195
36.7639808176
0.262329289787
15.0699938542
527.119982015
33.7720776462
26.2394801968
237.364889351
81.7397152049
965.905011187
0.568250897433
136.111828417
187.239750884
124.657539441
6.97042208304
100.359445199
2.24834310613
108.479096575
14.8955289352
16.546985549
465.931627986
35.3357540589
2.55811612094
124.793194419
0.708109265071
102.06593485
3.62439222465
626.678222295
273.755392074
104.36595823
111.094781031
0.657982308023
7.54238027871
313.638258998
174.217687955
0.0
0.0
340.117204899
465.331574922
18.6624844397
164.056469403
29.8705090846
123.452982516
224.903860395
191.531709299
4.69217955931
48.5986357858
13.2706572334
6.15117931627
660.900705432
41.1918467198
40.3192160528
54.0046698384
2.68935090736
161.647113246
6.75438747262
22.3209820226
125.254077777
0.0
2.949904979
415.300377632
107.77809966
3.77825594115
505.134670531
41.2467318226
47.0238719115
125.581599147
0.0
3.3631380131
1.13707695534
8.68158443507
37.1527344607
742.757587584
3313.24978845
2.02539126641
278.608439299
226.761466766
106.906745569
4.53446188506
480.259947944
565.766454139
36.3509352527
3.67776737179
114.251560137
99.9818886933
39.1257006789
152.482325145
2.40964820039
45.4297872362
0.669591367454
6.42682784329
31.1802196276
29.5071479475
171.020952411
197.785580904
112.67234674
4.06042125316
37.5511625326
0.0
103.996772796
137.674794487
126.623145901
821.07603531
8.81028137373
184.819350626
259.961864232
506.220627071
202.607228957
644.891908124
725.153925117
213.527844255
559.461096107
0.0
670.026980736
37.2712710811
192.585843267
62.3509701498
637.689437483
0.0
0.0
1606.14337115
4.76123069882
0.0
33.2729123213
69.0856580574
43.8325398161
0.0
217.555583385
2.3330689627
0.243146221352
64.6657653333
0.82026428238
9.60539673246
200.791317257
83.2826743629
114.888785656
75.8311120508
77.3900826051
68.7658943393
171.129048147
500.440643063
4.50242378869
1.67064860932
6.00781514788
159.200286213
0.0
0.0
118.542583757
154.418465789
111.60948334
91.8756815342
8.87852907398
0.306939297355
589.02498472
794.303172202
21.7875123926
2.90412552099
8.1874195631
3.96737916277
205.978050656
0.858703111374
0.0
2.5908160982
218.930649247
23.1534369013
78.1633367646
276.287809616
14.5396091759
0.0
260.373552877
139.986432027
449.456731342
70.3374750639
0.0
137.55440358
91.1258508171
156.027002169
65.7196289383
629.97838215
5.15793073867
6.72373690312
11.402604877
12.3260014264
9.65965311217
11.2173152083
368.30898252
58.4719769557
0.0
28.8675070098
28.1486762943
1473.92831872
160.027087686
312.209944243
227.62805506
698.693177753
15.0875152062
355.784316075
389.56403277
252.623100964
1.8727531136
7.71032586207
0.439403473343
0.0
483.180346298
694.697298177
12.4977104212
23.1365327948
14.8541148304
0.28647455203
5.19984221062
66.3348057888
16.3259020244
3.27744420353
37.2004268694
1.8803475274
967.953486667
0.750704298025
80.1753922149
1.31490229082
375.370875523
36.4229081053
48.6193058545
2.19743438994
543.557415434
98.6816153735
448.870966744
612.322176031
133.732842264
131.077677058
40.6129113556
19.5810807585
0.415059264239
375.728677626
34.3737095313
19.5211352637
178.321543388
5.1383357482
1.25890002489
4.05703150474
0.0
179.91537938
181.194110326
110.128673396
90.7157154876
39.477267838
475.602908011
318.864255068
48.1842537061
4.30332134155
381.128591512
28.4045359852
52.1352911697
629.460786184
1034.14252435
1057.88406857
3105.5316427
598.304964328
122.536379492
0.0
19.9472437305
38.9077148587
544.646518139
211.051068068
742.371250635
600.286144756
68.4326647244
269.759266365
42.8033711278
7.22926852747
1647.56392132
0.453144835023
42.0178396515
614.139550501
604.542134599
31.3318528438
827.606379286
313.321249929
162.150481961
1.51442558711
1014.0661488
7.49853035016
39.6088035952
0.602212146762
10.9336450418
154.506744633
5.91578692127
9.38580020808
16.7105657791
93.4555835941
0.0
0.10452106919
0.0
586.17110731
67.8283738381
0.482526480661
47.1076578716
11.8621772259
13.9055859363
1.86147053106
143.734835736
823.049376466
40.7172436804
39.639018012
34.2199809967
43.8600684503
3.15844975023
0.0
38.4212591777
1.01845999096
6.76547365891
0.0
73.1737380252
252.874923053
0.0
70.4547975984
5.03063407985
0.0
1204.64928712
869.361245621
100.160896232
13.0251325768
34.4154972991
53.1474868854
0.193960435993
262.986578332
4.94289851438
22.4793449989
6.49159269821
288.090102562
361.126863123
460.946661137
565.423947989
9.59903680943
117.159440143
61.275162451
90.3139231732
823.574657391
14.7442872364
290.643299849
50.623639361
314.524282869
1165.43787095
5.93005243141
466.374687746
220.511092035
48.4114867292
186.944679532
3.18647957746
99.2914104562
464.86337389
0.0
40.0891174297
10.7608086815
11.6012252606
318.031657355
71.6736366121
28.7113439266
117.356406462
33.0403868016
289.5072036
432.022410912
3.40169927092
121.160890231
4.35363959364
15.2740470174
118.516839268
41.4368446772
349.45258483
3.9523280676
9.99634134166
119.790216503
27.5843571479
620.482156231
23.8000460805
7.36466461905
7.95117909335
22.7711388287
0.566178534301
5.60444018578
0.0
64.5479339539
0.0
33.5827325223
356.650046091
244.092776081
14.0028237649
8.08412660817
46.9567426497
2.30867756748
71.9276381904
22.5664008293
0.906919668437
0.0
42.2533736048
0.0
4.56019489628
367.717398727
1.51726695638
422.724946937
673.530473208
59.3077897004
36.9829256635
121.19758955
0.0
502.487426217
1042.21565786
18.4318068302
0.0
0.559541871083
1.30351385836
161.964072578
206.427461412
70.3771407318
183.607738738
97.3057167403
1.92465783938
0.0
43.5143319645
512.647342688
7.72114678588
33.5303368059
10.1975314555
28.9931036931
5.77229522283
338.787558859
0.0
566.676834973
36.3455968453
40.7663657007
52.1388645614
19.1352038604
871.568263893
3.25098682168
0.0
8.92351912106
0.431740193315
0.295070076645
818.026588034
20.4863017267
15.5360192232
533.901563993
58.532701659
344.567003417
191.912469358
82.3343010555
742.080765263
614.452677556
0.0
13.6000953801
567.727463141
251.904632434
2.3116885517
1.9438192277
189.832528393
212.118407773
39.4992629438
24.1498341956
271.628869487
764.904614808
750.316650067
7.77635071376
31.3661558736
298.472797432
318.97502511
118.580384936
221.375809462
48.7075285848
15.9331324603
579.003048099
4344.830256
127.412868014
18.5435932857
251.522012985
2.08866274456
29.8191119284
11.3355049471
166.351775446
438.579944292
500.199291189
2.44146822037
8.06182925619
93.427563969
48.4308725704
8.78731193847
2.18164617114
0.0
49.7625501626
14.1816387335
197.41682142
405.592571728
236.267290594
13.3084749911
58.6824780377
250.434045298
95.1004596579
0.861627375163
1.53086420911
2.3179324224
0.0
2.07765180101
111.44849452
58.1486768297
212.705807305
652.449870023
105.623446497
10.5335182698
198.954289134
2.60392491088
8.34181507983
50.6778472792
184.142189075
15.9455679144
4.19440176132
759.753549012
4.03821827341
2.21588926185
4.71138175725
546.816043856
0.0
19.2814565841
0.0
15.788966128
72.8223634366
6.46748952088
69.6121607211
122.053085281
5.92125413404
93.9703279883
11.9769925199
816.0678835
5.26347459877
1.6797555294
7.50430491031
227.22014513
1.68442057822
71.2608078483
85.32615449
0.0
20.0928460511
16.4731839155
281.475005949
2.43605329492
0.0
256.240709866
49.913887509
77.0857882807
1886.59834721
0.0
101.681962309
14.2742625254
18.008757809
61.784123358
144.801192185
21.3963764884
12.4311333645
428.180284102
498.0715915
466.758773788
162.346672897
169.696544031
0.0
22.7915206795
4.69036480686
6.73177639674
0.480686222199
380.571208724
314.167678273
6.751650678
11.5110640737
247.12363968
61.5411811847
10.0957637599
3.19276680838
45.656093116
3.70046134219
643.339145731
40.2985702148
0.538551701998
130.284412161
0.877077639361
2.48758818359
10.3166457871
3.91373875316
55.6106785724
33.7548904229
5.0166402087
23.5528137968
5.62437695674
0.0
192.167469497
5.40654289749
5.16043670394
41.3357822227
387.206738202
194.274962052
2.42126618693
126.209891187
1063.80112442
141.66858257
169.779281695
5.02949141071
9.73732145639
0.501755459909
2.79845540614
67.7680508544
13.3776039238
0.0
5.62251629348
1.19461595824
0.992062548232
0.0
883.571665333
15.9816627413
191.952837718
2.09882943926
0.508880563174
1.34141323529
31.7018404417
244.277766054
303.75096094
639.861425805
0.986317319987
0.0
0.480686222199
39.5100366813
309.662033075
65.1989926561
116.084389972
1.52786215199
8.76436418327
4.38501453379
27.343080517
9.67664011333
654.021019697
808.142299686
21.5724878201
2.51924368982
31.3661558736
0.0
52.8232672676
72.7043662681
8.05122640875
2.24822322789
8.30498823054
126.574628373
7.11139761382
5.2524547281
1.7685240882
57.7488076684
197.813275327
0.0
905.013086705
10.358170843
667.333640689
7.21620179968
67.5197422171
12.0944221796
6.17852685778
15.2862388892
93.8314732821
6.56186812608
32.261281564
0.0
94.1847174612
34.7028620107
35.4232524186
115.464610563
75.7358917473
1.47987259839
46.3996123717
0.0
573.935323183
75.233438698
7.56209387209
18.6768353949
9.78858853197
98.9953941068
103.774249457
223.954542089
842.74309813
20.7898002637
650.040312369
490.321699442
211.992777932
31.7462948626
0.0
40.2899326053
6.81641680819
2.15951460821
87.0614531773
1.03543934033
21.1899359628
8.01460105692
42.5451750865
208.342174459
171.161503268
280.664180164
492.463887819
1.88294021309
43.6917466533
55.7885281386
43.7667355913
0.0
161.237533947
451.978301179
710.107714341
176.204934986
462.805056919
4.40974770952
1103.84425962
890.866298106
92.7471759086
0.0
14.1932618212
127.742998649
18.708044546
270.539380365
16.8546224357
13.252476551
35.9998144487
0.0
576.309025766
7.27832550749
20.4086078766
0.0
90.7840652119
41.7740085938
2.6641484211
65.7291962418
83.0784248034
6.96134066898
98.1121503899
0.0
496.767985819
191.834072817
10.1499257674
41.7953711506
263.463785534
0.26328959098
340.212088523
329.479030378
61.2782448521
245.391503738
25.4732363636
126.99874227
267.872108733
0.496988387057
9.62947822969
45.4389464436
237.359190034
0.0
5.01281303225
0.0
11.3500204161
3.77437520207
0.0
1.13147073483
2153.86871821
372.916343126
44.6937769493
5.19103243556
362.785480549
464.638185175
0.0
60.707762179
858.713389019
0.0
253.314401769
19.0596754701
126.8519756
269.095464861
2.29118299676
4.16393100916
21.4569978923
32.8645981209
18.1557591342
62.3128935061
2.02244022133
1.53971734439
1.46826098837
0.0
225.364496345
3.79821566752
0.0
7.98057349197
17.7934998565
0.849536252185
752.965150553
84.8636604278
80.8202695361
370.217246374
401.194280042
6.68371670163
21.545936066
27.3550173286
37.0534408478
90.8841648147
13.957091493
706.886371876
0.0
0.0
5.71429201058
0.0
2.49047673897
0.0
599.385060861
25.1157148269
0.0
219.306141042
10.7926682358
31.4584659415
0.0
2.24196787949
2.40964820039
40.3834605852
160.073208924
1.8510513269
174.699388041
70.1871834639
10.7994286031
7.46003030676
6.05870856043
38.3936323453
6.0770397282
5.92870316358
565.461154878
213.622914073
220.78352553
150.635412168
44.4502481378
0.0
23.7911852934
198.424290871
411.043108663
3.57656973541
0.673372633106
6.24099872258
9.20541534472
133.696348268
33.3575782388
17.5550021051
82.129721193
0.0
122.904243715
31.2928095224
5.0465664076
1.07392025423
2.00723991599
463.648386284
10.5807566715
537.374199297
46.7749677089
73.2458919708
8.66567378745
306.101936395
113.700843345
2.32723828932
28.0559173205
283.582684697
0.0
15.3603937809
2.49567231275
362.117835289
319.358288585
13.0175445395
7.01846902515
412.220159909
7.14105727494
5.47477529415
26.5562546107
395.544227462
0.0
0.0
14.5469549062
7.78520384904
40.0132638379
409.928100781
136.757182701
350.352402351
128.870498099
0.0
824.772240974
1.10022460003
64.5766907023
3.16602886044
9.14531298803
132.756277166
1.14889133813
1067.50735394
5.02928098614
500.819823025
357.781884112
154.223320599
20.1774902885
0.508880563174
445.243787988
120.772095778
582.726672722
111.122272681
66.1918739473
367.083468584
52.4671268813
55.8316957814
135.626801072
229.415107987
466.114832538
28.9724808105
0.0
29.2674004017
0.734138145987
0.695636827275
3.48009453636
159.141624946
477.780225813
1.83079700614
36.4362311685
1.40716262209
2.38973693543
1.2602403656
39.9833223354
20.0566185929
266.324671996
7.96345513486
1224.75241337
25.2175118545
13.0953952517
63.9916275199
2.40494106665
7.99193514313
0.30232015935
1.67894443835
207.761977822
8.48644817214
1561.80122258
155.994545774
740.358509073
1.89976397582
413.331313833
22.3132422246
469.615366314
68.0429150718
2.03162493471
62.9917703359
708.388131179
148.720760336
516.097357989
4.74063332225
575.633940406
145.12007467
1.42350942246
186.393485776
3.61412350593
406.615719723
0.0
193.760763487
93.9120148783
52.4337395171
0.0
0.0
243.958595352
22.0834024875
3.949047995
34.1227355161
757.710823862
172.705193173
85.8883591883
104.829792632
236.340481359
578.630972835
141.233944895
539.480221431
2353.97340227
405.291848245
0.426910630745
351.728640215
0.143140990836
597.222855369
47.3497749256
1541.326257
301.797973578
22.2207956994
24.6777600947
189.988339493
28.5702765742
228.291213811
2.48048348514
90.6741164643
12.7401437497
3.3954005623
11.4844460041
25.6787306163
0.0687246626023
7.78972478895
3.46468253118
29.0658340742
3.97237451439
828.876814402
259.05440256
482.406402201
82.1360122498
2.05998761534
5.9625560124
18.4137702568
0.945387829337
1.83105334151
215.5243793
169.057147951
9.31823861944
0.0
0.909761037701
12.4423878904
30.2375571152
42.3247151837
136.238061475
40.000578425
2.4613195462
96.6907783709
5.732069698
534.845436765
543.297427596
798.669626016
773.593292464
467.175812319
935.197745636
530.580833543
1058.6239698
1280.14680864
4312.38984701
1.14889133813
18.1815699386
236.170806468
18.7474819353
184.013636245
0.0
88.3740254943
25.1650829802
43.5808937176
2.94020121836
80.3377736627
1044.29715852
2952.12854047
15.8902441083
286.859449165
0.0
302.878424646
30.8858254602
1.40037037222
0.0
33.9529917592
377.376197388
47.7240130997
18.9928420781
371.271328054
52.8439564658
416.307711903
495.789744977
23.6443319031
39.5570786867
0.0
27.7598907687
294.253893324
15.6730872335
20.5734060186
67.2311073063
32.8645981209
302.925335295
604.094889303
199.813395241
16.6346394953
905.986406164
95.3248908459
4.97756117893
18.4734300843
0.327266310237
118.427943179
228.375756025
11.2343787275
107.915253116
164.37516952
20.6330569188
5.41721971234
8.72496760369
0.179271526126
2.52026648074
645.361166379
48.6532454239
5.30868017164
385.052235523
0.0637395133861
228.996465129
879.954079387
170.476442506
238.587289003
223.755201161
238.819541609
211.429067103
838.372280241
158.937476135
2.27933928205
55.9893127068
137.094828681
513.533616518
28.0204575933
6.39799585215
46.2219311451
1.90916293967
508.907783186
444.82697391
72.0285412325
74.42087723
371.608304502
8.60457797175
31.9761001666
0.978748412184
22.035430788
6.76884937905
4.3219254236
182.555924542
81.6153963726
0.935997792581
499.215476008
14.8472358601
102.359950254
25.5233964783
497.584850151
167.781957239
2.75342072355
727.329384806
0.18553197573
3.5880499895
6.48885462829
182.465441979
349.783591597
0.0
351.493316686
79.4023637835
488.90888979
7.1471442837
214.478277174
4.30795705844
216.588292273
66.5071906928
85.1208349536
681.105615953
673.578526527
122.043929899
8.66122171379
8.55282373142
227.441946648
4.94289851438
593.1647016
0.952704227662
95.7532196106
503.028872851
7.67371198794
26.4951868517
723.033661704
87.1572065563
8.54903863988
41.1924524874
904.807762069
377.710417911
0.0
275.71882542
42.1646496815
663.007259365
506.667008989
532.98938116
39.6466570613
529.395816772
0.0
35.0518403102
98.5087292763
14.7075445569
198.854550441
8.83310159887
48.2909721179
314.110518034
222.86501471
25.2800933952
279.713994655
36.9436030513
89.8105633855
184.580879655
283.788881639
133.541246234
0.0
491.775035591
27.3250248141
808.68084246
3.61592040418
18.9844914112
130.541376262
95.17833205
0.0
8.21610617002
1760.4479743
549.225778777
129.585442973
0.0
151.183064414
192.760439542
0.0
0.0
35.3238924901
31.771145366
31.9120724353
0.0
0.0
5.76722335318
92.5900066136
419.2518589
1.84789113253
626.417956441
544.357368008
201.949921284
413.737125894
472.306507743
10.3536243971
7.23516679176
29.7357251372
5.2928575197
0.0
1.38211954837
6.82074772832
35.637172581
0.0
38.8682608907
59.4036986661
68.5210137095
87.5637978259
5.3831985239
97.2253868442
89.4974299541
4.26390308186
66.2148867427
35.8005564148
3.9523280676
22.0867896853
287.867657017
2.84456899286
330.559235312
23.9593387508
41.382649512
0.0
143.464591933
9.6965947385
5.38485768971
668.715804872
3.25092178136
51.6062468319
12.9217439743
20.9091518012
0.0
0.0
232.817234483
20.3398997928
551.997234799
0.350018944457
51.0376184458
495.113014477
1055.23306212
120.179702169
4.60409201093
10.2568903121
0.0
52.3322077518
5.29488524732
0.0
91.5553974935
19.9290898295
67.0961091084
55.517233487
104.851745653
35.3008567392
35.2291925092
100.424359264
13.0687912103
12.4351760668
149.625454605
23.7954282179
65.3768843072
167.38273593
6.81395802905
18.3463846597
0.0
9.86175761645
19.4292970568
14.728365111
52.9280140649
102.694288105
1.91964080765
65.5648954669
20.2436987833
34.3264290447
487.823721386
8.52795409854
47.239168123
543.558683083
273.104300214
64.0284645717
1.61257653086
11.6377702685
12.9236747791
8.8919860437
3.26113311157
147.038475886
13.6754656331
95.0715485979
2.61873497428
958.361819818
43.7442099605
327.47093346
4.39486495398
80.0133436205
299.884016784
322.942127532
0.0
2.23031290925
37.6294111384
17.409614035
5.34904597949
13.4360955762
22.1930783209
1.66521838028
5.312859331
6.30716003142
1.57077856065
9.06892377012
44.8334465725
45.6513477232
120.505547794
0.180364458557
0.171555958778
73.1748959982
6.16429195484
2.34218353457
91.9766649201
29.8495737535
120.545353745
2.72064295297
748.332776205
226.561784057
57.7138759155
539.6781455
2.65868758483
502.834570636
54.5422382838
0.244142230955
66.2046677607
378.889334921
108.746136824
114.913159197
64.9144960951
255.589283877
1.24608070539
45.1669440005
0.605578939788
1594.62977051
4.78060506231
676.765448633
637.525127781
68.8104558853
42.8487679957
610.026954158
0.790185047434
138.375722536
437.779369372
2.21488304985
13.4605889954
5.63756101215
1.55460009993
339.87793559
119.900306809
0.0
0.0
1071.65599793
86.7390049519
62.0386184777
2.46114610536
2.24650922417
151.422102893
67.0647558483
466.292197491
136.800725282
15.463636999
10.5030462424
34.0095755622
6.27430829343
301.461145065
10.5325413898
9.47205770043
139.380122341
403.293683366
248.374529543
0.0
122.34069485
0.151741616652
25.4856590645
4.19957693031
0.564941492926
79.6686834882
191.230850634
62.8947697129
0.0
68.0395112948
0.0
1.05293901225
6.48679374283
312.477447426
19.4606235356
158.234730784
46.1955553826
512.009893992
63.6220633218
0.14285659885
99.2785490517
17.5411957031
55.7326993134
0.174304231114
577.71541173
429.465789443
22.5480403295
3.00055735981
211.310849308
37.1240453032
119.86400921
13.1706991889
0.0
0.0
1101.33351708
5.81439671454
45.618379933
319.03448344
79.5407555558
2.87010178193
15.6693837612
35.1588928506
1.27793515848
134.28682255
175.188556285
0.0
60.2912286675
0.573644142772
24.840372372
263.77702354
69.5370927146
50.4943774642
44.4840665535
2.14197795258
583.836501609
64.5268506879
856.582390126
82.6392738396
0.468480322189
0.0759619923034
48.1274097419
165.640696006
4.10443186955
0.673372633106
17.8520157396
3.67803646017
183.421495146
0.430718677701
156.540953326
61.0679975548
11.6872366199
7.03864172668
572.653999551
0.0
775.874627591
444.917610784
1255.53743016
13.441147041
3.1172498959
94.6045284947
20.8563887982
55.9519540573
160.310757852
474.742966584
0.0
381.429748597
2.91816530296
16.8492100609
86.4864138559
205.32491704
1.3105203587
148.394825439
1016.30165346
16.8796935661
45.0295966992
33.7916382036
21.9557104854
195.879450628
4.86079595071
712.681713052
22.5773314288
67.7026419729
88.503015752
6.67487759463
33.4353970686
1.79171415044
383.097784117
1.05583904533
0.0
0.382243234659
217.35799472
153.592842695
0.382030259494
3.48955088874
0.379693909183
63.16768017
189.779358569
52.713331273
1.11046398685
1.25164739159
34.4186141333
9.46305918087
80.1189844034
38.1161155032
25.0520327019
9.61422181112
1.00891054166
0.0
0.55424044737
130.90497843
2.21488304985
270.814148935
71.1187419357
13.9634348371
5.10024635153
6.17852685778
1.40269907073
1.34730384778
306.836649702
5.73044879119
152.605308738
34.2496075
31.5862319108
569.658584202
4.59012747168
114.607715827
2.29865243112
0.0
487.765472042
90.5372958622
528.762427356
0.0584776239859
56.8519054845
2.34218353457
158.120919151
720.992394223
5.89438738077
25.0980825237
25.1237313651
35.6121218554
4.71605190727
66.6053684178
197.116652692
16.7488094872
410.530583291
6.14877537504
1.91730573265
11.5091319937
35.912770096
0.532987566407
1.7050880963
13.4822206406
31.2382049856
2.06041994218
9.60259999871
0.0
4.26723926765
0.946082868049
308.241530812
68.8010237638
39.05835079
296.097874386
1008.97477599
198.292877543
177.23510606
23.7702193551
10.6539219301
7.47089076486
408.760852768
172.089683468
202.134259579
313.557453414
789.838687325
0.0
0.347951682529
578.356593231
485.782217974
46.8239928064
6.43691801997
28.9137366487
3.33199645292
31.0817141504
23.5354403796
0.0
11.7414190322
40.5395101664
169.277565769
212.132719194
310.03162533
52.6682672585
13.8530448356
506.360283942
2.81450633683
0.0
0.0
0.0
144.436976596
0.389550705881
570.492989016
779.225531647
2362.39136042
42.5851850856
682.22739058
91.0279332532
36.5727214679
35.9227518722
375.747546971
152.788885678
79.4487719646
32.7145233218
19.7320610208
7.4450544543
22.5576560945
0.0
8.45803703008
2.79277266762
2927.25393649
30.4539934452
40.6653899666
0.0
296.560174601
28.8388331558
1.43340065227
61.444774852
267.233282712
5.42475418702
568.124340447
488.667693503
455.476186156
18.3140009569
2.03969248497
33.2804582737
2.89257257477
0.0
5.30868017164
1384.93467578
10.7342377979
188.719697449
0.0
22.6332240189
374.256181366
139.916004838
5.13944398425
14.5998467144
164.047098495
1.00848586663
187.644523574
15.6205805659
329.296318091
0.0
9.32132484635
163.616925646
4.0174359783
229.175519854
3.65979966461
1433.58894017
136.184452948
522.508726641
11.6721204844
0.0
0.287246108765
19.7209097942
141.550110991
152.172559782
2.23457751374
17.7630074242
21.6664124184
0.645548129242
180.984346368
364.583173307
88.2435813939
363.06732321
2.49312553788
162.173459048
1613.5263223
0.0
100.731452873
0.860452823506
59.0108806407
32.3671289456
3.36598703415
699.237196667
217.077988492
54.719973073
227.716043134
8.29018709425
333.732770591
9.83091447655
61.5404236563
8.6736775727
4.49334237464
2909.45504849
2.22761692423
4.78321560221
1.25493001478
8.65306999371
27.4040220212
306.16330385
21.7466925778
0.0
69.4011342155
0.0
4.24395610849
0.0
0.0
0.945737261644
123.579213024
0.584768588057
93.1858907196
14.2148373532
2.693403812
73.0711528622
0.0
0.782807434691
1.53086420911
293.42334757
3.19558904814
229.655484255
76.4420651064
62.369286014
0.0
18.3420499137
895.953197164
335.682180735
230.530771373
0.0
172.160127236
1863.48377509
29.5231593439
265.383969621
104.700639136
383.485920514
33.2878282348
409.130095591
0.525404630301
6.17554137956
486.458521248
11.1595606797
2.7085620324
5.64168788421
98.3617764125
199.32925678
0.0
8.27814953389
8.17276763691
0.0
466.154897375
170.729306517
90.0163892163
0.0
78.389356977
21.7462628015
2.28633813058
77.7005799905
1304.40370814
66.2841176996
53.0456962341
18.1694392813
20.3639800148
122.23139268
1.81992889622
1.14934024387
0.789078086694
98.4639394512
1.8510513269
9.06892377012
76.951460891
0.430686795193
10.5614601013
359.163123704
132.781574025
96.2842266357
496.089443119
75.1146215116
717.079847876
77.5601056528
92.0142850063
152.477127021
283.023214243
6.95209474118
21.4263332945
219.800972896
0.0
224.368018706
14.9998765635
4.38900239811
0.0
171.739002643
29.6894495875
8.11930321877
43.5433845827
16.8763586556
819.457538834
309.351664496
10.4963636684
7.89945035901
278.919548829
413.626110996
135.742066547
7.9230791246
35.5696709315
182.134219687
402.780902934
283.842689115
4.52309258208
3.49492500457
246.237836436
34.6369838187
0.144366554509
714.602530962
512.682639177
377.193128017
449.007116538
103.461165762
0.928490099198
18.267220388
2.75632968374
62.7368186587
15.9182458789
260.467375452
81.6257671152
0.78409676338
21.9878659094
12.1020943867
446.202135419
54.1237267815
65.3183748008
49.2888653395
11.5101726388
43.352245111
0.224931105913
343.859388968
30.5652047402
118.530377857
93.569381198
954.568558693
267.226156334
33.1292063725
60.0364708361
384.11820552
582.965210008
0.891559950565
4.63913216438
99.3610966952
11.1989967935
197.332895176
32.9822853913
13.7810681569
5.90005991688
704.335586182
6.91759531507
8.0641643312
1.7935697125
279.469440502
8.60926470069
11.5764474493
5.84413799489
73.1592353093
466.875880798
1.90916293967
77.0154503632
14.472984933
35.0094429487
33.181262859
39.639366169
12.8929056066
0.193960435993
2.52559213515
299.34503148
32.6876323379
279.636461493
1890.89360356
404.964303919
10.4381487563
307.194930043
3.06320139017
444.345907648
3.17075894958
1.63662997148
348.94885138
264.166214611
214.376197029
6.05870856043
65.193693783
556.546236384
486.173671429
540.821778774
544.334638329
212.640949354
470.775424183
137.831555686
436.984199176
221.676663026
0.629895092283
1.11667597504
2.25422734212
6.63483188716
257.415156948
6.08502438395
68.0890273831
87.3387927527
775.798164406
4.88737193548
115.4846162
2.57872114931
125.181889398
177.655415736
222.115762978
2.0256476018
1.23967359624
4.92737810865
246.157529495
514.924573899
0.0
57.0258130972
119.747747725
1.99195161495
96.2358634189
26.5219847388
13.8037404473
4.96699021402
16.0524266092
24.1186888095
9.46231057954
83.0467999044
8.62634734939
4.50319407015
13.6508204531
1.86550303089
1381.33146246
1171.51395675
11.1134407164
4.26357277906
12.5321792401
149.251416653
153.742648406
143.253897006
71.8878284135
105.053018662
0.0
241.598334434
634.171965168
0.198121741159
0.551711526701
246.323600387
8.63506402756
32.4158875053
111.233936708
77.1394924554
157.290977889
42.5372350663
417.708643407
35.3918175393
1.05688096575
47.1961905
1.87698073437
0.141657816484
0.605605721092
51.1792431045
0.0
585.310403252
14.6927242911
0.0
52.6359664502
49.2236107692
200.16118241
0.510296146607
470.219221048
19.4762587183
96.8798786371
739.140198033
74.4459917206
85.300082249
43.97955772
0.484093824838
8.36103003078
430.696915977
8.41466151332
61.6524014069
6.27022860748
61.1913777661
429.363423631
59.3720916212
1.85877199545
97.4387433236
252.578689903
4.8023540351
25.5224616832
2.34006781122
14.5279197726
5.05416082142
11.0165535954
3.91657884712
168.698561539
1.09439647726
2.1108274653
0.683300846625
5.33230511131
92.7164934565
34.067351771
0.0
152.559201528
69.8571535776
2.19606981853
0.0
71.8065777506
6.75913414068
5.38920391341
58.9110934865
176.14152195
188.185077498
112.337357211
40.7731490234
2.37358143012
206.630552997
181.231513612
81.9934476948
0.0
122.388334972
0.0559703834232
58.9923505259
6.3972319472
430.015318931
299.644599541
29.0958240381
102.33093717
0.0
12.7591584784
282.488989634
39.4946756883
20.9423236394
237.084977495
162.339393483
106.785783327
11.6189404583
91.9256618318
39.9286310784
550.697957487
46.4286178036
38.6374570265
109.724373841
1.64305238424
35.5284914818
107.570907982
184.343539876
306.330764819
185.816018283
38.0540887183
0.731516128389
38.5785241203
545.293290557
420.741138115
77.2797805991
43.2220484192
293.215181562
1228.03029372
56.9447167456
9.46932855757
37.8215364173
242.110503997
19.5193740739
6.87370330164
122.439011583
12.8694005452
8.80380667364
32.8645981209
397.032161235
132.253243855
0.0
204.629275111
5.69736749914
3.0787804597
81.3911424511
70.3017896085
530.001836964
712.66005335
30.3865785161
0.0
0.0
740.122792752
4.91533927299
2.66331564994
91.4229996332
0.522652532064
127.394087941
498.171586526
589.959487861
550.910829353
37.915981338
0.250397579358
2.98872767342
234.332449481
766.156767219
13.0493798631
750.589733965
7.83917456146
114.901298904
120.578834206
0.986829990743
33.3976124686
3.0514596995
115.271310732
0.0
11.2553548683
330.081020623
43.94518965
1.16803487225
39.330980681
189.183960353
113.087170074
37.5386543864
54.3554514126
3.6689524955
3.80608299562
596.755839093
0.574249910457
2.66242038907
8.32941788478
481.158051461
3.19366844575
271.602015485
0.62006125099
138.911895803
3.7159498654
4.07915541586
719.782095897
4.1009796314
82.0335711956
86.5780594923
73.1434891754
5.55620322391
64.07636868
0.634456841768
0.0
269.365255934
14.0170191335
0.944101051245
40.0986133164
1143.88714613
8.17388990127
45.337980912
1.40180636045
4.06941977271
8.81847007751
68.3830211062
65.4342422173
429.73099326
7.29608661597
29.8191119284
938.060743995
202.814773893
3.79894768994
1.46627151976
0.0
92.3115651786
0.0
5.44975772643
0.753816030971
4.98552542983
39.1978393205
35.4912399576
324.529970887
45.6427840811
3.45797572643
21.4953461749
905.294725318
0.748916326881
380.699396819
11.4587436001
1.92993120648
234.750827077
28.9021913543
153.000906919
183.016866564
2.22870603076
14.5644150438
64.8201761536
232.041145331
863.17568803
89.4523238547
171.719465041
432.913657139
0.124992191016
0.271341837628
14.4454652259
657.534400847
281.732806647
5.63343669068
428.114903277
0.0
11.4459128029
26.3188829495
0.0
1126.68961455
199.700594921
7.6915789464
316.160060939
369.989968715
428.830392704
89.166083958
214.599865588
107.974677012
785.488939948
0.0
250.449966148
37.8927912758
653.130644498
191.636681824
130.543947268
130.07202746
235.975393466
2.35434607437
15.1719477438
122.07225177
41.7861736841
126.662935273
8.35152011581
30.4381911981
43.7439434228
1.46502810188
0.0
448.532445908
145.254509185
1.86788401671
213.390085032
44.7958035309
65.6324481285
15.1991562774
6.9890529464
108.434387094
0.956789014803
131.417582871
7.23257283078
167.587468829
46.4006644945
0.0
10.4206975457
3.44322942805
50.3527795869
6.1670708344
0.613877319412
6.56155950337
10.805715834
198.513695805
4.00968597784
131.139268966
35.0942580764
6.43296841468
22.6470584775
231.021587307
105.603063371
12.3667574762
34.6811729771
374.27449723
14.9290451048
294.334851943
345.257056978
73.3280608499
1.88718823868
416.791168078
445.386079629
44.8543398187
180.768397203
1.6981874459
701.362920917
35.6261998964
485.970479093
793.834469979
231.240644379
6.54101058823
6.43296841468
33.3741558686
16.3739489665
220.164536806
105.575705627
3.46519520193
0.0
0.428154048622
72.7052385736
20.6243644715
143.253751621
679.874521303
468.465800342
273.498637122
615.769237737
380.40435735
0.0
63.0884916677
97.9920668301
426.822304715
99.2045816293
146.119453616
931.874623999
2.9574585832
81.431393482
7.45421493699
114.298875057
55.5373067151
8.98658910174
207.823454953
562.45470308
3.14388837041
284.839599079
33.3448915506
10.7353524104
216.735469588
0.921600926505
419.094284059
114.148787505
295.741471287
975.501374968
0.472171041511
2.12765505393
0.732126997272
0.0
6.20479421987
67.4506617456
416.925216176
110.227492597
32.9822853913
0.860463025906
0.0
0.0
1763.96529613
4.37010882286
307.930061647
983.365295458
17.9957178625
24.3760520797
10.0561950148
100.782232784
0.0
31.8990439665
5.13976408464
50.9846003828
0.0
870.141283102
69.8359019719
420.53448844
5.80318554882
20.5605025292
37.2349530768
582.404191339
4.02072752859
1.74214705027
4.18412028958
240.489898174
48.0254698807
12.7518841651
318.649699806
122.231145272
11.7584238876
192.304301577
576.395173583
2302.66476845
3.31626944854
4508.25545553
404.23134415
1.66281954025
4.88296322204
0.326133843494
0.0
230.988665427
132.560524933
30.2457726003
0.0
81.9995640355
319.391769046
15.3708716489
18.3823468552
116.47787498
153.848239452
4.96717003134
319.346421915
6.62085459493
0.0
5.767591915
5.47453298704
41.8292061452
83.5039249521
2.07390241787
72.1106565491
67.6767533751
54.8239929492
180.209244298
52.1274365946
64.6297304455
0.677062077125
152.171098288
43.9558269305
30.9997442179
702.444398601
1.82783448333
15.3109988462
33.1467136962
31.8343071682
54.3744253318
0.0
0.0
1.23506593594
71.6222713385
0.909761037701
208.745724137
0.695636827275
1651.32710575
514.421393928
42.8019185606
0.0
0.0
83.0217440777
62.1169231967
62.9642735841
7.42450808975
1.43953357183
3.85180123921
3.15596546507
184.956036046
56.3108694974
13.7534987133
495.927451913
57.5421809487
327.174639095
130.756811482
46.1358623972
40.104270549
6.25075477053
50.0736533157
457.580467505
0.0
2.29156431158
17.0979204179
112.511188305
105.982883535
13.9551237045
3.69354538818
716.552842745
110.453108539
244.080762751
182.479999533
95.6029318364
94.0784823882
134.734321631
43.6654945948
18.4553947862
2.27915181289
171.813431724
4.98945973153
34.1139155388
89.625847602
147.029431456
1.12848398132
370.702873109
2.43764614511
23.3408002085
503.657051389
3.03000277046
0.555073218523
83.5004497584
2.13262617483
18.121985354
302.337315966
500.814151764
12.6777853866
627.527508589
292.816129868
597.688218858
1288.01015398
216.270033409
0.0
20.5627024224
558.560304258
78.8866922458
2.68114052346
1840.86911817
0.0
1116.59009886
45.8392045715
0.0
7.14485639479
0.0817862891752
13.4217114631
5.97808151932
196.318333778
678.019320149
709.964607783
2.31658187928
2.73116673178
329.811950095
149.563125574
639.805219491
97.9390296375
246.03848658
135.788240073
0.0
226.209326738
0.98893423638
217.380809844
370.903326099
20.0928332981
17.2054154875
2.12091381607
239.347421597
8.92618960009
1.42985531719
0.0
0.0
9.57936402564
5.70203127268
7.65050279621
146.964861722
76.6024609115
0.0
4.93796437718
53.8397135592
400.947684133
89.6680332636
7.6489252496
0.808211418417
28.0213719836
330.159375079
0.237045184297
21.9718315577
23.5827042872
12.2077466474
6.05870856043
2.72021572734
51.8109682528
36.7405229423
104.577372427
6.40016641341
168.45018021
43.0485463522
24.034527911
5.51992857968
17.5609641344
0.0
488.005510355
171.040907037
116.990728104
293.491146364
1130.61946545
1.53086420911
645.786310719
0.446074569673
106.774550481
437.559697605
287.354441707
86.7876117508
0.0
209.765745095
105.197025581
0.0
225.119346626
103.06706606
2.50210110201
2.16938288262
65.4732268751
0.364766518143
8.68580185346
148.363469628
0.789490008722
5.6893165278
87.3920977582
300.468214038
50.7785424472
13.4304880804
204.673737185
186.721841193
66.3552169715
308.018618506
1769.69288187
25.8746269583
2.84594121608
30.4993699084
117.772739751
531.935285449
857.478404702
764.035725873
597.809135189
38.3835345169
2.83458339083
70.8488552158
307.821890668
132.407677631
155.771090191
851.062785473
0.0
1.72426988944
0.555542529066
15.3436898964
15.8993102187
0.0
3.46254002652
48.2168312545
546.095817962
263.159336898
55.1500694042
83.497599462
336.505805435
312.542107707
0.116568831954
542.514685201
19.0045939712
146.752894044
0.127677973633
1819.76105011
519.760062788
0.832999432054
691.117677924
649.233173477
0.0
0.849837223076
2.86016336602
33.5220664828
6.67338804379
33.7784107879
169.919354313
2.44557596291
5.57941751688
5.70004307937
7.51233037566
427.163100686
3.91341100095
30.2852342202
165.883466013
12.9573605635
1.42094224277
7.48411690518
70.1975860889
130.050800085
55.7638026146
4.02688850477
125.308590492
4.17160194097
290.879291635
10.6139234087
47.2779653113
24.2246280127
10.3806327087
21.4695060385
4.17160194097
19.2205648164
12.3264401298
51.2651435127
8.42229928732
119.489470064
1.82275878779
34.7468101374
6.27873741167
341.253348334
428.236331003
835.324249824
30.8681969828
600.421015424
193.595466702
117.272434308
238.074661608
240.985748993
5.2839112875
499.37547902
384.422995936
1.46826098837
33.5411602803
1.86102927712
1.57463251842
3.9095863751
151.646143839
213.115926056
331.782291745
0.83288082912
86.0992607146
85.1282903596
106.920715209
22.2422309483
655.59028065
7.54973238543
650.260628162
8.79192852585
3.19238804416
233.114763339
87.7722839333
372.308639535
637.380021553
1596.56160701
2157.23027103
70.9692269936
5.82724536594
26.7225678097
505.445051865
231.519408465
0.0
106.276842825
2.37961232566
314.635416371
10.958116781
527.013183259
500.570946879
89.8334167685
0.0
5.23980374826
35.407983247
16.7992463423
101.093314257
12.0603461532
431.301086985
173.101157365
3.53780060362
191.877671512
0.30728362846
8.56707776385
21.7530257195
189.647169859
6.75282267904
0.639630735441
515.073912849
77.1084682228
106.01814559
222.399072235
6.18755343396
685.994972257
69.8965476066
15.9044535052
2.57115606741
21.1041873152
168.367922059
616.254475506
3.3914433052
91.7101054591
12.7335083618
5.89718538981
179.207929446
7.39127631223
5.66425815047
317.311747737
55.4007654038
275.650660615
442.903218984
8.20599813914
2.94020121836
1.55658064143
0.0
188.983351776
46.2149871345
32.7058806111
4.43254242865
39.6442135858
499.561394862
169.473976057
2.99694315851
10.3926562408
348.7004675
788.816021394
13.3642910631
11.7219617742
54.2584252837
1070.74681077
27.3535711379
0.0
4.9176501173
9.55963385335
7.82851560083
2088.93171561
19.5144832969
10.2240577036
218.07669663
720.015701596
41.1141911285
40.2934868675
6.24501719412
26.6167229786
151.566028194
0.189134699325
224.414451118
0.0
819.393866911
5.93241811364
42.8094071245
0.0
304.687399987
852.512442379
499.304421833
0.294719369038
0.984557405451
8.80519930168
6.49774219667
1.14407452857
21.1293043564
543.502493348
1102.68456521
1.90823834689
776.617308975
91.6740080816
71.8584531445
105.889602963
444.236136167
599.464818148
0.965902311379
117.211449443
82.2506285968
2.43660677529
0.0
131.237181428
38.5114917812
1.15839742722
237.265352156
25.2065111133
163.758605143
99.9564949121
63.9877710115
7.91971998337
33.570847998
16.2539419248
6.37155759979
625.407178861
944.7162383
17.0626099007
22.6283204889
58.4854785609
610.535075918
171.256922517
663.744326877
163.562800622
408.897571347
83.4888470755
202.990743667
138.269952948
618.268827773
273.863157506
12.7548913233
249.584495017
23.0503875288
57.3943506786
52.1290166918
73.7048929851
779.038075244
15.2300963403
71.6154816391
105.687577528
369.074240546
268.387412984
197.81333144
87.6219999851
8.44179607966
0.0
311.86867896
221.879711253
0.0
233.834189619
42.1722364435
1.07620176662
8.3055289579
91.2502933536
14.0328723927
608.715203135
73.9367744782
94.4287436398
34.2228096129
41.3790863227
464.037276385
8.70740544204
74.8863197867
10.9569371281
424.599736705
4.00575167614
761.459075811
95.0034615855
119.139013692
6.39865008125
25.1971287284
46.0574161198
18.8722177908
61.6299140352
107.908616452
1.64078362484
1.812969582
106.691478689
6.0351983978
57.4924952458
194.166397005
0.0
334.060483257
505.774488736
48.8422589695
565.48147679
21.3750215834
58.9926974077
84.0844467896
178.490148302
1.74315198698
476.547897947
399.091550734
3.90636879222
0.0
71.5683478123
29.1625617827
0.0
38.8231904997
32.8645981209
352.155874771
45.7598515556
223.798039776
628.937295779
407.389029996
5.83030353627
605.479357954
0.83962206697
4.11754195755
331.061849049
7.56693491236
3.70023816462
0.0
630.635289379
9.39484591372
1.97508704262
6.61402408603
4.50774434192
36.3627215789
1.79870407187
51.6401315635
7.68226797825
463.73953838
0.455223574654
8.57019459799
1.84245070108
0.0
21.6073443303
50.4459798146
0.717696973385
128.981055165
210.515375591
163.183598979
35.6596892846
53.8358251683
249.559932731
62.784611816
667.760691603
43.0053532032
23.9427113843
41.336416047
32.1548730503
462.37322618
26.0319110304
0.0
0.0
0.0584776239859
74.5273227276
23.8889766025
62.5024630829
103.44171233
104.388619042
22.9376650029
37.8224074474
60.3552768034
163.405739727
46.7799885665
71.8421879632
238.718982898
59.2405698923
105.555689787
71.5346467241
41.741820012
657.953746396
1.42984894069
0.0
99.7093646521
8.87538035732
262.515454312
94.0278504123
368.120304378
29.8500570924
728.353787698
553.702238725
13.9225002453
17.0225756709
615.884310641
0.0
101.019686064
217.222797575
2.68019552587
55.927103554
21.7330851226
1.83105334151
8.22615043588
85.656336137
0.350018944457
0.0
0.0
66.6967245612
133.095209924
550.490807895
35.3510474613
0.0
1233.89164955
0.0
58.5410280952
22.2723420658
6.27965562795
2.04938731851
792.54980761
1.99927949098
121.410151517
52.9565336076
411.744022683
762.801528416
79.5404061235
56.3232093038
85.7012254353
0.216622523886
309.429842959
185.363338933
371.328342909
9.62234547461
0.183070645981
58.8156933656
11.551236036
0.0
317.825983287
108.383640341
2.90412552099
6.70960657482
18.8141049027
4.9511930681
2.535275491
768.738801599
37.1075046572
271.204818079
57.3842388219
188.541946081
215.235712506
78.5153910885
1.52763642383
17.775623971
39.9650243254
1.24990660656
200.901285135
1.55442538378
10.830891539
3024.34465034
2.98549861284
14.1095906381
54.8905330222
0.0
0.621726793299
31.8966017663
0.69620306065
19.4620505967
198.051276986
133.935862434
233.777301021
162.743928969
68.2112866054
8.468892387
139.808851549
3.71063441338
670.087389163
187.622200717
1.90916293967
0.0
152.088090261
59.5731108449
131.299843313
130.626389061
66.5334861115
3.01870615963
38.6048348426
472.723992629
103.980581582
14.4531629391
871.979460271
859.437312008
813.117190385
0.0
0.719066646001
5.15402194298
0.201803533378
72.7268982754
196.669097499
2.08913077981
45.8354947227
1520.52434521
252.289623941
80.4009239873
163.54856827
0.316904494586
59.3858916468
45.0290470447
0.824801801163
1.24273559247
32.6000600108
194.133913829
60.4845897123
35.0840556733
205.407380513
301.15314982
101.983236722
8.01744115089
83.385946913
16.4818495817
0.0
251.240018563
409.396239305
5.07760466843
7.51567676387
33.0936548235
4.38264885157
1087.22674485
401.890046949
45.7695361867
4.24326744628
150.653962688
1.27506955851
3.77371587177
90.6225586202
2.4800205511
200.300447761
7.74772022004
520.483036955
4.35756879414
0.0
131.574812105
82.9595068682
62.0318007217
2.1288806176
112.10629191
102.333513277
9.34336203706
1.77097649084
35.0764293769
6.12342750453
52.9936907597
363.73813249
0.196554396981
84.1607913723
8.06956905425
2.26679032624
343.539533428
3.22720629535
298.068041319
151.151406357
10.5692764174
154.825333799
8.17692129029
7.55905738188
64.4821501341
1132.64431981
138.343428104
31.2427845893
414.885257153
125.454423642
38.1163348549
390.190776595
33.4625431126
45.1483654244
2176.6603001
557.000564698
18.9688243459
3.42192425977
466.669149504
378.100737623
29.4453201095
13.0460398513
28.8620551005
2.10151012067
475.320814116
32.0136819938
752.548581334
80.4806085814
30.2928426624
10.9884778573
333.913045779
520.750282528
0.0
2.3064432412
4231.98239604
332.485376327
181.872590537
0.420382368059
8.38103821856
0.532365219817
519.396793472
215.82859073
15.815882618
108.236923408
4.63201598822
71.4619443996
199.275983657
25.911443605
0.409461970837
97.1863983607
0.0
1220.04462158
18.658045119
755.91833688
1.04798829614
19.8575008422
423.201891427
140.451184646
699.924927907
2.64133712306
270.212061767
27.2549024222
11.1378066057
93.8340595914
92.7441559971
361.162347081
335.400358479
0.0
39.5171337281
2.30499322466
51.4365426095
0.0
1.39570532339
74.5448211242
1.46495413446
244.155750415
59.3546225566
0.0
54.7550387325
0.0
6.93861991729
147.156191213
3.77553445012
74.1348286283
24.8021681983
55.5016748224
0.0
1702.2271652
757.111998913
9.65182149248
6.83433222804
134.002222689
63.1528484265
507.458586663
9.43416725058
132.041376926
6.59219349399
0.493246655719
7.51711402739
4.00196913519
289.752281902
18.6707152284
15.0688881687
50.7808418139
58.0997282502
21.2494822885
149.018604191
0.0
2.67408046052
27.470998247
7.91178633964
1.25783259847
680.870437809
0.0
852.462520747
315.111621188
467.829597614
39.877378031
389.432838793
10.7631463071
4.21956981448
1.30403418092
467.717554823
231.250715426
55.6076191267
0.881185381911
575.615338873
7.54454828934
31.9656643835
77.7727530654
9.57882712418
26.3986670171
47.7713445983
182.038913938
2.62298937638
209.338865071
51.5359777807
92.949081466
7.29216889318
76.1902851014
4.62275730739
31.4171717149
313.83730023
47.4807074659
179.173440222
33.0635590097
1.90892063259
58.4509166451
0.0
0.18553197573
182.531090617
4.40954111084
52.2954472184
47.4933865024
711.785748215
98.6664699058
20.4323667228
237.572772242
824.182939968
14.6245314287
240.0209817
4.71535304266
0.0
4.0648057359
1.2408506985
13.2012961958
168.657315774
2.80253381678
76.4544572003
0.0
189.898642516
0.0
235.113581172
572.625779704
5289.64466565
29.5594033809
636.091001484
32.9079851154
88.6548224089
5.50835650395
0.642512914318
71.3129357517
509.743152127
550.36333142
313.240267079
1199.37940286
11.0459314151
35.2957657401
91.5541910594
50.6809360569
27.8753666681
155.032418352
1.22097259136
11.5710911877
2.75567545464
128.853166767
21.4114097293
33.9497652492
47.0493740934
20.5637137356
38.9861777151
2.51262233021
12.9856684063
11.508487967
150.81326301
142.598072505
4.74824303967
8.54040103036
2.14315377954
34.5520118291
86.6399676744
172.517352903
39.2518202354
235.013920272
0.0
50.4644716701
59.7423789148
739.935342724
1.75912895023
976.855043839
0.0
0.0
37.9868574324
82.5157546203
5.71818805327
0.0
450.064278069
79.7460266309
67.8825868574
13.5784458807
4.60433304269
18.6004767842
186.895625102
60.7307010071
203.149456075
266.753938106
218.005374181
42.4789869963
2.7894313806
67.4277573506
246.354379762
21.1817383319
62.5345011792
353.417109872
5.89718538981
70.3027409825
0.494607401235
4.69342680311
52.2977861193
13.418025845
178.751792756
0.0
8.26743446002
4.59277754591
5.32822032417
6.73780091579
0.0
0.0
132.295641217
1.85809098504
0.590836467301
42.8556431401
134.891481999
1321.3289261
0.0
108.46935583
53.2135474452
1.36110514858
54.1986506792
0.673734818417
721.574035775
33.7800903585
369.069747663
78.3402591875
119.667944528
549.577984861
150.320310948
90.0624709206
62.9121801138
180.006271314
0.359258495768
2.08701633177
85.6645962577
274.840109021
156.979223057
137.553806741
0.0
49.394508673
610.384043368
933.616740442
1141.46857975
1.88651105418
147.978396502
56.4702157302
37.5632281496
80.7612511848
54.2469450295
2.0578910215
38.3998290299
422.66176728
38.1510217501
2.48938890774
118.534798048
207.839975194
179.806615386
3.73365613598
23.129995605
32.8645981209
9.8245596547
31.6585605724
1.28614299178
8.17857535489
2.04760317327
442.627440376
301.327700183
47.7083230791
41.5807597754
95.8384951217
6.01152627199
0.0
1209.24054068
21.0942488993
4.51314141316
9.15019993912
49.5686279855
35.4815948608
148.178343198
22.0599713934
0.139701505689
2132.03165402
1.51717003355
13.7030401781
39.8943395262
218.411478286
12.577771229
14.9470791276
1.00276359379
0.358287992172
325.535978845
2.43945324576
27.9033301797
256.041393168
45.0991503072
13.4008960101
228.541843496
85.1727167239
0.0
203.178826243
1.26389537651
0.0
441.03235204
0.0
56.2804727126
20.6995893401
52.5023991393
52.3801271641
31.7224722514
20.4293786939
153.715438597
6.75489249159
1388.21486443
408.51873954
7.34725039225
1.90602697601
0.581272989694
3.91515178598
273.149508337
212.275675266
3.03097327406
84.4836693737
462.396801383
1.77589022323
24.3563155308
50.8232289729
173.376109576
5.22865379699
4.57848780503
5.94206448576
242.21448689
0.0
0.448636648152
117.723136942
69.9451964904
0.752983259818
37.6294111384
14.048200228
138.895555379
244.212644116
7.15328485507
87.4842229075
0.0
328.603333888
6.94252361174
470.299849364
9.10644693341
6.47784878592
0.30494855345
53.1038907413
0.230977305051
90.7480583807
244.40683538
31.1108713431
2.37918254943
1.79406707967
16.503825558
27.2988964597
46.5704732917
117.829296773
42.3635825137
0.875007826831
90.9194294209
260.703594241
232.126087988
6.75958304642
0.0
162.702785226
491.695692776
105.852708523
188.10282955
416.251026076
6.80436011832
14.1794605205
204.305909946
132.205959543
0.0
7.36040384046
122.500294868
2.04382828412
35.0395056048
0.0
60.8878320431
0.0
42.0013232361
4.99072738012
23.1883074399
62.042730046
41.8764713281
0.0
597.852665017
21.7573464372
129.885550487
96.8830413821
555.254609599
429.579692897
41.3502658092
606.238949821
902.896707859
7.50684913459
0.994059668642
3.28327742751
267.443082378
21.0305973817
0.0
10.5120855715
315.770196511
2.86839798061
4.46024322837
4.30340041017
324.03067038
11.9370462858
169.703856604
83.7580821168
237.078027108
3.44197835837
469.624973151
347.079449756
30.7389720698
994.277539684
3.18051754814
7.71217122175
31.9961925242
9.32812602333
69.932636057
27.9853358206
529.433412627
557.89238991
3.87218181471
178.500175989
0.574200173744
41.1675624498
0.0
2.38552334295
37.717724415
0.541864932406
171.770897906
5.72510400728
2.40886771655
0.461232790084
378.118334218
0.951953075736
0.0
3.23981519029
663.538728049
47.761188106
89.1848806104
118.62171232
707.217266416
0.329538895529
138.350474139
93.2577730261
14.1920209539
79.3344731674
7.27365153156
8.79882152445
1197.2952279
32.8645981209
8.30399222094
6.30894800255
3.42748329417
202.902054176
14.7449197854
0.0
16.796044063
7.28165914269
7.47855914608
28.1977651567
18.2638497691
15.5043331097
99.4690138894
408.875648933
2.73719635202
255.970316851
2.30291958623
468.003750084
14.9248366135
0.0
1.55693134904
8.70767708101
34.9517496345
32.858684553
10.9574140905
612.811668203
31.5281368771
468.73515271
672.713644584
40.4599250458
7.27060228835
228.163966889
99.6932321024
695.37591102
83.4918121489
2.23103345397
25.3669375256
441.349069065
187.809630339
35.7357379974
7.61013316242
26.6050042433
201.604464089
86.9209137993
9.00270889867
2.97436524044
1.35628706371
25.2248728883
2.46435476112
2.27629896593
32.2033995054
9.79019158456
1381.74236807
3.80709303351
311.70048597
352.91345804
2.04667475459
0.556270725588
0.886681926583
348.178098084
2.6569340468
123.618227014
322.941230996
0.0
157.403486165
28.3316257867
374.107260713
0.0
5.07921792343
62.4183952813
12.965679348
24.8639667044
307.528098442
56.5124804604
142.214801378
11.5485693829
2.18492369314
9.85302818526
222.013959574
1.87845370633
109.39324082
2.3116885517
8.767109905
145.31755366
3.41936473189
31.4063393134
47.6347089147
167.896994436
0.0
348.335663998
230.400354054
6.14752685596
4.69342680311
4.36015765393
8.95402303105
29.377440971
774.98941481
18.3766322342
1558.21736068
5.30868017164
1.34168232367
1.18014257414
30.7457209596
157.551100909
1317.83686924
11.4142904544
258.975191104
58.4105699668
831.005244839
515.860122785
0.321855210692
0.203465249784
26.6275898132
10.0835221515
3.34729240577
3.37957408449
6.05870856043
97.0371537822
28.8587814044
5.79031139141
9.33981670198
708.354688977
28.2373262501
0.0
76.0710445151
57.3516128119
1.20602224491
81.8197938669
92.474051201
241.778061242
4.5626090399
4.77154405307
0.0
72.7111330121
90.5673177085
218.164636244
93.0200111229
55.812304839
52.0987563643
465.568173751
11.2870333299
68.9905907899
295.389890099
2.61168001253
68.840512165
520.425742809
147.27354563
240.060517287
21.4740142254
24.3575028355
172.283291922
116.235677582
33.9008727829
11.0228841865
6.80011591866
5.97325068145
66.2737227261
587.516666546
23.0879923114
50.5119013669
337.273855093
125.310117026
20.4992179691
546.845291595
253.821049282
4.47694328695
0.0
682.547692475
0.581284467397
11.6568933978
43.8587013282
683.190640266
7.31722089399
58.3548163844
0.0
41.4301595527
478.888950291
48.5069506151
16.1076560431
172.139228889
44.2930227295
522.512107463
2.23216974661
9.98637231851
10.3316305666
34.5337520781
24.6865685945
2.35434607437
212.839732975
166.612390731
8.30730800195
396.619320993
0.0
529.563344057
465.261974128
0.247100927855
603.366154604
328.842856981
169.083462499
1.03810471814
37.4705533456
46.6204089537
31.9961925242
102.082721629
1.23251278457
34.231772424
64.3924365776
1.6235288106
12.587204626
50.9125803439
34.0786866407
1.15539537011
15.4288697598
11.042814581
619.66410077
33.7131932014
3.73090913895
80.2505571445
13.6327366936
78.836324257
6.59045653486
0.0
3.30158563988
157.702712446
34.2545403619
131.677119253
4.29226831308
6.36331150749
447.069159866
4.58514232247
22.697144625
2.70275686504
1.06892362731
1.17616108633
50.7600250857
2.34060726329
155.276070867
25.6012216846
1385.73894397
555.160517937
9.23928477243
2.00088254356
747.5747198
715.461378183
32.8279141052
7.95530724069
234.589747711
3.70265868475
7.98343144015
838.280718774
56.1163032937
31.5865392582
505.441872541
560.081534847
847.352694338
3.82338244538
0.47980371433
15.2528183672
32.4284186069
1.98573069965
34.0533489727
35.5053179986
388.636635604
192.077970191
148.19197361
7.15338560379
8.84251841693
4.78570881446
36.6658043679
39.4737747902
151.125506282
46.6154148775
3.01658405979
3.89432485535
112.893177755
2.73587769142
2.25820245342
369.817486888
48.6022946226
67.7097938574
39.8937822199
1.33293248772
6.62100252976
2253.55252585
185.489635756
182.046128312
52.3982695874
61.5066179937
482.092990754
29.1080732983
2.96011503391
512.472574247
0.0
66.1092689152
141.54690616
296.728192878
183.917194204
88.7797546609
0.46559941861
54.615796335
92.8223370123
0.619864854732
33.904842793
12.8875429684
47.6563673413
399.93129778
4.72431075259
550.871717165
3.23829375691
1.88456111988
62.8152776892
108.861585943
1037.07358421
355.577897228
41.1943067742
150.20794168
37.8661974368
88.3681336065
395.791870392
64.1742135517
38.0197601825
8.12990479087
8.15992663732
89.3192131014
8.39390599949
99.1216488451
7.69377883954
11.1179017172
0.625740163618
0.0
428.188222847
0.0
138.320674195
146.273203831
3.43174789865
0.0
645.560653967
7.285595995
14.3632517111
14.2124066306
0.0
39.8198160727
472.589759611
12.8782052191
6.25964361426
3.0843394941
62.4517176051
87.0634247918
205.72210552
103.497279719
0.468333662643
8.48527999699
3.74296327821
862.108832941
347.333837749
6.14760847517
1.91476405897
6.48531566968
11.2809399447
1.84870860008
162.855233359
0.0
13.2771230063
114.681429465
45.4155918677
18.075183105
0.0
0.584628305014
39.8603030341
326.138782732
0.0
5.04123947789
359.533078144
16.6331078596
15.4844027152
523.390867224
6.76845403592
80.8782051575
33.4153149133
137.334401511
118.899776266
9.43196225621
0.23547528952
2.59184909151
729.743006843
28.5141072439
557.341991942
1788.81533528
2.84143047862
176.247027551
211.929266697
19.203962956
0.0
587.618463574
4.83225345272
0.984557405451
32.4553325463
51.6831933565
1.10019399282
245.628525967
26.9548522975
211.354740046
75.5555999809
308.058286725
44.2229296696
360.608686895
66.8661852014
180.938960978
680.421172438
20.9334781559
15.1101288327
138.732281221
50.8551395391
320.245967795
436.98637994
58.3525629286
63.7709253103
163.002784339
23.5286608827
6.48885462829
0.0
673.258498821
0.0
0.0
133.577142114
3.95974648995
36.4891574099
0.0
1628.99042606
82.7596366902
108.025686478
0.519017925957
178.674995442
0.435898947876
67.5264247911
63.1689911788
196.476115217
0.993511289473
2.17716093968
125.394265172
3.29920592935
5.71492455957
124.166671221
15.9096388766
0.0759619923034
24.8180699188
0.0
0.0
0.0
13.1327207433
131.335646096
0.0
155.680383175
448.393211162
60.7691551396
6.87300698761
72.3205773694
85.9853865925
40.6764315173
17.3542149861
1.50374622166
95.9073371119
80.7677182332
954.124444261
108.423947485
4.25921635293
2.90706891427
42.2464168412
0.0
470.902524444
176.524092937
39.3288713341
4.86081125429
0.0
3.70758899605
114.519772388
21.4747475231
71.5206120435
117.604971434
118.155624462
400.200721566
35.9409108744
170.050303432
100.479491775
3.77569386267
1139.7913659
532.31241728
10.2482947875
78.6600114279
438.649596098
28.2711204351
42.0178396515
1.22258839695
90.12086565
26.0950141689
0.472942598244
30.1764319676
540.390041131
17.3108216151
934.0610653
3.56518130294
644.659933534
113.097762719
195.462688838
0.0
32.6252931043
104.285834932
37.7048464317
442.760563882
5.1859529141
1.81518350348
6.27954722739
90.4695582821
46.2753649559
33.8717130395
6.85809872608
170.575912111
0.647829641635
37.6023008029
269.641179926
6.37959964404
75.1827276535
15.0907072831
40.7073435235
292.708057088
284.706638811
123.259119004
0.253054030065
441.923308772
111.643388476
3.79609739357
1.82865067558
138.38605502
43.0126058365
65.0767640411
8.06948360912
27.0257105377
5.19557122962
0.283096281303
0.168093518225
0.885989438474
1420.15758615
254.413284754
6.39747808017
0.250397579358
48.1651905159
158.245853953
6.00295752869
604.332692016
2.05530343702
1057.63839853
147.510379115
39.5872331644
300.606492308
12.9743335364
28.0253777021
4.27493315492
118.261251216
408.0413742
80.7270348753
0.0
60.1444352163
0.501755459909
5.34472271117
1.29195836154
5.05000334213
25.9928779114
53.3569077878
8.42609713186
25.0863484848
8.97965401824
8.01835044007
39.8041043719
557.23688551
1.56233352149
250.558376883
10.3660700536
55.8977219083
192.958992335
3.02654798172
6.30909721268
474.552023508
183.101703371
30.4963857055
4.18654080975
33.966381138
69.1436689214
2.00356960148
169.791680165
86.2285136843
236.803188396
32.6695358253
1.40626863651
200.813469225
238.888318559
14.7046190178
4.28680237563
21.5299565521
22.7812621632
0.290204805666
88.4346315946
212.764111488
287.530136016
137.387443805
0.855262350928
606.196248938
2.41583850847
68.0370155322
4.17951390459
684.42467576
2.16938288262
10.4335602254
91.4830968888
73.251505843
126.464592905
3.61234573719
24.3733433416
1223.43488268
2.48284024026
236.626417734
398.509737017
32.6304108848
6.17486419505
2.8229858091
361.327997124
1.94799711178
0.695636827275
64.9695482621
0.0
9.4664425528
106.08188893
130.21609942
3.48977916751
14.4064563377
10.7353524104
0.892545757764
2.22103637422
305.315026319
164.895131168
162.393841158
262.039072228
501.333285743
150.21918983
3.87817062534
144.448600959
4.75817635439
1.42309622513
4.32714140217
81.7905269983
40.402433229
5.88256789678
578.561713821
4.23829122417
116.473981488
0.666748722891
6.64414795651
0.294719369038
0.0
93.5597169718
2.28184652262
1116.93381782
502.060435243
104.893884129
70.3430009405
1630.67330225
28.3669120732
688.563687399
113.717547229
129.728904065
62.9428141044
31.0575918435
0.0
2.3449177786
10.6229780414
0.838503628529
486.823772381
3.6343905797
0.0
2.42177630708
136.659896411
194.760261036
328.652322002
2.02180512173
80.9087817595
0.0
528.659789905
906.221685058
23.2101826674
0.0
25.788956104
263.930188392
0.0
7.39988586516
98.2436580908
0.0
49.816364013
5.36977853792
169.253819676
242.22255444
0.0
159.812522221
309.110752601
1031.7035876
281.267050366
2.18688382984
51.7554289209
0.0
46.2794714233
6.06650957292
504.283157564
463.141956848
160.636547365
9.11227888207
5.66629608047
157.606844289
0.54036517915
3.88923640681
31.7833397882
26.1747995117
505.488157018
61.717833244
98.2953243352
30.1722821401
319.560729768
54.3525870879
2.85462601173
747.726713927
3.36952726803
166.157276833
42.2001323642
6.36318907865
493.63335868
137.344774804
0.0
0.621726793299
7.96938400638
554.811373849
0.429729044601
2.9176539075
0.473163225214
234.540677978
10.0906447041
558.522624232
10.4497144554
42.1718334486
0.0
490.893810674
48.3967098236
246.315140044
91.0872296201
60.2390778087
752.880799634
492.293515339
65.7084369021
3.51884581395
49.370461609
16.9728555346
5.30789458659
398.434000752
275.504550726
66.2718097755
0.0
6.90196650883
85.0016708853
101.368432259
15.8481693978
0.28647455203
4.82945544367
75.3023674088
32.0000375548
0.28647455203
13.133096957
5.22045744139
2.84594121608
966.273266928
511.342561181
1.37754121997
256.9269286
234.445693605
140.820924836
10.6549357939
255.635133476
279.245496478
10.5753851063
15.2206144818
147.890599723
532.315118366
120.619414265
67.9294107866
42.5702283626
98.1031391173
2.31107130631
1.1632601476
5.97722196685
60.3988589192
12.3305899572
473.907088798
3576.76436409
1407.98918125
987.229367637
111.809984792
252.200333784
48.1375050198
2.3738479679
2.17792994581
158.654527788
299.076686599
5.05178111087
752.892591062
197.144123938
499.145743858
0.0
740.350796057
27.4280907655
1.67159360691
14.0885966431
5.29311640569
0.0
401.036059899
249.599472144
37.1527344607
0.35065276875
480.530618974
131.549431077
17.3765238158
187.18153087
116.925793634
0.0
2.08469528506
45.3412852153
25.7738055354
332.206178638
0.0
13.6296045558
259.91358646
4656.83889918
207.752303393
483.346302413
472.623672399
186.829945857
7.86605279246
140.431346074
115.827419495
4.68660139541
31.7752339789
74.5723382807
0.0
42.5812839417
4.28710462181
12.3427843795
0.442104559565
6.79525829946
1.52054575366
4.50658764447
608.223952324
167.183572269
28.2306500525
215.098386885
20.9702437909
8.57671903478
33.1351377946
96.0269896202
136.340653015
5.69360918892
0.0
100.372560388
66.8079817671
144.218108268
2.0766341113
8.43329237667
6.02511714823
88.394844773
7.84309611016
158.18444824
80.3578723968
118.484648136
120.211559172
250.955050141
504.30619204
6.6401690193
19.1665877276
59.2942651399
0.0
1423.94585193
52.9135024219
242.998774947
217.0027751
29.2561688311
119.951242307
66.6440138455
3.14148953037
83.3303119335
29.1675201506
400.335963346
281.046976879
12.0453014345
585.177374118
6.13905503546
130.004724758
9.57149924817
779.201711586
0.0
593.772536547
676.31916619
6.25248025199
465.538102168
94.9082119501
602.288208227
360.355658371
314.63341925
2.95576753489
2.14056619505
5.32690548947
24.4492785525
947.426875245
485.478718163
72.8953042423
43.3677616909
0.0
72.3132278133
372.854293385
97.784486186
0.0
1.60610183079
23.9772605472
38.7942666869
0.0
663.480488906
136.098998895
207.114577956
12.5786001742
1.43748926532
0.245031115325
12.0612477906
166.684693887
446.623687238
46.404903593
5.12055551021
31.7860600039
179.848704125
79.2869235923
28.2117360725
38.3681977544
331.602177245
1.17386299503
35.2291925092
694.752083807
0.0
12.3038009973
7.50626632231
204.159358801
568.138159602
107.49326642
139.82307625
1578.32836573
186.283576563
663.32063893
0.0
72.624151149
69.7741315223
92.795491939
41.5393405694
568.350792987
52.5451969452
11.7479205136
222.399408914
40.6196997797
442.064941083
559.780127803
235.575991064
529.975560675
560.946401485
231.313272736
49.9180347859
1466.07033985
39.742722889
50.4025290551
232.95668348
835.730444475
88.647392509
381.574189119
185.328399529
352.987561919
3.69168600022
11.3644338611
11.2745736451
248.898986625
174.151186141
2.19917262437
2.44384793088
117.884782542
85.1733084633
0.0
378.095891482
1.97860304579
0.0
85.9162359795
0.0
0.647445776218
32.6638696657
1253.47678831
1392.74100626
16.6029010946
162.885215671
56.4958479927
7.25718612827
10.4232876808
2383.1629443
298.457108685
4.69486406663
127.429036273
342.476974826
744.787705114
109.773296915
393.349541345
0.0
1050.01997209
304.518165075
293.986737022
154.46835554
0.376795151401
0.589053597358
2.96427378848
530.148008069
137.505108119
41.8392516864
4.45620435204
72.3196808332
221.686551705
639.53862177
6.91902620209
6.66377100358
2.29441460795
1.99927949098
0.69926378158
6.77846641926
11.2996753827
102.411524677
3.75715099503
333.045543094
357.59396605
0.3758029677
31.7092473863
0.290204805666
2387.36922166
26.5161859479
175.373525853
2.32917292001
0.0
10.388853295
377.305615888
100.26441364
127.876176993
549.762964632
2.94868069064
35.703003587
0.0
110.083481851
17.5759017278
73.7382739728
648.844261698
803.153847441
3.71063441338
32.6503004696
32.7039038955
1.3010066178
10.3764318693
883.544518014
137.713647789
0.0
33.1396918923
51.8664680504
79.5520865997
10.5459575498
615.088714495
837.444273481
203.760307107
146.637622192
0.862277778361
232.515423169
2431.48817609
34.1478576585
0.412975423405
757.261668167
247.341072019
359.324279588
2.14643385214
39.8688271419
379.274849301
923.141414129
16.7284072316
71.8017392609
2.19518348476
2.365947482
234.086767962
85.9582788073
144.219587616
369.519912121
147.49261163
31.5171973503
145.56481145
303.472050194
91.4415884119
57.2355158411
259.485979515
10.5768491511
0.347951682529
10.4436350985
69.6897691265
5.40320161047
3.37577113873
40.9824908575
45.734584029
1.06619831038
35.2008948689
632.391091071
8.48090571665
466.305581767
61.5002606213
0.0
0.303044529971
48.8294013912
521.870780577
0.0
222.151805518
856.736607102
362.9122148
146.624638359
734.254807915
214.511790793
485.194493241
106.302226404
0.345165151181
83.675037106
7.12903246757
25.1198200188
57.5773307783
8.97225217479
201.332048448
368.950879464
148.387969424
53.7849763913
148.140658073
186.962897198
0.0
357.714910438
221.513729373
68.8418435786
35.5684938291
1530.07388378
85.9330304103
17.82268128
233.272058889
3.92582732553
129.468552766
236.02532275
6.50155662015
443.359745916
828.062468788
12.5867671979
76.307459701
290.503047415
218.539725044
54.2021577554
150.226895195
61.8248934362
18.101649414
47.4920283074
152.297971547
182.187288762
18.1269960092
33.6935471989
612.155764634
5.59833404753
81.2836244261
37.4899149561
265.013864695
897.263227807
58.3280669588
11.2513325709
120.722290197
6.50643591941
525.000375382
14.6025350476
48.9654644648
90.9507163653
2.19912161236
3.12146093778
6.69943350362
300.086438838
3.54448827885
2.4790628005
67.3887318836
0.0
69.1842387773
36.6290157776
84.4635706396
19.3137497405
502.089582233
7.52612147404
0.0
565.21042317
716.990571748
525.010418372
60.8245643909
1.50215847267
27.421695134
671.940707976
291.315235219
111.065671024
265.195248118
3.54014588102
7.53569897996
46.2325454702
62.8285777968
5.42851249727
214.962230714
59.3438564707
43.5837618682
354.522419094
18.1471801884
568.133938358
0.704247655496
0.0
123.094074728
259.845796593
128.022291985
30.238082539
446.774372906
34.0786866407
73.7901901762
7.11895376861
1484.80255644
438.078894073
1.90602697601
4.73775879516
0.468333662643
152.968954267
8.93985571904
1.34936218261
1513.36187181
0.0
21.070612482
84.1610502581
40.6384148128
80.1476518808
537.076502102
0.858865074523
699.717963233
39.5872331644
64.1906483478
641.240971797
1290.21348408
9.54318120306
263.029265187
39.1469229525
9.55551208248
533.813969985
17.4827576135
28.0280698612
112.483612485
1.34870157701
0.730356880334
1.13322682347
2.33646253703
201.039296867
74.969693825
1.26444885688
99.4999730816
134.185253801
44.8549545135
99.55133708
8.31217964943
7.26208583235
22.325819237
231.834451022
3.11870628894
244.366677448
130.225248425
0.0
11.9511281527
2.5839218243
11.7152409412
76.4900342551
3.4272626672
730.219433562
141.919953204
44.9014417633
269.565150341
341.154155469
223.120734118
683.315976788
113.768978819
2.25830575275
16.7106792809
201.461208321
5.86132139231
168.344263962
38.8718062258
0.429729044601
472.037830008
11.7031651218
50.1959839548
81.718628113
0.0
681.154382165
3.01049832633
0.98133344607
1491.64490648
101.925167194
84.1997084388
202.237413526
0.0
19.9458472766
859.946947549
72.1078088033
961.016161177
2.64896979588
33.4434735459
228.675850785
1.35457688589
175.225982526
191.968781522
6.12183592964
10.260918986
39.6182267898
7.95532637021
560.143332078
47.1067753638
5.93952918858
42.5433654354
191.362929669
13.5261075528
8.86187237563
158.519070482
135.185596875
20.5637137356
0.0
31.9370491934
0.0
706.261199221
27.0738824593
507.372784453
246.36487931
34.4375051579
3.42998543352
32.5538597037
1127.50944013
560.552553018
34.182533076
133.056989172
25.5049339546
88.6967160267
10.1274498734
8.12505864942
56.6618206864
102.495834785
0.0
315.272640615
33.6745388466
33.3575782388
114.546816408
33.525569733
33.5631349813
38.3316093862
55.5056728889
572.121699372
33.1927941251
61.8129056125
42.0338548736
19.7918381759
346.847246887
454.300160252
11.2585737265
2.52493280486
0.0
13.5820384019
12.1610476978
230.318041066
224.289274008
254.709998692
0.0
807.855216815
33.3741558686
231.288158246
439.932610778
249.771876178
170.589369081
143.840498199
79.1991446668
479.78004348
15.2830136545
0.0
693.534416793
1003.36551134
34.9640460808
492.961669443
5.91736574316
46.9411342482
510.267266153
0.665242593132
82.55680654
3.235258542
263.989664576
853.075602278
27.6047402741
0.59598995617
80.2309532269
8.16469243485
56.7354463283
4.05842030685
146.348630197
34.6645825944
0.486765579149
35.9427626106
1.97565200069
207.829934754
7.49707140652
148.657056531
0.0
2.8055384245
231.2434934
10.9258886649
27.9226905149
37.3495260636
6.62882139645
429.777299417
7.23440033624
268.289820622
577.261909812
132.45486247
1035.89029547
95.5280933838
78.9133855583
2.73930187295
260.941611203
4.10646724897
223.162204336
504.084567788
60.2849082788
254.248463656
209.290000662
0.0
33.34847642
189.068691052
32.4966701331
100.451226017
113.031371856
270.022404195
45.2251040746
8.60926470069
2.31257743607
478.430862391
470.604834901
1.94887451844
37.5308431715
24.912045529
682.788782911
0.0
421.771847365
3.55223190281
51.8004521258
14.8498553271
236.420187633
134.707382185
32.4253986957
4.63693992302
690.309461404
171.97686657
243.830717156
38.9140888101
17.5284860595
43.8112894857
25.149127697
220.690521698
14.5928976027
11.9694975795
167.005800496
19.3689447414
2.43382151924
1699.83228626
0.0
4.92840217486
0.0
0.321528733793
59.1996761101
73.7640835019
4.8098336719
57.5427395305
0.483902529779
12.1710537046
744.11549683
30.8333647034
242.384029148
63.2173161363
408.813687188
2.3330689627
28.286038899
507.283779964
110.891156368
4.03685752791
26.5757973138
478.940584651
62.3938100405
18.3716330566
0.0
3.38965405875
35.3704613591
20.3882579083
94.9603028697
0.0
85.2440799831
368.945345936
2.61562069073
1.91748172409
550.32913424
34.6668577303
94.9456343648
58.0295522957
3.79009455465
1070.22936784
349.433914432
15.588722287
6.56723331481
54.9085364378
0.755482848579
5.48852048172
33.3717085671
552.539509103
7.0544350467
37.4238735256
162.106741708
75.773926306
515.54814095
4.382735572
216.315932745
221.250050817
779.739157603
2.02180512173
960.892213459
1.08218420075
5.68832817
58.0122426437
19.4207831516
522.851611556
0.0
0.0
90.1326455996
4.53446188506
33.8669740234
0.0
46.6954756851
557.206009214
135.711459338
94.2864468979
9.42364729767
5.41984300524
52.286029125
5.39431404207
597.964459124
1244.69220679
2.4790628005
595.090947189
3.78746616056
3.25985015937
17.425988892
202.727094441
7.67728537962
0.0
6.8568604094
5.02681072929
2.72484889366
4.23022877512
112.925079394
97.933423417
42.6261821672
574.340974556
132.825247962
0.0
1125.39278072
48.3248887316
0.805830432592
50.0944585662
23.8399055941
335.097783259
41.1228236368
223.79915949
7.5796126735
317.98478624
7.93223068016
456.954184063
65.3457312694
543.239077502
45.6059725355
4.67421185214
228.223547648
7.87872927828
949.460433536
32.7797472849
2.59975467861
95.2346646188
677.320649382
0.406584893162
33.6378714099
3.3236802191
0.0
652.192025964
57.4744624983
1.35471334303
3.25479359334
18.3651060693
430.984559978
44.6911880895
56.4689276768
49.3796297435
456.480940493
7.51854108854
76.2209548004
1.60070603486
72.1310486023
36.1434808633
284.125750962
667.562177069
1.78515145465
24.5370766078
32.9838323307
127.709255476
225.128264802
90.4922968881
253.92923684
154.832697384
19.2847787416
0.287907989667
2.35434607437
401.547647924
0.349173420301
74.3866660218
186.957389175
32.9822853913
103.212269211
0.0
1064.15311753
477.590152492
128.198326799
51.5276181867
424.009555742
11.6947698193
16.6693378683
4.46840132495
42.3450906581
15.4657182892
335.948639448
52.124304457
209.991850753
246.839799898
20.8083507831
52.322947796
522.174652778
25.8273783542
166.112196239
96.6309438273
8.01857999414
34.0967410683
1.79870407187
1.60065247224
37.301922926
448.349055161
323.093551599
6.91450653754
0.591815897998
0.602413644223
609.781151486
846.399227482
110.659784995
627.930009971
6.66842202411
428.992740996
8.06007954407
807.150655435
98.1906349264
0.0
131.52112961
1.99294124805
31.6470229298
516.660987199
25.8953939498
369.466405618
50.2771836058
169.24218256
1.86254178339
970.401072503
109.94541273
1.44849638296
105.92128015
20.5293074064
315.236595524
1.43134614334
27.3154983202
31.4955975876
24.9843882189
3.37249744263
1.55228415442
1.3674153349
2.35360640015
0.0
663.866512132
5.02114201906
101.415428353
94.2356593352
14.9613752449
847.351458572
45.9316664003
1140.84338032
13.1500023389
1.92465783938
0.834236473432
218.10658202
89.9100891029
245.634737955
183.666787697
565.115201592
4.51958678133
336.073375304
30.2928426624
185.279720038
36.176242055
48.2519963874
8.94383593157
276.255270328
52.8675801302
3.9523280676
96.9021466572
0.0
4.03958029422
1.11619773739
0.0
7.90671574531
486.707010978
0.0
10.1000066843
6.05870856043
191.739789861
190.254257478
0.0
173.0079074
0.0
723.337699693
13.4885588836
3.19080667168
21.4753354366
192.590726392
788.777870783
29.0968481043
592.59280462
16.7776963163
78.3572155814
0.0
1206.16876162
20.912365558
109.375401918
337.63116748
495.40929609
4.15320190699
33.1067878669
0.331594679754
33.0244047371
44.0721866132
0.0
1.87444926311
1.71861138161
39.399252612
29.6794563335
39.5615664688
0.0
106.76314547
47.7394697405
39.1168666729
32.570957656
74.9570275413
23.5750193271
17.8864590525
446.144340081
1140.06481453
5.87877897931
822.464522433
0.639630735441
340.153556061
1.8553452633
430.860471976
16.9503222521
15.5795579784
61.2625344268
1.17405046419
59.7533171662
