3.64042199989
43.8391459986
318.36829899
18.7900659994
190.245126994
1.70051899995
1.83850099995
40.2019099988
2.22446099993
57.0503919983
0.700419999978
16.9636639995
158.975808995
51.5636309983
77.3517979976
25.6145869992
11.5139619997
237.079354993
4.59563799987
101.884373997
224.768407993
255.402028993
9.90634799972
264.317930992
8.71499999972
133.413306996
53.3587869984
56.4580339983
28.7451459991
214.569480994
4.39279199987
167.929409995
176.742149994
677.70111798
6.1975179998
27.5204909992
18.9666409994
0.156679999995
75.7105369977
66.806539998
474.793533986
5.92867999981
122.089832996
251.267248992
0.0
10.5581749997
542.654304984
3.4505079999
63.1640139981
36.5825609989
68.1513219978
815.035090976
0.310835999991
393.131930989
3.4124639999
0.357416999988
280.650673992
16.0272569995
162.103301995
764.180938977
63.976585998
187.105007994
3.06435099991
54.1277309984
569.132536983
0.114863999997
75.6440029978
6.5764509998
43.4631249989
0.922833999974
0.0
568.595748983
2.27427399993
755.657670977
97.9574939971
0.0
112.132007997
1.20262699996
74.5208439978
0.618997999982
250.984132992
0.766815999978
145.017398996
0.062022999998
3.71039599989
386.446835988
616.226105981
12.6229949996
0.0
5.58995799983
12.1907239996
5.91628299982
157.566179995
23.1572019993
63.2510709981
7.3026999998
19.1801479994
144.983068996
717.518764979
20.3642279994
0.0
1.53353999996
429.980917987
75.4949039977
1.57734699995
138.513623996
0.0577189999984
456.096194987
10.6028129997
18.4523149995
38.9260899988
0.700392999978
60.6820079981
1390.83228396
3.2208389999
6.6354789998
70.1520709979
434.998627987
132.798710996
56.4823229983
48.3834279984
133.806560996
251.707682992
0.0
56.2635029982
175.148434995
3.71919699989
0.0
0.0
17.8146999995
9.30844899972
243.543292993
12.7190249996
166.338485995
442.641925987
347.73259599
7.48871199977
3.2661219999
39.5165459988
0.34460199999
340.72648199
142.490491996
362.959073989
8.55157199975
6.2622909998
368.466247989
2.33962899993
457.652933986
74.5192859978
22.8480919993
0.416273999989
1.73578199995
562.492117983
71.5814329978
140.506239996
1370.98907196
5.30692799984
5.20360099986
51.1930669984
673.49228498
118.028126996
206.956236994
257.258502992
67.879796998
21.7571299993
3.5265539999
12.5833219996
54.7341279982
4.04462499988
1011.69929397
37.1214259989
7.3775009998
21.5824459994
3.54313599989
15.1040239995
4.15727599987
218.309627994
46.2517569988
306.520000991
4.15744599988
225.371461993
6.7609299998
16.7947489995
152.384892996
38.9755169988
68.3971109978
170.329478995
106.737522997
89.5856409973
1.29970899996
7.99216099977
140.709152996
10.0274519997
383.112236989
2.71786699992
127.997466996
1975.32907694
497.443779985
201.322628994
1129.05370097
0.0
5.78679899983
5.17766399984
1.70014499995
145.416613995
32.294854999
0.751382999976
1.08769199997
20.2995619994
0.940865999973
7.85491499976
0.0
223.234977993
0.658552999979
6.5477679998
1.55825099995
1.24700599996
99.2335179971
1.24700599996
2.49338899993
20.4290959994
270.384786992
2.26885399993
20.8700849994
67.6960789979
442.168061986
54.3778709983
1.82262999995
16.9731059995
372.124540989
34.441426999
41.1504729988
2.26554699993
11.0455129997
0.0
1.20229899996
253.428505992
114.465964997
115.802643996
135.909003996
209.505576994
395.544448988
171.062027995
0.0
286.109004991
127.019208996
110.610403997
141.299595996
3.97843899987
30.3842359991
332.19360199
307.837657991
51.2251169983
0.695401999981
6.35988599982
5.11618899984
2.71818699992
65.496753998
279.127110991
401.376014988
27.9053169992
38.1279249988
453.975096986
17.8414629994
7.89252099976
0.0
19.2519779994
41.8785179987
0.0
13.1221779996
168.324821995
182.337061995
54.4438129983
109.759771997
642.316172981
51.8667119985
5.10640599985
952.755961971
392.949144988
1.16567699996
372.845312989
4.95489199984
57.0958359983
3.76668599989
31.6181359991
4.36470899987
205.741768994
76.2128389975
4.45479099986
61.9702699983
503.127064985
66.4327859981
7.16816299979
12.3256809996
485.601810986
276.232468992
0.995667999971
6.64858599981
5.02623199985
213.603906993
109.563193997
403.617667988
0.0
66.640300998
20.0872579994
123.528777996
64.3471659981
13.7097129996
12.9917939996
43.2509379988
13.4294989996
2.31768399993
97.2112029969
1.72302899995
79.3503749975
1352.71409696
140.938940996
426.423752987
16.9835469995
440.871231987
0.439836999986
22.6291999993
12.0416639996
2.75011599992
52.1918739984
317.52633799
6.5114859998
5.25841999984
76.3446589977
1.37514599996
64.7913979979
1070.75660097
0.351209999989
44.7184159988
1.36301999996
99.542730997
264.702955992
367.163381989
23.6199359993
809.205182976
1.97472899994
41.1093589989
70.8019059979
0.0
336.65136799
260.494651992
2.13471999993
10.3234419997
1.67853699995
391.164011988
36.3235699989
2.28872999993
7.67651799977
122.214161996
41.7017639988
284.213245991
51.9573159985
168.810698995
501.554363985
49.1363469987
7.14966099979
1.08577999997
413.973826987
142.652101996
123.374409996
11.6436789996
1.32407199996
186.414095995
3.1900799999
40.3770239988
4.93634399985
4.64487199986
246.483965993
24.3347509993
13.1833629996
347.37605299
1.89942499994
23.8785549993
49.4019779985
34.378128999
1.59324999995
141.486589996
17.5539069995
193.473526994
37.9041859989
5.71306199983
0.0
57.0754459984
45.0849989988
1.10381599997
2.45132099993
18.1199149995
92.4453369974
0.32152999999
19.0502129994
191.985512994
2.21396799993
33.088763999
680.13000198
197.153887994
9.35051899972
32.556994999
43.5565919986
138.207172996
476.188800986
143.461058996
123.798472996
732.937116978
604.085477982
430.755184987
559.534861983
541.714877984
4.44900399985
266.435176992
3.3737509999
148.735644995
1.48941699996
25.4902529992
25.4156009992
15.7271709995
4.05328299989
0.0
46.4605059985
2.22770299993
244.005053993
64.2358859981
0.119237999996
9.86808299972
12.4363009996
7.68659299978
57.1566699983
21.9429809994
151.084323996
84.9379779974
23.2132239993
1.00290699997
117.129245996
4.17390499988
1.81786499995
4.62255399986
6.18635399982
58.1189449983
14.2830099996
56.1009939983
2.45323799993
3.2905789999
15.8534759995
606.695287982
0.0
149.627458996
0.0
258.780366992
0.32148199999
307.866063991
201.780105994
90.3167049973
17.1196089995
203.456544994
203.041458994
387.902226988
430.325999987
2.13955499994
379.481003989
51.9816439985
118.605009996
39.3781509988
0.893924999974
1.64179599995
379.449272988
126.465683996
40.2096739988
0.0
0.136031999996
78.6254569976
0.743897999978
126.192766996
2.13127199994
21.0082909994
18.9748839994
39.7450409988
59.3475559982
479.965107986
347.58577599
1.65018999995
0.0
1.32812299996
32.759085999
220.395663993
1.66227999995
543.874407984
0.0
2.88414899991
4.04462499988
0.0
483.756635985
3.71968899988
42.7165769987
221.227236993
147.802207995
253.679538992
436.258730987
49.4985989986
5.95848099984
40.4774319988
6.1520559998
0.0
0.0
102.238623997
271.860292992
293.187496991
8.62866199972
2.37427799993
275.365558992
40.8180389988
51.6992929984
0.0
3.10784699991
403.799397988
50.5439329987
20.0862119994
371.160508989
52.0983699984
627.233374981
1.04646399997
121.159682996
133.048286996
67.0256809979
3.2666229999
161.736893995
1.69400099995
77.9124549976
7.47827299979
7.54828199977
345.78197799
65.791313998
3.85389299989
196.174183994
5.43151499982
278.176667992
5.66576699983
517.695207984
177.819962995
92.7976739972
129.368857996
0.918841999973
8.23128599975
358.601151989
79.2877919976
3.61653999989
2.05254999994
174.918278995
303.251304991
31.6125759991
138.179028996
35.7618699989
98.980258997
200.917334994
213.167312994
8.53468599974
36.6335509989
5.47413799983
3.95342499988
400.838509988
49.0459409984
32.749285999
63.1757599981
3.3256409999
274.872422992
2.14768399994
28.8247309991
82.4276089975
0.0
2.55599399992
249.664397993
160.304924995
1.96329199994
399.645625988
27.0005499992
92.3729239974
90.0100849974
1.34769899996
8.38459999972
1.00219799997
1.48325299996
43.8589609989
565.836182983
1748.19608595
4.60271599986
104.586986997
298.432900991
58.9778579982
3.8425509999
398.168969988
326.04223499
9.45620299972
1.67830499995
95.0341399971
81.8489949976
34.012317999
59.7550199982
2.36162799993
34.619240999
0.0
5.19600999984
49.5932629986
13.5383569996
124.877738996
120.341104996
59.2179219982
0.0
46.2451139986
17.6184889995
92.6189589972
63.7545389981
204.971256994
659.903612981
13.7139009996
287.877143991
209.613677994
427.449150987
226.797700993
496.699092985
390.394164988
269.458111992
489.905359986
6.8392979998
537.653287984
43.8456369987
140.787169996
29.5524939991
594.413881982
0.850084999973
0.137275999996
1144.65715097
14.6383879996
0.611874999982
40.4732959988
59.1493479983
143.507804996
0.628739999982
167.613640995
4.05041799987
0.804378999976
74.6776969978
2.00793799994
38.7029359988
147.980863995
100.470907997
169.361934995
16.6601059995
52.1085889984
31.5375059991
164.156266995
378.572196989
0.884513999975
1.55943599995
4.39548799987
20.7021929994
0.0
0.766815999978
49.2525049985
248.571959993
21.8195749994
26.9228769992
37.4069069989
0.216294999993
494.201976985
505.941145985
18.4335149994
4.04708399987
32.097394999
0.0
161.226230995
0.403629999988
4.57720099985
2.57239699992
188.698289994
41.0802059988
146.708438996
372.372995989
14.2975279996
0.386484999989
212.911261994
194.924932994
159.907633995
82.5651459975
0.0
103.869848997
33.596000999
187.040610994
89.1476879973
492.269046985
8.35145799975
9.31042299971
14.5454329996
20.0700059994
6.8089799998
5.93639499982
509.339902985
39.9293189988
0.0
47.2229729986
15.1554889996
1068.19656397
158.181357995
100.786655997
242.809191993
615.083542982
28.0908659992
324.66842099
200.639124994
212.124093993
1.47593299996
24.4867449993
0.308562999991
0.0
438.892177987
540.941279984
20.7001609994
9.37236899973
12.2315809996
1.59221799995
9.49943899972
41.1218409988
2.53467799992
1.70909799995
52.7359239985
1.44442199996
608.980644982
2.54859699993
41.7536649987
1.16462999997
307.304944991
31.898390999
82.5094999974
0.671329999979
368.005324989
107.789041997
306.861970991
419.532639987
198.297761994
146.648864996
23.3542969993
21.4233509993
0.718907999978
271.455110992
28.2039779992
16.4398989995
174.600457995
1.66517599995
0.856402999976
2.50723099992
4.16279999986
175.350963995
161.288304995
95.0744819971
95.8425229973
22.8668289993
479.447945986
556.044261983
27.4436169992
3.4034249999
275.411584992
22.8374159993
94.9574239971
423.822162987
616.781339981
470.058119986
1775.56942595
414.113061988
157.120661995
0.0
4.44440799987
34.737213999
402.674264988
340.10353999
489.948649985
492.403859985
77.9187449976
179.018966995
32.682395999
18.1029239994
1115.19440997
0.160000999995
50.8418559985
430.999918987
447.784631986
0.0
1115.47652697
304.285648991
54.2202579983
2.04648899994
637.407510981
6.09947799982
25.9947399992
5.19430399984
10.4244519997
117.726079996
0.465312999987
7.79084699978
12.3053899996
17.7574269995
0.0
3.03049899991
0.0
441.999556987
92.2263389971
1.49735199996
8.37950499976
4.82619599984
4.93363999985
4.68717699986
130.674752996
479.647988986
55.7538219983
55.4874409982
48.5572859987
62.9161119981
9.8235539997
0.0
46.4419709985
0.0
10.7297729997
0.0
73.7226189977
157.631957995
0.941539999972
69.4786769979
3.01446199991
1.36537299996
538.999046984
786.484875976
94.861762997
5.23640499984
45.3907749986
62.430142998
0.0
233.961757993
1.63756099995
12.9154049996
5.03694199985
179.204622995
419.477442988
358.197687989
449.982127986
8.17050399976
197.452161994
87.7899869974
91.4673699972
646.153113981
40.0536169988
161.686223995
77.0407649976
178.345540995
829.445015975
3.80627299989
345.864970989
320.54644099
14.8356369996
156.756694995
1.66702899995
128.397966996
271.803031992
0.309218999991
50.1816269985
0.496073999984
28.9024079991
200.247033994
53.8013419984
28.6110379992
125.289305996
24.9213449993
150.695594996
256.036685992
3.4936949999
81.2056889976
11.6064679996
40.052815999
99.307722997
61.6478579981
159.963033995
2.48273999992
10.7448879997
182.937832994
12.2507099996
581.143415982
25.4626589992
10.3640719997
5.51923699984
28.9154829991
1.04265999997
9.42077599972
0.0
16.6496269995
0.0
29.9295139991
378.242496988
124.011197996
30.0843479991
1.72821299995
12.1289669996
1.08525999997
81.5782369977
34.9023909989
0.0
2.07661499994
50.4974559986
1.63571099995
1.95503299994
334.64695699
2.31159399993
253.586007992
457.623655986
90.0507549973
9.52213199972
191.148727994
2.18900499993
313.748829991
888.729926973
17.6223379995
0.0
0.621224999981
8.05794899974
203.525761994
135.771892996
103.352824997
302.338078991
104.880876997
1.96344599994
0.0
57.2154759983
415.401249987
22.1218249993
49.1263819985
8.76846999974
14.3314969996
4.26604999987
155.750220995
2.14072999994
349.22263299
37.0053949989
48.1753829985
59.7599859981
14.1320819996
718.305806979
0.786402999975
11.2290049997
45.4876449986
5.79445499982
0.986028999969
563.716644983
33.324717999
30.1298229991
393.938789988
42.2620919987
205.195345994
151.966464996
39.5437429988
359.473678989
549.714725983
0.0
27.1075509992
396.902968988
341.95611899
2.03838099994
7.85740599976
369.750407989
244.286829993
23.9877669993
10.0085229997
83.0747039975
571.294384983
420.764869987
9.27250999972
41.9158499986
182.202498995
193.364731994
58.2440489983
96.0376569971
62.6274539981
2.50681299992
298.702398991
3554.77578089
164.915918995
17.8071069995
175.403270995
3.6717869999
49.2150809987
13.2917489996
68.8226529979
388.051759988
548.384252984
0.853408999976
22.6497289993
93.4080419972
39.7757369988
3.69017699989
2.75862399992
2.34061399993
60.3468879982
3.6304579999
303.019304991
255.698536992
174.470975995
6.69696199981
70.6576629979
151.486743996
162.586765995
1.21039899996
3.04652199991
3.7380869999
1.45435899996
0.0
168.399033995
65.202045998
368.299116989
738.661772978
89.8376529973
1.78819499995
120.136311996
0.0
5.81755699983
62.7171299981
113.494821997
12.9201259996
0.0
709.940112978
2.38457899993
4.24498499988
5.89926199984
316.93729099
19.8121429994
26.8522459992
1.89745699994
16.4566409995
87.0808029975
2.59088999992
8.88099299973
42.4701239987
1.36397799996
97.4432549972
6.11851299982
575.524060983
7.58085699977
2.17165199994
4.00564299988
158.921797995
2.34868699993
57.8723899983
81.2441519976
0.0
19.5391119994
44.6709609987
283.423171991
3.91106999989
0.0
397.794793988
94.6568889972
105.775711997
1176.51497296
0.0
161.324821995
58.7121909982
33.425634999
27.6664849992
89.6507729973
4.59260299986
22.5698339993
386.645661988
834.065619975
543.455406984
238.868642993
237.344450993
0.0
8.29826499974
6.52193799979
3.2454259999
0.176111999995
365.853636989
189.436490994
25.9622229992
2.24194699993
216.512847993
69.1710719978
5.30058399984
7.94472199976
64.699966998
7.61709599978
453.008193986
58.5170579983
1.67864699995
189.890838995
2.06099699994
2.21010799993
5.13511099985
10.9223879996
103.473732997
44.7371259988
2.49867399993
21.4897509994
5.44062099982
20.6291419994
103.166249997
6.4919579998
6.65749599979
8.06523999975
507.759898984
303.446314991
2.99208899991
94.4683639971
633.836481981
206.025136994
92.4184969972
3.19465899991
19.6030519994
0.98870599997
4.58454299986
71.435460998
0.360603999989
1.12755699997
6.27006799981
3.02011399991
2.42494099993
0.933467999973
949.540717972
10.9237079997
133.894195996
2.29067499993
1.97033599994
2.22989299993
48.3031319985
174.662078995
411.641523987
545.358853984
1.22223499996
0.435119999986
0.176111999995
37.3220409989
233.885008993
74.2275139976
162.309485995
17.1480229995
12.6117949996
5.68872699983
20.2069939994
25.5234889993
404.978877988
598.164171982
54.3224669984
6.67472699979
41.9158499986
0.268603999992
73.9418599978
67.084456998
5.51505999983
3.2722779999
12.4932159996
145.779011996
5.39652999984
38.9396079989
6.89446999978
52.9598929984
165.288604995
0.65815399998
724.549242978
12.5312839996
639.186983981
3.3827629999
98.3891919973
15.2017589995
1.91755199994
7.87146099977
43.0668989987
13.9457669996
45.9667259986
4.90280199987
94.8462749971
8.75703599972
11.4622929996
54.7204409984
115.297211997
0.0
33.403285999
0.413817999988
460.843011986
13.4003979996
10.4116459997
44.8540999987
25.1345949992
47.8600849986
148.758578996
119.551790996
511.095356985
13.1880419996
440.196592987
320.43533399
53.4782689984
13.8413859996
0.717749999978
27.8306049992
8.68825099975
8.49397299974
126.666374997
3.3405719999
2.66880599992
3.3644919999
40.8221179988
349.40526799
207.840742994
358.962425989
504.874503985
0.37948699999
52.5533889985
88.4254759975
52.5332549984
0.853823999975
113.946937997
281.573363991
445.774973986
116.758792996
373.491521989
3.1565209999
740.966265978
754.726061978
142.413317996
0.0
17.0922849995
81.1400109975
2.61302699992
192.966241994
0.841974999975
28.8934379991
43.4607819986
0.488787999984
341.98383699
5.33417599984
10.7453479997
3.4226629999
73.8192499979
56.4503519984
10.7386339997
87.2972999977
97.360856997
13.7679139996
75.6304469977
1.36164299996
370.616102989
57.9555699982
3.58129299989
61.9542189981
222.203725994
2.97199299991
334.31386899
188.229598994
28.0871309992
192.343343994
35.1669049989
184.697512995
92.0768809973
1.92917599994
6.4438589998
31.428900999
377.990162989
0.205607999994
7.00589199979
0.763197999977
22.1642209993
13.9623569996
0.32116799999
1.56075599995
1278.27950896
305.430255991
85.6889499973
17.5117999995
357.763088989
335.19473399
15.5196459995
111.728027997
526.128596984
1.24947199996
357.659155989
33.430507999
89.3662939974
288.166708992
4.17830199986
9.24056399973
17.8505329994
46.2517569988
17.8354869995
76.1230919977
0.0
0.68944899998
0.0
0.374750999989
98.8424369972
16.5528179995
1.41152899996
0.0
16.3260109995
1.46101699996
587.851306982
55.1487489984
86.3564739974
322.02383499
551.089372984
9.89449899971
4.12242499989
26.7597189992
77.1494739977
98.832818997
16.2673809995
588.696377982
0.0
0.172540999995
12.5457619996
0.94406299997
1.87741099994
0.0
414.778222988
17.2414519995
0.0
370.656393989
7.85228299977
44.2394549986
0.0
3.1350259999
4.28695199987
60.3275739984
208.195181994
4.06847599989
168.667882995
84.3724659973
4.07422099988
4.19649599987
5.85316499983
5.10902199986
3.05201899991
3.2023579999
342.82353699
218.341520993
309.380399991
148.606781996
72.4499499978
0.0
24.5139549993
172.162447995
345.45904599
4.01798399988
1.30256099996
10.4223129997
4.46433199987
103.271270997
44.4757329986
28.4288999992
137.290114996
0.0
122.702974996
11.9076839996
1.78616699995
5.61375099984
1.41095599996
367.145645989
13.1931969996
257.180368992
55.5982309983
47.0428519986
3.3874549999
258.879417992
77.8989269978
0.0
27.9054599992
237.384932993
0.0
23.3876659993
0.64860599998
169.952744995
396.486181988
18.0105029995
6.86890599979
296.199720991
2.56680299992
1.91000099994
38.6928969988
579.150490983
0.230074999993
0.804699999978
70.2549829978
4.88430399985
37.9655719989
322.40310699
54.8752289984
238.226604993
177.733810995
0.0
762.176716977
2.52187599993
64.524354998
9.19423499973
6.14605899981
222.759467994
2.32504999993
930.090533972
5.06138899985
413.171009988
116.883806997
103.302558997
66.720544998
1.47455799996
231.950342993
119.286029996
486.305860986
88.8934649973
15.0975789996
236.475775993
40.6788539987
11.9389869996
74.2211469979
340.10425399
318.69393399
97.5531249969
0.571189999983
38.7479449988
13.0815929996
1.35591799996
0.481325999987
119.420707996
297.909757991
0.0
43.8655949988
1.72428499995
2.72806499992
2.71806299992
76.7837909977
14.7902569995
277.591456992
2.71777399992
856.283197974
24.4900199993
24.5817359993
56.9154489982
0.0
9.97810299972
1.49146399995
14.8216929996
238.171531993
9.28250999972
1042.88432597
199.349491994
519.711384984
2.33323099993
151.835116995
22.1259419993
430.265440987
86.2159319974
24.3069219993
21.0226859994
662.28495198
137.714803996
722.850215978
8.16983499976
521.708787984
64.9166029981
0.906742999974
275.887059992
0.398474999988
183.660664994
1.76289899995
172.723253995
25.7160109992
53.4650329985
0.35872699999
1.15979499997
150.824972995
0.0
1.51072399996
53.7151609983
646.079901981
239.250924993
108.809932997
157.507618995
211.405393994
372.276934989
184.577325994
574.826940982
1837.65625494
89.8415249972
0.899665999973
256.052034992
1.11437099997
286.475137991
84.9968749975
1058.90631097
154.328179995
16.2053949995
10.8760159997
67.486766998
45.8042329985
184.579751994
2.23743399993
104.588123997
3.77287199989
5.97828099983
20.9068049994
77.8438329977
0.512183999985
4.78854699985
4.88084099984
7.24739599978
14.0105209996
552.897534983
130.676021996
379.127164989
61.7261019981
4.24958399987
9.9556939997
25.0610289992
0.33165099999
0.758049999976
310.945466991
96.3291659971
1.34237699996
0.922818999972
1.12426699997
1.32619899996
19.9903509994
106.433841997
199.543915994
19.3323519994
3.93163399988
44.0395329987
2.46718699993
398.236493988
487.139877986
669.66865298
679.87458998
285.432794991
592.012994982
557.014848983
743.519596978
688.983078979
2305.19763493
4.33456999987
17.2506629995
202.850185994
6.98846099979
153.234035995
9.23402099973
98.823145997
5.34527799984
25.7208429992
3.90620799989
50.9336879985
1305.15723896
1781.37326795
7.12322799979
195.766868994
0.0
443.049773987
24.4901009993
2.17253599993
5.38704599984
45.1143249986
150.962224995
99.1096629971
54.6901359983
500.448848985
52.0502119983
216.142083993
372.690020989
15.5443709995
36.4318499989
0.0
29.3327639991
98.0080919971
15.9615499995
30.7505459991
72.5492209978
42.6446029989
249.970852992
647.372665981
140.368287996
52.7677999984
733.756582978
133.126396996
10.6104529997
41.2878509988
1.47036499996
43.3684839987
320.83876799
6.99939999979
214.895391994
91.4692279973
16.7510289995
10.5506859997
25.2575259992
3.3670069999
8.98382699973
409.349804988
61.4105589983
9.40211699971
321.43181399
1.03974199997
223.700205993
548.185876984
250.129918993
336.56345799
127.997490996
371.134594989
175.645572995
521.034334985
79.7267869977
0.34112199999
15.8579849995
110.801990997
516.068062984
5.30515499984
1.71742899995
27.9609009992
5.12641899983
382.208982989
295.807120991
100.448721997
10.1485259997
280.425672992
2.42990599993
14.6470529995
8.69498699972
41.1387249988
3.4019759999
8.42100499976
129.243540996
28.6000939991
1.48098899996
545.338610984
14.5101899996
103.193229997
19.7037859994
345.69848999
33.971194999
10.6375199997
790.571561976
0.0
3.80343999989
1.81357199995
184.162269994
238.036333993
0.715916999978
272.004475992
100.537200997
357.457846989
9.4272069997
185.059263994
2.45465699993
277.320281992
13.1289499996
98.316303997
542.527945984
467.319700986
156.884102995
16.7043979995
4.01662699988
403.438429988
1.63756099995
407.351821988
7.06899599978
79.7124889976
353.01786499
7.28286899977
35.3220139989
454.694256986
131.840145996
11.2942749997
82.3097709974
866.080197974
226.691466993
0.0
213.021087994
44.1421999987
588.091640983
566.043634983
422.668628987
41.9068479987
367.415605989
0.0
25.6375889992
138.670028996
22.9937759993
276.968551992
3.3373949999
49.5667499985
122.662977996
218.947710993
79.1061199976
385.032409988
7.68256899978
121.822912996
198.883458994
129.154909996
144.956989996
1.17534099996
453.553384987
11.7866229996
587.347490982
3.77712799989
17.5121489995
186.994677994
133.486996996
0.435510999986
6.25061399981
1242.32808296
314.75700399
85.3460479975
0.0
218.102262993
227.576725993
5.56455999982
5.87812199982
45.8843429987
45.4413489986
52.2448409985
5.87812199982
5.9715159998
5.01558099985
117.158774996
506.822036985
3.8622939999
509.132367985
398.560944988
281.888661992
303.842781991
491.221802985
6.43308699979
2.49909599992
27.1447199992
1.47351999996
0.378163999988
1.89425899994
1.99019099994
41.7517039987
0.0
9.64601499972
131.407668996
45.1712229986
40.7197709988
5.71055999982
78.7268469977
102.408637997
4.91223799985
76.9301009977
48.0510269986
6.21046399982
36.3026409989
288.988942991
12.0869189996
238.335530993
5.07868199985
28.6601949991
4.45709399986
120.492803996
6.33879699979
42.2457779988
392.438705988
0.0
18.5447289995
45.0931509985
26.4113339992
0.0
3.64429399989
310.996319991
50.1815929984
537.674021984
1.05559299997
84.3772319973
570.520985983
769.309062977
123.184454996
1.80978099995
8.26659799975
1.43690099996
90.1140329974
2.28069099993
16.5543189995
58.6147299982
13.0233839996
16.0243089995
37.7832959989
159.778872995
31.3688609991
47.6951819984
138.354536996
26.9279559992
5.23301299985
213.924036994
20.5881119994
56.4707819983
142.159648996
11.8775559996
11.6369769997
0.671329999979
2.88008699991
7.15587499978
15.7292619995
67.4635829979
80.0120439976
10.4911669997
50.5675269985
17.3841079995
34.857624999
397.797758988
2.46235499993
53.4778029983
897.464185973
313.296801991
72.1752849978
0.0
2.26057799993
7.82047299975
11.7270909996
5.28994999984
55.2471659983
32.677530999
88.6485629974
0.0
699.781093979
34.490063999
386.824830989
4.30991999986
54.5928889983
202.727061994
170.816643995
0.0
4.61298599987
51.6010139983
6.43191399981
2.51849999992
4.02707499988
43.0530379987
4.38675599986
0.313748999991
7.71561099977
0.0
7.68510199979
10.4217699997
66.1820649981
93.4870759971
0.0
0.727948999979
102.774678997
17.6133729995
4.13670499986
122.782921996
24.8045349993
27.7469969992
0.925080999973
385.302039988
165.748538995
101.466824997
248.080953993
4.35788099988
354.358529989
13.4714249996
1.72328399995
72.5751399978
551.224876984
157.041773995
240.598120992
57.8585909982
374.784794989
0.291863999991
58.4810109981
0.640182999981
1274.67602996
1.92160999994
702.646553979
485.031373985
23.5283739993
55.8298869983
876.356980974
4.30594799987
197.059811994
286.248818991
1.38144199996
13.6874109996
9.30304999974
7.88200599976
275.838480992
49.4965949985
0.0
0.0
902.983482973
49.8901509985
70.2186289979
2.24092599993
3.67573699989
125.513072996
39.4763599988
365.364970989
154.445975995
21.6046239993
21.0634299994
65.7365719981
2.98106899991
201.254965994
12.7302299996
61.4978869982
171.904252995
254.673781992
139.093604996
1.16303799997
65.384238998
10.3904889997
8.85765999975
2.48989499993
2.61913399992
92.2748079972
92.3647119973
90.5738799971
8.05109399976
100.235456997
0.0
1.30831699996
5.86925099983
169.124039995
7.89261099975
204.563242994
24.4161019993
138.725438996
52.8434389985
0.606635999981
80.4875879976
21.3625179994
44.9786779986
0.120011999997
308.873430991
360.237665989
15.3718729996
3.91427199988
237.457686993
8.13329599975
85.4774269974
12.2133149996
0.0
0.0
729.578087978
6.6665979998
73.1921199979
172.218740995
19.2807579994
2.69474599992
8.68429699974
52.8794459983
3.04355699991
120.868058996
40.1471269988
1.16826899996
75.4580789975
0.262321999992
18.4617179995
252.273545992
141.111773996
70.0975839979
29.1819529991
1.87547799994
266.831542992
67.0478109981
433.006727987
106.099254997
0.0
6.64015399981
39.1038949989
229.500779993
3.54818299989
1.30256099996
14.7492689996
3.74604699989
217.716315993
3.80317999988
87.1381899974
61.1639439982
11.6215389996
8.29220799977
355.956782989
0.0
470.585722986
288.625921991
879.042112973
15.2778799996
2.46588499993
66.420242998
19.3737489994
84.9295599975
131.963722996
224.402540993
0.0
245.052646993
1.17168199996
30.1154339991
47.3430979986
74.9158259976
9.63681799971
131.602806996
938.416243972
19.3051469994
69.839397998
37.6884019989
21.5667259994
246.892653993
11.8555219996
425.460322987
38.8412279989
24.6719489993
163.475346995
23.3062379993
47.9274049985
8.86055399975
320.02402699
9.18335199973
2.65058799992
6.45185999981
164.491024995
236.177390993
22.3623789993
0.0
5.69508399984
91.6385339973
111.491654997
77.4877589977
0.658992999981
3.16072199991
62.0365579982
19.4801999994
96.7085259972
24.4217119993
40.9830059988
12.5628299996
16.5479019995
0.820443999974
0.789260999975
182.896595995
4.52825199986
160.455914995
113.446747996
24.8376769993
9.89650999969
4.68923199986
8.44146599974
1.33470199996
337.76326599
6.50388399982
126.649673996
44.6134979988
53.2849919985
323.14808199
6.68424199982
172.688761995
26.2043489992
0.0
431.401028987
123.545911996
465.675622986
0.746637999977
71.6593889979
4.13670499986
282.966692991
650.671407981
15.8451949995
56.6152159983
45.1935049986
64.3139759979
37.1776359989
86.9408329973
468.250879986
9.9169329997
531.360892984
1.40255299996
1.34498499996
7.04450499977
45.5118119987
6.30116899982
1.12599899997
2.65730299992
57.0669949981
12.4825099996
17.0613729995
1.55487899995
1.78175299995
22.7410619993
312.709297991
99.1661489971
56.5686669984
181.650205995
762.622532977
278.619107992
245.122822992
42.1919639986
24.0399479993
4.81033399986
370.649373989
75.6111069977
200.503192994
229.736418993
622.823351981
5.41298699984
0.863185999976
474.225525986
447.945372987
25.5603219992
7.03890999979
29.2110919991
10.8282569997
34.979635999
14.8289049996
0.0
12.8093549996
91.8576979972
145.214365996
175.450539995
324.00649899
29.4530499991
14.3293489996
560.444272983
0.880935999975
3.61619799989
0.299121999991
0.481410999987
59.1133499982
7.41725399979
532.259737984
469.226767986
1326.91244996
52.8311519983
386.973894988
47.5687739986
25.8982589992
45.0811699987
252.546243993
153.158472996
156.524858996
22.3341359993
4.81444499986
45.7097879987
1.75147299995
0.235050999993
5.86714899982
0.746154999977
4017.38109988
43.6372929987
34.037663999
0.0
328.39417199
31.0088179991
2.21414299993
91.7510819974
212.922501994
5.41466599985
510.081188985
388.634908988
198.611735994
9.9943679997
1.74072999995
35.054966999
2.90379399991
1.51716799995
10.3984319997
943.338574972
18.8632069994
177.050530995
2.65985899992
9.29510699972
163.639314995
137.891814996
10.9391319997
13.8123349996
187.862199994
8.05339399976
89.3501759973
11.2212059997
86.8566609974
1.04953399997
29.1667509991
153.276381995
7.80557299977
221.350114993
3.18899499991
825.841675975
249.114215993
799.840210976
10.0404939997
0.0
2.33785599993
20.7517259994
65.489758998
139.112234996
1.84297599994
31.2014599991
37.2055589989
0.0
61.2791679982
254.778622992
97.478234997
401.177489988
2.43744899993
224.111063993
1010.06603197
0.0
42.3465379987
29.2622179991
32.2968289991
49.4974939986
0.837738999977
419.053853987
316.790922991
70.9909709978
315.172733991
15.4486089995
312.244307991
1.34695299996
107.805676997
41.4856259988
14.4558409996
1802.74259895
16.6540869995
9.80390499972
0.0
8.62491499973
4.04322699988
142.527654996
17.4252039995
8.38219999975
86.9528779973
1.66374599995
3.85451099988
0.931599999972
1.73720199995
2.51779199992
159.442778995
2.41561899993
119.046281996
14.0808889996
4.35058599987
74.6538729978
0.297108999991
1.00803999997
3.04652199991
289.645634991
1.86876499995
137.963341996
92.5698259973
88.6820599974
7.87643599977
2.62497799992
649.55466198
380.579113989
324.68695599
0.0
192.869751994
1328.40027296
6.3218549998
324.39806199
163.799140995
362.675633989
20.1701279994
496.209757985
1.47250099996
3.3377099999
413.978294987
16.8461899995
4.69792599986
10.8628729997
33.2199139991
158.282259995
0.0
2.70644399992
0.689427999981
2.27360199993
339.94194999
89.1699489973
66.348107998
1.35706699996
13.5901689996
29.3290999991
2.10050199994
56.6315869983
1163.32137996
95.8369389971
61.2823349983
42.4390949987
17.6440739995
128.130049996
1.87239499994
1.43911599996
0.549075999984
82.5055809976
4.06847599989
7.68510199979
22.4494779993
2.31757099993
20.7251029994
261.356448992
186.658314995
109.480869997
368.368872989
100.851635997
571.818918983
129.038280996
47.6897909986
226.611834993
418.819311987
4.46079199987
27.1815729992
358.166966989
0.952640999973
237.327662993
36.1955189989
2.52558799992
0.235050999993
112.532833997
30.2359109991
2.72270099992
8.34464099974
11.5398119996
512.445357985
166.247056995
1.81585099994
1.37947099996
239.377505993
251.339892992
121.385444996
5.80573199983
70.7652339978
267.257878992
491.427139985
178.679122995
9.12127499975
0.0
358.765043989
5.34494799985
0.819629999976
688.276006979
362.144126989
296.415766991
658.82319998
79.3049409977
0.643750999982
9.18816299972
0.385982999988
9.60496199973
7.56318999977
294.672223991
89.5660069973
1.63704099995
27.8606389992
13.8399699996
197.524201994
27.7394809992
25.5320939992
52.0629879983
10.0466349997
62.722175998
2.29289999993
271.175294992
37.4950609988
22.7456099993
45.9045499986
572.807108983
336.89306199
37.4978409989
68.1485899979
395.212002988
466.419000986
1.54997399996
8.79373799974
85.5483119975
9.24973899971
269.470288992
48.8752009985
6.6242469998
0.520919999986
586.969692982
24.2888109993
5.03069599985
2.29023799993
177.116388995
2.79439999991
10.8977629997
0.621224999981
41.6102569987
381.131217989
3.96281299986
135.590138996
18.2110479995
47.6718879987
76.3477969977
15.8460179995
15.2432049995
0.0
0.0
192.343779994
37.6350169989
219.278472993
1481.88574396
290.298938991
13.7786899996
220.449664993
4.57453799986
519.220602984
10.1497069997
1.80748399995
431.882458987
213.761971993
335.45692699
5.66176399983
49.3522199985
538.366693984
452.107113987
489.319973986
528.473080984
256.654598992
490.143131986
209.593900994
440.492390987
209.576336994
1.18670299996
27.9250469992
4.11712199987
0.0
211.710094994
6.21340399981
103.030661997
63.0762749981
646.478498981
6.3437819998
47.1986039986
9.4128999997
92.0933749972
277.560649992
179.322871995
2.09036799994
1.45189699996
5.70987799983
342.95161399
255.047453992
0.0
10.6253049997
161.614347995
4.33356199987
110.782247997
11.9178079996
15.5126209995
2.36903999993
9.95311899969
6.6545809998
42.7175999987
86.1178769974
1.41072499996
8.44401599975
10.2281799997
2.40475499993
1005.36931597
639.818277981
20.7349209994
3.01671199991
19.1128519995
148.352864995
138.900795996
77.0359209977
95.9688309971
168.196804995
0.39889499999
450.567628986
482.154159985
31.8018289991
13.4529509996
277.363975992
12.9867749996
34.777966999
126.296005996
137.924105996
218.604916993
52.8501669985
492.587090985
44.4398919985
1.29837099996
14.1900779996
1.02031699997
24.6157649993
0.0753489999976
70.4887949979
0.0
343.77820299
14.6931989996
4.91338599985
33.496502999
80.5603649976
145.478322996
0.357680999989
402.383000988
5.78071799983
139.717948996
554.549075983
100.832258997
76.6623209977
24.2667469993
3.2974299999
9.33527599972
316.46576699
1.83489299994
48.9528079985
3.71919699989
68.8954929978
601.761591982
88.2482759973
4.00167699988
97.7302339971
119.643940996
0.99233099997
66.496468998
0.38032299999
10.7621249997
0.59735899998
1.97394399994
9.8158869997
194.017620994
0.663663999979
3.59397999988
0.387644999988
1.85295299995
50.3946839985
43.3606509987
0.0
220.782756993
99.9248109969
6.00247899982
14.5222909996
59.5609839982
13.6311789996
6.8370409998
56.1422519983
182.503058995
111.112844997
98.007949997
24.3845809993
9.6018399997
136.975452996
157.125176995
66.1613879982
0.0
81.2418659974
0.0
27.9055609992
13.5181489996
557.600549983
166.634127995
19.3390119994
48.1858809985
0.0
38.9815699988
178.015788995
73.3545229977
8.75293999975
165.462658995
142.930070996
143.472496996
2.83320399992
94.6996339971
52.6486059984
329.11273099
71.364354998
13.8404119996
155.588568995
0.0
19.1131929994
96.5361969971
112.227769997
192.993579994
109.002351997
55.4297109982
1.34857299996
34.408485999
611.319209982
267.009170992
6.49466699981
76.2118019977
261.229001992
941.773032971
25.8252899992
4.80291299985
9.32823199973
79.4734209976
23.9830979993
0.436685999987
106.560091997
6.77215799978
2.73871999992
46.2517569988
154.450105995
27.5598789992
0.0
156.097352995
2.28179799993
0.0
132.050872996
59.9784659982
454.809192986
396.330982988
53.0068339985
0.94406299997
2.09474899994
663.99812898
0.286500999991
6.61411799982
82.8049109975
1.29061499996
143.815736996
252.716078992
338.34292599
366.467740989
39.5177409988
1.24109899996
0.98260299997
154.978898995
537.769004984
8.68110499972
465.161747986
3.5132629999
118.789265996
74.0428549978
2.04949999994
48.4416309984
32.312218999
72.3651999978
1.68691799995
3.85173299988
95.7834759971
38.6093909988
5.83922299981
17.0404499995
129.226316996
171.543802995
61.504208998
59.8906789982
1.50787199996
5.96606499982
595.080260982
32.325833999
0.986947999971
11.2611589996
297.878911991
4.43976299986
398.932870988
0.433371999988
225.972398993
4.94352399986
0.782640999975
494.946226985
2.28302399993
84.6855269975
111.722549997
88.9460179974
4.21023099987
160.121400995
0.886533999974
4.49317099987
364.753996989
42.4440179988
1.43854899996
7.41968499979
950.659000971
1.07422999997
33.999386999
3.75638299988
6.89868699979
6.45246199979
21.4220919994
17.1099079995
856.678311974
2.70499399992
48.2745299987
632.990965981
284.037654992
5.34654499985
1.44365499996
0.534855999983
116.757894997
0.0
3.79987299989
0.0
5.33776999984
48.3531939984
21.5581949994
314.363491991
42.0340229987
4.46527999986
18.9478669994
561.428856983
2.26040099993
497.907286985
2.32102699993
3.66163499989
290.701313991
44.6615819985
54.8360169983
200.497398994
7.98922099977
32.352888999
25.9168149992
260.835152992
673.89912398
164.973444995
292.702265991
252.424832992
0.0885039999972
0.0
64.9082749981
625.929497981
371.001331989
1.54039299995
316.120476991
0.0
7.15515899979
37.3957999989
12.4968669996
589.611109982
144.184910996
2.11001799994
219.839852993
226.112751993
352.70815099
135.665490996
231.477591993
71.0581799978
827.662358975
0.0
240.237368993
59.9125439984
434.991464987
238.884212993
102.315858997
191.963364994
150.835587995
4.46629699987
6.01881299982
64.4990609981
54.9133269983
70.9363959979
6.06797299983
7.37931699978
46.3260619986
0.0
0.0
364.804851989
81.4263219975
0.617223999982
315.054114991
39.2419389988
41.1488029988
4.28832099987
2.18134099994
102.898641997
20.2778999994
195.305029994
8.63795499974
253.907757992
54.3808639984
0.0
3.82027599989
4.06792899989
41.7302289988
7.44144099977
0.64888399998
5.71654699984
32.979845999
187.491794994
23.4449339993
122.350827996
50.7078899984
8.76590199974
12.6287399996
92.2533699973
81.9451459976
31.711630999
43.0548609986
272.578691992
5.15542299984
173.405272995
233.113091993
42.5602449987
11.4233369996
277.470855992
376.506130989
38.6881859988
210.803248994
1.15437599997
595.089726982
31.8373829991
390.061853988
416.344018987
168.627748995
9.17796999973
8.76590199974
44.0725099985
0.621224999981
190.805492994
173.192572995
30.1276049991
0.0
5.60902899983
89.4070269976
21.4710109994
241.465963992
584.705718982
564.935106983
289.100358991
284.962833992
492.197627985
0.803446999977
33.436785999
39.1600709988
301.515499991
46.9530799986
141.528509996
660.12228498
14.4467169996
104.178516997
9.09851199974
84.9037809976
54.7208269984
3.1506669999
101.534905997
421.372822987
3.51537199989
309.147122991
20.4221449994
11.4512319996
190.968486994
1.27817699996
270.175150992
72.3828369979
475.009569985
661.07230598
1.88872399995
0.789111999978
0.0
0.34042599999
3.73708099989
100.347810997
196.377164994
99.826291997
46.8619529985
11.9408239996
0.0
0.0
864.743815974
0.385285999988
300.773533991
530.933670984
16.7376729995
20.9378979994
6.6568939998
75.2684989978
0.393812999988
18.5714129994
11.5611639997
47.9861089986
18.6393439994
361.518936989
51.8584449985
339.79414899
1.98782599994
16.7521109995
29.1410389991
351.843462989
5.83745599983
1.81452599994
8.11889399975
310.242779991
42.9910689988
23.9990759993
301.880765991
90.0123089973
4.63620199986
167.724954995
499.156008985
1730.19399995
1.41771399996
3674.18893189
697.350231979
11.1387129997
7.08454999978
1.83763699995
0.584096999982
351.300951989
70.9662209978
58.9784109983
0.0
91.6457919972
308.889618991
16.8060959995
43.1878179987
78.3051309976
250.916510992
1.98292099994
129.687475996
11.7348319996
0.0
4.79089199986
4.21918099987
47.8159459986
107.461583997
9.37528799973
75.9560509976
106.734464997
72.5128909978
163.298431995
10.5188079997
58.6318279983
0.245058999993
80.5185439976
23.5906779993
27.4644399992
674.15544998
38.9134819988
20.8245709994
42.4284899989
52.1272099985
64.5558469981
0.437130999987
0.0
1.30776799996
84.6073399975
1.12426699997
291.840240991
1.81360599995
1043.85429897
794.768477976
103.372018997
1.55487899995
0.437079999987
51.1605999985
55.7194259983
143.531841996
8.08251899974
4.06056299988
2.47764599993
5.19872099984
157.788487996
21.5864129993
1.78895599995
185.668827994
15.8579849995
181.566636995
42.2116629987
30.9544719991
55.2940009983
0.845602999976
7.21882699979
323.48851499
0.820443999974
12.3681389996
12.7267069996
81.6356269976
25.4774639992
26.5887409992
3.73062499989
671.92459698
133.335682996
299.309806991
231.757004993
125.182988996
90.0173069976
180.058299994
60.5273289981
39.8470039988
4.04462499988
250.374647992
18.6911759994
28.0112429992
47.5839909986
194.018370994
0.789868999975
378.261092989
7.43667799977
40.0556489988
336.05382399
7.13509499979
0.777220999978
34.7175469989
15.0334489996
22.5408999993
226.653392993
576.211612983
5.37383399984
409.279909988
269.064138992
324.81716299
944.201305972
149.233985996
0.0
15.2584589995
459.681040986
111.989893997
0.209977999994
1010.75492497
0.402900999987
716.521981979
77.9102579975
0.245543999993
4.76913999987
1.27549999996
11.2732619997
31.1886979991
143.340721996
561.757463983
716.741059978
2.72317799992
5.49035799984
207.084384994
87.9753699974
534.153875984
69.6026039979
155.111381995
96.583776997
0.0
175.438022995
7.75660899977
116.489026997
327.26044699
37.8383319988
5.00996499985
0.681399999978
157.799291995
36.3361929989
9.32114199973
0.0
1.23633199996
9.85544799971
1.72675299995
6.15190099982
198.238212994
20.9713729994
0.411262999988
1.54776699995
21.7061269993
271.076812992
75.3167289977
5.09024199983
0.192446999994
63.7140139981
195.918901994
1.68020999995
12.2073609996
25.0096959992
10.5729889997
10.3761479997
3.3998579999
38.4984529988
16.9865379995
191.856688994
1.11009799997
140.255775996
62.5849589982
22.8516079993
16.1142139995
3.80242899988
0.0
304.344665991
238.604735993
136.929612996
112.953859997
691.371180979
3.04652199991
457.239642986
1.05426399997
88.9216609974
243.135626993
274.643974992
68.382044998
0.0
250.954597992
89.7806749974
1.02455099997
307.032296991
145.554919996
1.07655799997
4.77886299987
60.4429539983
8.71724099974
4.08434799988
163.916902995
1.20975099997
2.77488899992
73.7817179978
510.341883985
102.082535997
10.2850629997
40.4075589988
161.600970995
49.3395439985
249.948378992
1098.71965997
17.6432069995
5.03100999984
29.2174729991
74.2684159978
443.819011987
705.244958979
684.75598198
437.859633987
59.0322999981
5.31484599983
51.6411639984
145.098505996
98.3398169971
116.126980997
353.046822989
0.0
7.49675999977
0.249157999993
60.1387939983
55.4757009983
0.0
7.75382499975
9.65931099969
324.62872199
296.128189991
56.9472109983
72.2110629978
359.952362989
117.059240997
0.170348999995
491.936781985
21.2356869994
96.5220719971
15.9564639995
1484.66463396
269.771358992
0.0
621.228108981
485.258051986
7.2314359998
1.49252599996
2.01519899994
16.0892259995
5.20359399985
87.8459329974
90.8225429973
4.46419199986
7.46479499977
10.3530449997
16.1696439995
230.732093993
5.97049599984
25.7909319992
246.765976992
45.6419089986
15.0095939995
4.30856899987
62.6104449981
60.7741709982
63.785652998
18.6935939994
118.561851996
0.874521999973
327.00558799
22.2239019993
39.2112089988
25.3815789992
29.3265589991
18.1590379995
2.48825199993
7.45595199978
5.22172799985
39.9850929988
6.71145299978
128.893232996
4.89596299986
49.5081059986
11.2422799997
230.894733993
281.563442992
717.273682979
28.1837059992
481.495886986
170.927359995
203.321832994
109.111381997
340.34828899
5.89255299983
252.867149992
236.057794993
0.0
39.4451859988
1.30069699996
0.0
4.54651599986
212.281966994
144.074119996
251.810441992
2.54527399992
148.814942995
186.541939994
67.109441998
11.2322829997
676.07427898
2.52263999992
651.72011798
8.31503199975
3.74987699989
75.9673169977
56.2988819983
465.945075986
485.830711986
1196.48689396
1441.01973096
122.912841996
0.574418999982
35.8088299989
440.411388987
374.984838989
0.297108999991
113.620562997
3.6214229999
220.226851993
4.96843099985
418.240900987
440.686740987
47.8754579986
0.0
0.606352999982
44.9015619987
5.18601899985
114.630436997
7.17873999978
228.686303993
209.409052994
13.6073629996
34.285647999
2.38189499993
22.1441169993
48.7450819987
150.906560995
4.87050399985
0.0648369999981
529.020085984
89.6357809974
135.937861996
170.574867995
21.2497039994
625.481406981
94.6264759971
23.0465099993
3.85495799988
9.39337099971
92.2035599972
427.474318987
11.4183219997
56.4892229983
4.27464699987
3.90410699988
247.018550993
4.76944899986
34.8023889989
225.510521993
35.2964329989
268.199949992
405.538773988
15.9616719995
3.90620799989
1.08344299997
0.0
363.296055989
46.5237349986
8.77180999974
7.0927429998
53.2694519984
293.218168991
212.673291994
0.815792999977
3.60316899989
357.266791989
521.587653984
5.09526299985
2.50093099992
54.3178499984
591.041908982
21.5163269994
0.0
16.1925919995
8.45489199975
3.07040499991
1673.97049595
35.3191009989
10.4542449997
309.167870991
528.713254984
81.5420489974
82.5470769977
5.49618699983
28.0216349991
153.979461995
1.27328799996
80.3612119976
0.109376999997
554.095254983
7.26881799978
90.3124449972
0.0
226.225282993
745.006736978
432.983828987
1.13894899996
0.345214999989
10.5193079997
0.905806999972
1.16257699996
29.5413329991
341.60637599
972.210184971
2.44938499992
510.062719985
84.6440909975
109.900940997
102.529485997
348.78138299
471.732436986
6.65557999979
20.6053089994
26.3499839992
9.70452399968
0.0
69.1279179979
50.7132549986
0.543068999983
244.342273992
5.18587499985
250.507979993
95.3481949973
70.952923998
2.90163899991
64.3960519981
40.0275639989
2.07554199994
356.400039989
497.137188985
13.4203129996
0.0
124.962804996
390.626726988
238.009543993
463.977153986
231.395058993
326.94685799
117.510105996
310.379990991
210.856247994
413.926210987
184.891264994
18.4967819994
187.674647994
59.0270839983
41.7627549987
35.1424599989
93.8175029973
491.541153985
69.171857998
135.359111996
144.112721995
214.517023994
374.405555989
259.362281992
112.771044997
1.92049499994
0.0
208.086231994
351.077938989
0.746574999976
56.7142539983
77.0569719975
3.3026209999
7.76913599977
119.584845996
40.1191619988
499.358144985
34.798308999
36.6902579989
51.6395419983
47.1398119986
249.815375992
16.9299009995
60.5732359982
5.76470899983
292.156132991
27.6242359992
588.712027983
37.3481509989
184.743046995
10.6505379997
26.8768759992
55.9267599983
12.7921979996
62.7134159981
101.116861997
1.68015199995
5.47832999984
217.286242993
2.23773899993
48.7912429985
146.676186996
0.61810899998
176.882012995
409.154644988
62.0338479982
578.721257983
39.9603379988
61.4448719981
43.3090599987
145.179470996
5.02829499985
467.843757986
473.197292986
6.09947899981
8.69890199973
22.5180409993
19.0662269994
0.0
66.7208969978
41.4995179989
302.828873991
40.7105179987
305.66855499
357.339837989
438.894063987
1.19545899996
300.186046991
1.11909799997
2.66908599992
371.840877989
5.28049599985
9.8760209997
0.0
479.437227986
14.6454959996
0.839187999975
4.16974299987
1.93348999994
66.9416949981
0.747851999976
22.3758809993
3.84815599988
264.845305992
1.57275899995
5.76426399982
7.14067599979
0.833955999974
13.4983859996
29.1673439991
0.351018999989
106.139390997
176.527836995
59.3213109982
42.5211479988
40.4937949988
95.701865997
63.1667449981
705.028998979
29.6231869991
1.84538599994
43.2819239989
44.1467799986
399.746814988
17.8334079995
2.16326399994
1.70485399995
0.746637999977
138.338587996
46.5077249985
82.4968289975
57.5776259982
79.6430639975
23.8859909993
52.8527009984
66.7090469979
95.3915239972
43.9659679987
20.6696109994
68.0291519978
78.0644459977
150.217932996
100.366439997
9.29333099972
359.867277989
2.06448599994
0.378163999988
70.4663509979
0.765605999978
359.501005989
44.4351569987
62.5919389981
35.102061999
493.249337985
578.563822983
4.93452499985
16.8889439995
513.077038985
1.23100899996
97.4817539972
230.546094993
9.19322899971
80.5377579976
18.1014379994
0.758049999976
1.68687599995
27.6797299992
1.05559299997
0.897229999972
0.0
24.9550819992
43.8955899987
406.118083988
35.1935799989
0.0
787.601537976
2.73722999992
37.2341119989
20.7769389994
2.21828899993
4.13491399987
544.473654984
3.76966099989
189.671034994
58.6492609981
203.855558994
454.363719986
80.9223739976
21.6338259994
64.998497998
0.0
569.449857983
184.050215995
379.827770989
41.8836629987
0.0
36.1166619989
2.01298299994
0.0
168.914732995
156.739600995
4.04708399987
10.9768989997
23.0327469993
3.03571399991
1.27426399996
550.824051984
44.8864429986
250.735435992
56.6466839983
203.187742994
173.214775995
32.562127999
8.26456099974
7.84529199977
67.915590998
2.65411499992
162.766323995
16.8122089995
10.8859029997
2162.26818994
0.0
8.59664499974
77.9110219976
0.409208999989
1.32386299996
49.3551359985
0.0
11.0434579997
272.601947992
247.650459993
316.790632991
275.699411991
78.7345709977
26.5051729992
133.534976996
12.2914569996
541.365374984
184.401043995
3.96281299986
5.46368999983
175.521757995
79.1121359976
111.422221997
150.836916995
91.6060339973
4.12935499988
47.6322929986
318.916581991
77.3835309977
6.6032629998
751.779343977
961.989647972
594.437345982
0.0
0.67681799998
6.22880699981
1.28685199996
98.3010879971
212.259762994
6.65571399981
50.1384299985
941.542050972
250.038848993
58.7895129983
190.574508994
4.45219999986
68.7579589979
12.2117849996
8.60101899974
5.74153499983
25.9633639992
46.3271859986
91.4669849971
49.6921879985
261.557554992
201.951987994
155.404738995
2.92735399991
162.190864995
7.75541899976
0.0
227.914492993
292.798890991
1.74887899995
4.15012499988
22.0517889993
1.88408899994
865.949218974
110.627681997
86.3306679974
5.17780899986
353.638151989
0.0
12.2123459996
109.120548997
3.96053699988
113.402452996
25.9500749992
360.830890989
2.06097499994
0.120496999996
94.1368589972
120.989446996
109.070442997
0.375450999989
140.466845996
132.903263996
14.6305579996
9.08401899974
65.433688998
5.07293299985
84.8651309974
759.695377977
4.86194599984
111.164352997
10.4432719997
4.36067699987
198.490112994
0.311426999991
179.694598995
206.048855994
1.00444299997
58.5113039982
7.47492999978
3.57286799989
51.5784859985
541.318854984
203.498310994
25.5994219993
355.934988989
152.958614995
50.0656399983
337.22757699
63.3358989981
42.5833909988
1538.60884395
295.667027991
28.0860329992
2.20321799994
313.600257991
502.674301985
22.2722379993
8.28756799973
7.54428799978
2.38748299993
379.830511989
22.2227449993
406.063813988
111.732640997
45.7858829986
2.17026499994
504.699198985
478.486513986
0.855288999975
2.16051599993
2162.35427594
251.742260992
96.6054319971
1.13351899997
17.9913619995
0.0
388.229703988
85.7484299974
16.2366099995
72.1345519979
5.67170899983
121.632872996
148.677954996
13.4362529996
0.0
129.549278996
3.6024229999
851.509112975
11.7539549997
384.441043988
0.734300999978
31.5107329991
257.525762992
76.4466979979
531.085763984
0.0
448.477777986
16.6109649995
7.40488799979
124.750779996
54.8220289983
180.751219995
390.763220988
1.71934799995
15.2837469995
4.70456999986
82.8527129975
0.0
1.97975999994
62.8482029981
4.42772499987
132.866706996
55.5763869982
1.51772899995
109.550673997
0.0
2.16863699994
164.341496995
3.70495099989
42.3117079987
20.8757129994
120.199754996
0.0
1206.06799496
546.077336983
3.88803599988
5.06783299986
249.373972992
61.1640729981
723.878851978
6.15968699981
43.7102389987
4.20160099987
0.481483999985
5.14674199984
9.60402199972
238.092489993
19.3208059994
12.6533679996
59.2533919982
81.6387509976
27.5348949992
85.4785989975
0.0
10.7085499997
26.4551319992
15.5641009995
2.96764899991
491.691971985
4.94043199986
610.794039982
381.217018989
239.266541993
28.4405149991
278.262077992
3.54716599989
3.64070299989
0.455325999987
301.510621991
164.575552995
100.906891997
0.645218999982
326.91222099
0.70522699998
16.6467749995
50.4202789985
6.83559799979
46.1219029986
62.6084329981
274.883051992
0.0
373.916620989
42.0393289987
143.155121996
2.83039499991
146.102680996
16.6566209995
14.5970119995
278.306231992
140.288108996
58.7604539983
6.8305099998
1.13594499997
107.532562997
1.04726899997
0.0
186.914844994
1.96297199994
18.8100069994
31.553315999
488.838023985
100.463523997
36.0710449989
365.284768989
583.190464983
20.5426089994
193.156082994
4.20839899988
0.0
2.64165099992
10.7533789997
7.80494599977
168.024673995
0.0702089999981
158.461247995
0.0
278.977332991
0.0
306.381181991
440.678642987
3884.14382688
51.5207079984
301.534691991
50.8750789984
23.2065979993
4.46346799987
0.897600999975
146.484451996
285.015541991
529.106022984
200.102507994
716.962250978
7.21818399978
22.2451989993
136.537825996
47.3924509986
9.56321399971
186.467529994
3.91575799988
33.048266999
12.9576309996
134.880310996
29.1472659991
51.5533169986
57.3242729983
29.8947319991
50.5197169986
0.0
76.8711999976
10.5073889997
80.8027169976
130.134064996
7.81052899978
2.34474699993
4.15341099988
57.0071989983
113.320286997
142.606849996
20.3453039994
55.7755529983
0.0
60.2198439983
60.7845249982
493.489607985
3.95815699986
543.952092984
0.116714999997
1.25055199996
29.6083809991
112.884283997
4.37016999987
7.69214999978
547.310302983
95.961728997
56.8594569981
8.86910799976
1.62136099995
21.7251749994
127.243584996
50.3794389985
280.161498992
102.453802997
336.67425799
30.2761809991
1.88068899994
32.632989999
152.651067996
68.652897998
84.7548999974
248.819055993
3.90410699988
94.234609997
1.51602099995
3.3050899999
33.542644999
25.6791949992
131.795095996
0.0
5.71771999983
1.68843699995
1.74997099995
1.89907999994
0.0
0.0
74.2554699978
2.92432699991
0.0
44.1895589987
97.1263539971
813.167872976
8.79515899974
113.324444997
84.5219239975
2.54787799992
96.9399189971
3.2775289999
683.976279979
57.0795129981
293.138986991
53.5146719983
156.126940995
184.854161994
261.040134992
109.551032997
130.770207996
178.438592995
7.78955199977
0.736235999977
65.323129998
444.224981987
138.681047996
127.866995996
0.447764999986
12.3988719996
424.274166987
516.897380984
924.762276972
3.77561999989
148.723906996
41.4041079988
36.2317319989
75.6805339977
19.0965579994
0.0
62.5179269982
248.757995993
88.8982719972
14.1075579996
183.741012994
51.9644369985
140.417099996
2.10115899994
9.55716899973
44.4152999988
3.3301489999
10.5415449997
2.02724499994
45.7951509986
0.708083999978
415.812112987
236.704528993
32.280439999
30.3169269991
43.8701099987
3.3472759999
1.33348699996
936.948192972
32.760920999
2.77159999992
2.38188099993
15.0235789996
57.1847019983
83.0409759975
10.1346759997
1.38841999996
1550.37654695
0.0
14.3825739996
111.292080997
305.445779991
26.7543139992
17.2928569995
2.08173199994
0.252138999993
414.593100988
2.40325999993
22.0133439994
378.378509989
43.6681159987
4.70331799986
382.972528988
71.7229959979
0.521074999984
266.199778992
9.38132199971
0.0
359.455037989
4.48400299987
56.1015419983
11.4999849997
67.1632159981
43.6685219987
77.8433339977
27.0796529992
69.1600429979
7.10559599979
1186.75488496
443.045302987
9.19634999973
1.33162499996
1.61504599995
1.05533299997
337.80365499
49.5889539984
1.03498599997
94.9480709972
328.91242099
3.3468379999
12.9831829996
75.1372379977
318.82894599
15.6886589995
1.96119399994
2.40075699993
151.235273995
1.07273099997
0.0
174.426608995
122.783311996
15.5558429995
62.035428998
19.2954299994
198.979754994
150.311280995
4.20779699987
122.446847996
1.34545099996
266.700033992
5.70427499983
508.059094985
12.2384839996
14.4441699995
0.0429399999987
61.2400269982
0.0
89.9052559975
364.672168989
30.6837319991
0.819235999976
2.43317399993
5.76248999983
26.0456739992
29.9524969991
42.1097029987
21.1982549993
6.65726199979
74.4732219978
147.049220996
228.422163993
0.34811399999
0.358472999989
202.083096994
615.949576982
132.087132996
44.5695129987
283.185648992
0.0
16.2451409995
294.659514991
121.688089996
1.30489999996
2.10873799994
45.1256179987
1.17508199996
42.5357829988
0.0
50.2689209985
0.0
62.008034998
3.4352899999
65.539723998
47.7108489986
27.4323929992
9.3737179997
482.301434985
9.8312679997
113.210040997
174.538047995
410.561834988
345.85681599
72.2932689977
531.705601984
841.633836975
5.82829099983
1.18164199996
3.00607799991
185.171550994
29.2340859991
0.0
39.7824549988
359.537310989
3.75158599989
4.99133699983
2.62897999992
331.42125799
3.2204909999
206.625789994
127.642779996
154.437496995
6.88729499979
124.914948996
272.024547992
14.7230929995
828.702723975
4.24200899986
2.84391199992
47.5990669984
15.2395609995
124.198736996
28.2735779992
301.051846991
638.113892981
5.31945999984
216.439087993
0.401800999989
49.3616009985
1.04404999997
6.96020099978
32.348813999
6.07191699982
114.413931997
23.5809039993
3.09187999991
2.07102999994
551.775338984
10.4987049997
0.0
1.57801099995
537.323829984
23.4928139993
55.5215019985
195.147449994
362.832925989
1.33779399996
87.2417069974
86.4942069974
11.0487919997
39.0511459988
8.88580599972
12.8186109996
822.493252975
41.0455429989
9.9380429997
3.74574099989
5.77080099982
166.390619995
30.1646359991
1.36925299996
27.6636959992
4.20071899987
11.7152809996
41.1963249988
5.68694399983
24.6422669993
100.176936997
169.557963995
3.17816499991
297.459444991
4.20234599988
510.876728985
14.7469109996
0.172540999995
3.1864989999
20.9286569994
23.9364979993
45.5480659988
11.9033509996
412.723642988
10.5741669997
364.208987989
498.535828985
63.050646998
15.1884789995
269.635611992
43.1389489987
545.545053984
146.058733995
3.1725909999
38.1076849989
182.564328995
81.4930459975
76.4398239977
7.19564699979
41.1574679988
339.57455099
129.124881996
0.0
7.08806199979
0.798161999977
57.1870539983
5.55416399983
4.23262999987
36.5586959989
28.1981169991
1097.69210697
1.31899099996
187.776130994
228.975258993
0.368264999987
0.956703999971
5.67342699983
378.387965989
6.04996999982
146.559703996
301.122601991
1.09381999997
173.886162995
13.1786349996
268.005815992
2.48173399992
3.3358999999
89.0931349972
7.4267949998
22.6470589993
103.623812997
57.4177769983
150.994175995
0.0
10.6316709997
13.4886529996
69.7530259979
3.02610499991
82.6471599975
2.03838099994
20.7723719994
148.985719996
0.750617999976
29.8449709991
67.606246998
111.261058997
0.0
315.441169991
180.409343995
2.51553399993
3.3050899999
6.84597799978
9.58127899972
15.8245849995
521.377956984
47.3357519986
1085.66993397
9.40211699971
16.9304069995
6.43246499979
47.0921789987
134.485200996
1443.49917796
3.17935699991
165.063186995
40.4792489988
705.637863979
654.422021981
1.90493099994
2.95679799991
17.7052059995
37.4557289989
3.84928299989
0.0
6.7630529998
139.012901996
23.5893029993
1.01860899997
2.56822399992
468.415263986
21.3965789993
2.04796399994
87.3190829974
58.1792009983
1.13833799997
69.0624169979
68.7935639978
287.177191991
4.82009099986
2.14469999994
1.96217199994
22.6271419993
154.209536995
338.01471699
107.052828997
39.8069499988
30.8502709991
186.591155994
9.17485199973
144.221505996
153.059154995
0.0
122.439709996
375.391239989
190.279441994
196.153354994
2.86749899991
15.0401129995
165.051003995
110.300123997
27.3018389992
13.1278429996
1.98221199994
4.90775499985
91.3715149971
259.273236992
25.6318739992
45.9366559986
355.922569989
144.878103996
57.8110409983
358.333986989
136.186633996
8.15811399975
1.35583699996
383.888373989
0.71142899998
5.50603999983
44.7987519986
416.260937988
0.0
41.1640219987
1.53363199996
57.2985529982
393.856848988
19.3109309994
9.76363899971
301.963159991
37.6741979989
494.616768985
4.03298299987
9.49772699971
8.24050199975
51.5439269984
4.21942099987
4.46629699987
103.293859997
102.601761997
4.62195499986
438.276064987
2.43369399993
459.116825986
298.036704991
3.72125599989
499.629717985
469.084194986
153.300366995
2.52678499992
28.9227419991
21.1926919993
42.2692509986
162.687783995
0.847857999974
46.3189869986
78.4705769976
4.42289199988
2.20643899994
72.6499869978
65.837480998
6.09527699981
11.2394159997
1.68834299995
978.877918971
45.4054909985
17.0850759995
50.1351469985
35.9402319989
43.7592549987
6.87269599981
0.816442999976
23.7312389993
107.109417997
58.0408289981
208.541271994
4.63460199986
0.495271999984
323.71142999
9.9118389997
10.9482259997
3.88216599988
0.125968999996
1.66077899995
47.5300069986
2.74296899992
126.116184996
23.9210319993
1075.78825197
308.067854991
5.42638099984
1.76901999995
625.741744981
637.514796981
48.5085819987
10.9828789997
204.620912994
2.30574499993
10.7949399997
537.263553984
26.6798559992
56.5678989982
395.235697988
627.311580981
591.272447982
1.23665399996
0.396833999988
7.19256299978
33.292497999
1.65453599995
10.7922389997
43.3059879988
331.33076599
234.180851993
103.774846997
20.4331389994
5.07317199984
2.74115399992
17.7616019995
68.331529998
174.627401995
78.6991729978
0.389676999988
2.72450199992
92.8547489972
2.75016499992
18.8870709994
312.237011991
15.5013759995
16.9576319995
43.9155869987
0.134597999996
3.5545319999
1588.25503795
282.014555992
237.610770993
40.8369159988
36.4026359989
154.857740995
21.4302679994
0.972610999971
465.682144986
1.34653299996
47.0381979986
145.106273996
279.382744992
248.719311993
53.7354149983
0.0
27.9339099991
19.4231839994
0.0
38.8021209987
34.135457999
12.9285949996
210.605306994
17.9898979995
483.436420985
12.0197449996
1.94609799994
47.3026199986
76.3959839977
936.665875972
232.057307993
57.7628749982
66.429083998
39.2845169989
137.497879996
576.472438983
44.0211219987
24.8581599992
6.29535799982
1.41743899996
105.386445997
0.905447999974
138.513358996
17.1904139995
26.1159119993
0.874552999972
0.0
455.861705986
0.791190999975
191.906698994
232.958622993
0.460785999986
0.642963999981
462.837932986
17.2141249995
9.50344899971
4.09943399987
20.3761119994
45.7200889987
269.179417992
13.1337559996
14.5724789996
5.63127899983
25.9692989992
20.2883509994
130.585186996
150.525115996
2.02460699994
6.48034599981
0.659314999982
535.970999984
283.189743992
2.57836199992
16.9285819995
0.0
1.38535399996
7.30600099977
177.077566995
0.0
8.73772899972
78.8524849976
19.6176619994
43.3511539987
0.33965799999
2.51159599992
48.0419289986
174.407899995
0.0
0.749182999976
269.598586992
6.8777079998
14.6427169995
579.736039983
1.98175599994
66.729746998
49.4532219983
77.3716929977
79.6175889976
12.6445599996
2.32747999993
4.25464299988
666.83194198
80.5658309975
371.376464989
1049.67721597
18.5643749994
183.702715995
183.592207995
4.56535999986
0.297108999991
479.288723986
1.35578699996
0.345214999989
47.9052159985
11.0464159997
25.7865259992
279.791865991
8.15034899977
117.273687996
73.0255059979
200.781808994
55.3449149982
308.173450991
54.5374389984
234.766492993
713.137383979
36.1862769989
7.67780299977
82.3592409975
49.6949709986
453.696908986
287.452770991
29.1807929991
72.457319998
128.306708996
22.8657559993
1.81357199995
0.914127999974
390.210682988
0.0
0.435510999986
91.7884889972
1.18193099997
44.7177959987
0.0
990.42250897
65.6970699981
199.516162994
2.18226899993
298.021462991
6.7348719998
70.220068998
68.5360269978
261.761496992
9.11124399973
1.39267899996
65.176492998
0.573400999984
12.0891839996
163.799346995
9.94205799972
6.30123499982
12.4157979996
0.435705999988
0.254645999992
0.0
0.65021899998
95.1872129971
0.0
95.1393019971
210.741503993
25.7126409992
9.54151999972
20.0964959994
134.113963996
44.8109039987
10.5677599997
10.8261679997
147.307792996
112.559582997
699.747801979
78.9180289977
23.7703189993
12.9333059996
52.7362909983
4.90280199987
351.33433099
157.092466995
70.6784269977
2.58731999992
0.0
1.45896099996
181.963000995
20.6018039994
36.8929889989
153.808147995
190.731585994
320.95479199
20.3232219994
158.023625995
31.5605749991
3.8137289999
722.751317978
506.768181985
5.70633999983
23.2356239993
184.661578995
13.5144379996
50.8418559985
0.0
64.4388869981
36.5142779989
0.718691999979
29.3741759991
298.315285991
41.5770229988
500.137529985
6.21197399982
495.098112985
177.850379995
134.600766996
1.91474399994
42.5137179988
60.5635049981
85.5526699973
210.987237994
0.913199999974
0.0
4.07214799988
33.309616999
52.1595289985
38.5938349989
6.26103399981
204.318322994
0.687396999979
53.3547359985
386.773586988
5.22285399984
39.2034499988
11.8081839996
37.5805339989
212.253148994
122.738480996
38.4531619988
1.67826499995
454.832532986
204.823623994
3.75911099989
0.0
120.803719996
53.4787739983
43.6133599987
2.09370599994
29.5661509991
0.819872999974
1.12457799997
1.30776799996
3.19890799991
835.673002975
402.421236988
20.2162229994
1.24109899996
53.6684609984
344.86102999
9.6243079997
436.245871987
1.42135099996
880.999405973
125.436333996
41.4958829989
271.679504992
21.7255549994
64.996993998
0.532390999984
137.351988996
447.436809987
105.270737997
1.07739199997
37.4164049989
1.98331899994
2.74158099991
2.71016099992
1.60263199995
23.1295779993
73.4794829979
12.9391989996
42.8416829987
4.98534799986
3.91815899989
24.5742099993
525.223036984
5.26978399984
406.267785988
11.8103099997
44.9737479987
238.393561993
0.0542969999984
3.92667699988
273.106476992
155.925231995
19.5251049994
2.50948399992
46.7217749985
95.7994389971
0.0
171.511743995
53.8582359984
159.933758995
57.1220019982
0.122580999996
324.86384799
191.573001994
46.3222079986
1.73845599995
11.4333009997
17.7226639995
3.2070849999
106.405853997
325.40451199
378.910430989
133.655603996
0.594106999984
540.791804984
2.12031699993
98.5330019971
6.65753599981
670.91985598
4.77886299987
8.31642599975
102.141511997
23.2552149993
111.531810997
0.400625999988
115.043462997
643.219957981
17.4661209995
207.097867994
275.758347992
19.1376439994
39.4872169988
9.96091999971
225.495234993
4.94961299985
4.64537499986
51.2169809984
0.565385999983
11.9923469997
114.710247997
173.942204995
21.6444239993
11.4331119997
11.4512319996
0.209705999994
24.5868229992
257.281577992
129.887939996
180.839653994
377.515939988
286.636875991
101.752620997
4.33434899987
203.931916994
6.62362499982
4.60657699987
2.89026399991
114.667175997
55.6191869983
4.42863299986
450.746431986
7.68144899977
165.778992995
1.27417899996
3.2637859999
1.13894899996
0.871021999973
105.812348997
0.846206999973
856.141636974
528.255919984
61.6773629982
119.631601996
974.956678971
28.4857959991
469.379080986
192.841803994
101.176965997
42.1049879987
44.3640579987
7.36853999977
3.2435729999
7.70684599978
3.3507379999
291.923652991
7.63613099977
0.0
0.0
175.239385995
228.482022993
298.822599991
3.85170599988
165.442376995
5.41142799983
296.223827991
618.235373982
21.5207149994
32.544678999
29.2544169991
169.650642995
0.0
22.9846309993
158.245148995
0.0
26.5544709992
1.63094599995
149.888279995
38.8256459988
2.23435199993
73.5602529978
288.057544991
829.601832975
258.769145993
0.0
42.9901809987
0.307333999991
53.4835619983
2.90095399991
314.29926299
362.160119989
128.696183996
0.0
2.40080299993
100.773056997
1.13489699997
1.08283899997
34.738136999
74.8960999977
417.585954987
80.4300229974
79.9285139976
9.00654599973
221.102255993
64.040593998
9.45384199971
713.578230978
0.0
136.497069996
51.3353419984
0.306130999991
407.479446988
230.832303993
4.24960399987
1.32386299996
14.8780609996
404.339714988
1.75944399995
5.04508299984
0.0
263.045997992
11.8074179996
565.742666983
2.97159999991
8.97262799973
0.116714999997
296.751582991
56.9906699983
340.149023989
152.502538996
86.2614089973
250.015245993
301.745401991
96.6358949973
19.3648449994
76.9011919976
40.1556119989
18.3764139994
295.427594991
149.275214996
58.9881379982
0.0
3.07152599991
97.3511169972
79.5876899976
10.2211919997
1.59221799995
11.8313179997
47.8999169985
73.4672669977
1.59221799995
19.5142989994
7.71081099977
5.03100999984
626.405092981
530.372487984
2.12359699994
183.282932995
150.250199996
106.939889997
45.7798579988
231.308397993
231.242190993
4.26841899987
10.8863499997
70.6605639979
600.098565982
73.9082919978
52.3875149984
21.1641459994
123.261362996
2.51167299992
0.0
10.0104149997
18.0703699995
8.69974399974
316.385279991
2840.61233091
1443.20928396
677.814371979
115.727915997
151.170616995
53.0838119984
17.6497089995
0.0455419999988
123.273375996
262.425670992
2.67959399992
690.341205979
191.024611994
311.890907991
0.552024999985
769.846983977
32.051187999
5.23406299984
20.6370229994
5.00067399985
0.0
233.257965993
273.762877992
51.8508689986
2.38951399993
373.060323989
116.214636997
17.1165649995
97.426763997
72.9011349978
0.854139999975
2.82676799992
53.0042129986
38.7357279989
232.013751993
0.572724999984
13.2249939996
195.369530994
2526.35199192
121.778886996
416.854470988
344.44402299
257.844474992
5.20615299983
198.883457994
88.7680899973
5.04426799985
40.8726509988
104.379215997
8.33988199976
101.982739997
7.97954599977
3.70149499989
0.931314999972
13.2893539996
0.0
15.8045759995
380.488475989
150.307503996
20.9623289994
280.106764992
11.4052459997
15.7633409995
41.7037439987
144.333234996
91.4053179973
5.05519499985
0.967738999971
138.716197996
14.8420319996
38.7159299989
1.27390799996
14.6411749996
6.80118099978
46.2170929986
6.22337899981
158.901494995
50.8854359985
113.139714997
139.061979996
378.286164989
376.159373989
13.5614749996
60.3218429982
42.7485009987
0.0
751.151519978
29.1334849991
345.697192989
171.730409995
25.5772719992
67.482475998
100.200216997
10.0823469997
187.725141994
37.7182879989
243.097597993
214.432792994
5.95630599982
242.538045993
0.312637999991
51.3691779984
16.1994629995
485.059038985
0.0
536.162694984
536.892778984
5.95313899982
301.970161991
205.025034994
361.416009989
225.746609993
263.226356992
7.61076499978
1.48936499996
5.61030099983
25.9128539993
622.422748982
639.587072981
101.082428997
70.2371269981
0.0
123.323465996
242.151108993
88.4095379972
0.474697999985
3.50493599989
50.1238199985
47.4149779984
1.27326199996
438.960518987
183.575157994
163.636533995
19.2877379994
2.98979399991
0.892116999974
9.65124699971
159.909687995
338.83413599
26.8333849992
3.19467299991
50.1153409985
64.4716829981
155.492378995
49.8856699985
53.9124569985
70.8478579977
5.66017899983
48.4442459984
500.061863985
0.0
5.66006499983
7.78046399979
157.539288995
388.997729988
143.627172996
218.933482993
1287.34250896
86.4129119974
446.971364986
0.0
93.9824559973
109.619929997
114.202223996
16.7650859995
407.356700988
24.7687919993
37.9340069988
274.959976992
32.840903999
452.404612987
541.949818984
292.083560991
527.016674984
561.306822983
315.365862991
63.7205409979
1221.37436796
7.22258999979
69.3475749978
136.286571996
605.128416981
49.1319419985
200.180411994
168.696505995
243.274993993
2.38552099993
11.0780219997
14.3828079996
169.713549995
322.72092399
4.07951899989
3.4210099999
120.102382996
40.4319289988
0.484546999984
408.903703987
5.93832299981
12.8448679996
52.2424419984
0.495019999984
1.27523999996
31.9866889991
706.331827979
1108.40315497
17.4788459995
219.334898994
90.3286869974
6.46186399981
5.48242899984
1538.87581595
134.397779996
5.69021699983
174.963152995
250.305637992
881.596508974
180.928840995
233.035007993
0.297108999991
977.083815971
390.486233988
241.000468993
228.039791993
0.0
0.0
8.67166999974
341.92369799
182.191956995
39.3026059988
1.72227599995
38.0898449989
119.256214996
285.235282991
1.12753999997
8.73122099974
1.20663499996
3.76966099989
0.35993299999
4.71481699986
8.26059799976
203.459680994
1.71607499995
321.159516991
191.189407994
1.47424899996
44.4285979988
1.84840099994
1381.41675196
11.7018679996
198.340850994
10.6988939997
0.0
7.31786999977
303.973310991
116.263536997
178.058355995
395.000850988
0.34687399999
48.7005199987
0.35872699999
37.5197839989
2.90199599991
111.912149997
832.372577975
762.288214977
12.2914569996
58.2893229981
37.675777999
10.6656649997
41.1193729988
598.654573982
68.546754998
1.78888999995
50.6246729986
52.8966489984
109.981995997
1.21506399996
427.915511987
765.955053977
233.206367993
110.131786997
0.0
133.011353996
1406.61898196
43.0284489988
3.65928199989
529.883377984
346.09249999
152.434098995
2.75092999992
50.0791889985
238.294964993
702.011065979
23.7650379993
76.2563169976
3.72835499988
2.55925299992
232.399395993
116.626292996
112.359475997
221.983173993
77.9340379977
33.358821999
206.140648994
154.308351996
86.9926609976
34.601776999
194.797840994
8.43339999976
0.863185999976
26.0609569992
62.026347998
10.9402039997
2.31580399993
66.480751998
54.6756869983
0.250124999992
57.9816919981
528.571273984
9.15666199973
682.047231979
56.6173209982
0.0
1.71542999995
7.29267099979
362.327194989
13.0333209996
159.203230995
745.760154978
559.762301982
94.3679899973
706.278881979
174.082412995
159.294922995
96.6043819972
1.21493499996
119.809426997
2.50271499992
31.1552859991
39.6871519988
34.5010419989
196.372330994
202.235426994
287.953991991
58.6719979981
85.9716879973
286.539566992
4.71241499985
515.902408985
208.520549994
69.2415749979
44.7038429987
1214.57229696
58.8214369982
10.1654099997
219.624982993
4.94688099984
60.1464229982
300.024582991
59.4803529983
348.332679989
574.480809983
9.75588199971
80.4742409975
133.533815996
252.838179993
85.3466859976
63.3397419981
84.1742719973
16.2406479995
66.6428949979
218.794531993
248.741793993
41.7077019987
25.8256109992
445.016224987
6.93508099979
94.1304379971
52.2896749983
410.888515988
728.564400978
53.5560619984
4.87125799984
97.7917109971
1.95451999994
312.061479991
1.99015199994
98.432637997
119.863571996
4.32739799987
17.4569519995
7.68578299976
283.314976992
12.1958809996
2.64922499992
29.2514499991
0.32116799999
77.8120339977
50.5225329984
47.5738589986
5.58445899983
320.96215499
1.26549099996
2.56818899992
180.107986995
576.974155983
278.180066992
106.005894997
1.02623299997
29.2211669991
535.156968984
74.8672569977
130.419627996
186.843063994
4.34242099988
3.55323499989
58.3312419984
12.7559539996
7.14345599979
203.562397994
68.4061549979
39.0052479988
249.442496992
21.4094779994
331.00243699
1.32050199996
5.58360599984
70.1202809979
291.525978991
28.8207039991
14.2545119996
311.746885991
46.1836479986
71.9798109978
0.817166999975
794.100219976
209.702842994
18.0507809995
0.295889999991
1.47084899996
59.0678019982
20.8405269994
0.0
1331.28069696
3.3678989999
25.2329339992
147.003386996
51.0372069986
140.121714996
412.788639988
0.0
663.29315298
41.4958829989
32.495312999
797.088669976
764.910379977
10.2985829997
211.029846994
17.5590219995
10.2072649997
485.028553985
15.8483989995
31.0644649991
147.101137996
1.31452099996
0.464412999987
1.24816699996
6.5785359998
103.121388997
33.068093999
0.299121999991
53.3004479983
157.568378995
44.4687449987
129.118403996
7.17737699979
87.7309439973
21.8974719993
390.479774988
2.17950999993
217.828582993
122.793680996
0.70855699998
12.6527999996
4.77910499986
11.8922269996
83.3509399974
3.48325799989
701.355553979
72.6255389978
63.934108998
158.032295995
271.576798992
121.239050996
443.314162987
101.598786997
4.00458799989
1.26450599996
244.045158993
1.53390799995
107.504942997
17.3739049995
0.603693999983
383.229658988
4.27056999988
48.2416969986
83.9225049975
1.08788499997
660.81217898
6.26885199981
0.556283999984
1167.03173797
135.993201996
77.7669049977
309.827339991
0.0
13.0707019996
749.654584978
32.9039239991
458.760214986
13.3141729996
50.0739149986
330.356870991
0.871316999973
221.714888993
285.228513991
11.5095929996
45.1542999986
38.9200559988
22.4180809993
447.230791987
49.4181039984
17.0225799995
46.7619799984
144.325331996
15.4590879995
13.3655389996
44.4259559987
173.250836995
29.8947319991
3.3614219999
62.0355709981
0.0
640.901108981
22.5786369993
325.26619299
233.588015993
49.4366359986
1.24432299996
42.6546759988
813.936275976
334.97784599
43.9449239987
93.4915179972
29.5682719991
112.518265996
8.19785999975
2.24131399993
38.5481499989
77.6789809977
0.843385999974
172.063045995
49.3625169985
51.8926719984
94.518259997
49.9893579984
47.8045539987
42.5581769987
56.0833159983
362.518598989
41.4799309987
39.1157249988
54.5789309984
43.6707339987
539.258714984
327.71972199
2.72399799992
6.99188799979
3.95687799989
1.01967399997
12.5918479996
341.53616899
140.811134996
183.804760995
22.8038819993
515.307631985
44.0725099985
196.335099994
281.984823992
406.934819988
81.4757099975
127.616250996
136.513170996
491.359027985
27.8919269991
0.783527999975
637.655258981
948.268583972
56.0330169982
423.402721987
6.98533399979
65.658118998
403.913990988
4.84988199985
81.4745769977
7.12063399978
288.859346991
530.008983984
20.7958259994
0.0
108.370744997
12.0777849996
69.7763509979
11.0111479997
140.200705996
7.61515799978
0.0
3.86580199988
2.66716699992
110.479892997
9.03167599972
171.823192995
1.76509299995
2.80053799991
178.469595995
10.6560119997
26.8807969992
101.376782997
31.1685319991
266.189123992
31.8087149991
264.954445992
344.30919599
221.239358993
761.135118977
116.407180996
69.6297419979
0.0
186.548579994
0.443175999988
87.4260519974
506.106602985
38.4737399988
245.085672992
380.719432989
0.0
7.21471299978
81.2133949976
60.4831529982
140.344503996
149.498913995
359.035288989
47.8039489984
2.79439999991
4.33249799988
461.649475986
513.175832985
9.77166799972
63.582324998
4.59114999987
620.266875981
0.460246999986
587.005050984
6.7800009998
26.5939179992
5.76913699982
228.702004993
208.494841994
44.9986899986
11.1427909997
413.895386988
206.244751994
195.006959994
36.1925289989
100.514748997
56.9780639984
20.7463299994
153.914244995
16.0184719995
2.59284999992
65.939938998
25.2358269992
3.94260299988
1161.87205897
0.459855999986
33.321780999
21.5468669994
3.62382299988
52.9623489984
64.3510419981
9.30041999971
33.408710999
1.02802899997
17.2729669995
622.570651981
55.3618129982
309.988450991
31.5876039991
260.729892992
4.05041799987
16.1033319995
203.801096994
69.4116769978
8.19468799974
12.5942939996
373.939616989
15.7710279995
5.87699899983
3.00527299991
1.19731499996
21.1810809994
5.17382999984
54.0061439984
0.908991999971
31.2458579991
358.072028989
4.30942999987
2.13805899994
488.083902985
44.9120269986
74.1581389978
65.921897998
4.50454099986
905.674798973
512.998374984
13.2543349996
27.7544839992
26.7124309992
0.0
4.94979899984
60.524474998
527.882480984
2.59872599992
29.7420579991
255.406567992
47.6097919985
427.954513987
1.45466099995
278.838257992
171.983815995
482.886902985
3.85170599988
583.271135982
0.0
6.03166099982
57.5661779983
27.7274289992
269.979552992
29.2743789991
1.15981999997
194.383496994
3.8425509999
23.6644149993
0.620301999983
16.4151559995
366.703558989
38.0774949989
88.1934199973
9.28848299974
5.69205899983
72.984834998
2.55173599992
397.520403988
908.913381973
2.64922499992
465.502144986
3.3572169999
0.0
11.2322159996
187.985606994
7.15723399979
5.85947099981
9.17492399972
6.6615249998
1.70014499995
49.9247969985
51.0111209985
111.301322997
89.9876539975
369.887920989
118.281450997
0.0
744.321211977
14.4548269996
4.18198299987
75.3758369978
37.3611459989
273.738549992
93.8501629971
206.819230994
16.1915149995
178.126384995
8.08616299976
259.290044992
19.9819809994
626.763778981
54.0336209984
1.29609599996
290.576039991
17.0802279995
487.585102985
39.0963169989
2.73647499992
40.0284919988
477.579521986
1.14305299997
24.4089229992
3.4650879999
0.0
586.651854983
109.765011997
1.85800199994
0.0
33.320695999
231.012331993
23.7831709993
25.0798279993
24.1885219993
329.56908299
10.8882539997
7.70781799978
9.22151999971
101.726272997
52.7262949985
427.118778987
536.120181984
3.3108729999
40.2730939988
49.7446409984
180.923134995
295.741229991
42.1642929988
191.173359994
151.784612995
11.7901209996
1.70014499995
4.46629699987
521.259384984
0.436989999985
69.1309589979
218.076113994
46.8619529985
49.8385149985
0.0
624.769704981
463.820867986
65.0775079979
20.4995719994
262.528276992
34.018055999
18.1218889994
4.06555499988
84.6692829976
14.9163519996
325.812740991
44.3323529986
300.741976991
95.7628629971
13.5853919996
93.0608849972
290.616077991
15.9922119995
72.0444009978
187.654547994
0.748642999979
52.1788429984
0.747851999976
4.43810599985
7.20468199979
261.251050992
220.306433993
39.9928819988
8.08658299977
1.28186299996
602.061815982
761.616509977
193.983555994
342.93192599
0.597861999981
294.746838991
4.17821299987
569.564872983
46.7090579987
0.0
38.0685919989
0.0
44.4330169986
403.153620988
0.31890299999
248.897650993
47.7522979986
228.020807994
1.33900499996
700.118664979
200.242334994
5.63948899983
111.172950997
59.2581709982
371.043644989
0.979627999972
42.8932329987
50.8301339985
53.6015549984
4.75178599986
2.49835999993
6.3190919998
2.37804999993
0.220217999993
425.164552987
2.24059999993
46.9906119986
73.8483419977
7.45770799978
589.049401982
104.068703997
786.156373976
16.6474969995
1.96344599994
0.0
468.596498986
125.489954996
91.2879429972
175.417538995
308.760911991
2.51180499992
192.026230994
46.1950919986
280.049502992
90.4239189972
24.2786549993
11.7787999997
201.812102994
61.6779769983
11.1821559997
87.3051869973
6.28168299981
6.56807699981
3.58261499989
0.0
5.55237499984
302.759856991
0.610164999983
4.90457199985
7.97878099976
135.199131996
181.955762994
12.1414739996
143.871358996
0.290443999991
420.629442987
12.2544399996
9.13645099974
38.0710339989
182.957830994
676.15001398
9.5865579997
571.009334983
9.80561999971
48.8465649986
0.0
814.205948976
18.5538959994
99.089702997
298.400991991
242.381634993
6.17705999981
46.5082389987
1.40110499996
49.2768069986
45.2268719986
1.42147899996
0.738186999976
0.782344999975
70.727141998
14.0884729996
48.3251209987
4.63168499986
54.3012489984
12.8959619996
26.7323139992
28.3353179992
98.1569079971
8.48901099974
28.1028429992
216.993392994
731.683216978
2.77308399992
490.983541986
0.0648369999981
194.515037994
7.66237899977
257.130194992
16.2544849995
10.1094959997
76.2536349978
17.2571319995
78.2717199977
