2.59857860671
137.981515183
419.991340221
58.7768580613
313.705771039
1.11403268258
15.9307078552
72.3743853451
2.8528321853
28.7451830715
0.0
6.09777018527
220.992951289
123.06370992
131.585343656
6.00928374217
2.20585482784
164.607467939
14.5041299865
77.5254102755
300.117750356
304.491733046
4.36459365426
250.058551305
22.8432442308
227.70619773
140.667557327
36.9712018306
5.05655378066
273.635184383
9.56859469547
54.7031396488
241.392723914
338.372499982
0.236836031822
9.46146181096
18.0576913607
3.31049244509
220.619053814
179.811642832
465.442454664
6.93586025341
82.3421889264
164.741511908
0.0
8.02498144298
704.508402729
1.06789035158
93.75860708
109.091322544
34.1557147788
700.372390511
1.9992317184
654.532374624
7.42738595563
0.0
299.794841457
17.6517351097
254.158417139
956.650708181
35.0507801404
233.848346787
5.6893812654
64.9585467786
710.176009549
5.72960621248
43.7998367561
3.99601770535
125.992950614
0.0
0.0
691.733129552
0.0
556.453137772
74.9902860406
10.6521471736
174.227035134
2.68759458982
47.5555940038
0.200280686732
235.142867217
0.0
98.2961573556
4.61341015281
3.91676857087
394.704548018
704.952403467
0.20180700804
0.0
5.68068254021
3.50107159645
6.03392895792
358.773833093
37.8068823408
37.2447358919
1.79985737914
9.6291672439
54.9472103834
843.763430572
20.0875459681
21.2669582571
0.0
518.760124627
53.8771757463
0.0
187.761870705
0.0
505.676973653
4.57768780336
16.7315492525
42.1753123972
0.0
172.497487008
1618.25564276
3.06171212005
7.59011451602
126.279496087
347.394540017
198.248992299
30.4079378102
131.931094117
260.935874581
145.399178502
0.0
200.404344884
275.68837794
1.35204837288
0.0
1.80266484572
20.2751930552
6.22164537764
218.52646931
18.762473993
378.883950329
589.951545645
357.283085421
6.13313682851
22.4381440863
113.141414628
2.21472336758
419.626585602
293.677177849
408.149459249
6.81648966831
4.80762775676
600.698562882
0.341191594336
600.117761953
200.563214936
53.3122017344
0.0
1.60452442521
690.64887571
31.1112956078
146.573494346
1567.4165086
4.95954445587
0.0
161.791163968
634.297741121
140.320679457
109.344289953
423.545062366
51.4497692009
51.1195472245
2.08932185391
1.71779173472
131.262396575
1.02616018441
742.394841679
133.607174776
8.02573003376
36.9928979002
0.368853279191
72.4438987802
16.6448644514
278.855010332
127.066811604
376.171609037
1.18539197181
214.932248907
12.0269607443
56.0227152594
186.056331742
13.8480811157
32.2548066895
227.708159138
120.078251566
36.6421715706
4.14776559472
4.40153886945
113.321475325
36.1286965842
401.771425724
4.37851543289
127.573427692
2187.94621959
482.110444038
297.389995127
1219.89356568
0.0
1.6440048008
2.21712488695
0.109951404099
29.6528569123
36.2135164398
2.39260863014
0.0
4.95711681117
1.10588057938
7.09868326685
0.819561190644
253.802691831
0.0
9.17047302453
0.0
0.943532845706
191.837511337
0.0
2.67665411161
6.82265122345
268.824819497
2.18142866281
18.463696848
55.9228733476
352.832015968
77.0114127828
2.81193501377
15.8003174111
446.824226575
13.4970684125
46.9646112356
4.79162700592
4.82978202416
0.0
1.38882176386
243.747874872
250.795458027
92.1978767219
100.566011168
171.219724964
593.297357507
148.074446967
0.0
414.812228567
92.52460293
71.0700930437
118.321515025
1.93143451544
9.86521248255
494.388002826
147.662604482
135.879757679
6.86677386662
0.0
20.4528874019
8.19837214649
20.5320672039
312.108778743
660.969556868
3.75952833636
26.2835875318
366.838452669
5.30675190647
8.44294026682
0.0
29.7959764138
129.669371308
2.35427173951
34.4212193249
289.656032615
238.549262679
132.20609622
144.910436151
589.377211736
131.872330245
4.907640488
1026.34744564
298.218288202
1.0986629586
355.857265187
3.24256963965
6.70327561425
2.56599933363
22.6642154834
5.51290375541
205.984507259
163.879426743
0.610829969217
152.161030087
588.301468718
359.462206013
7.03899194539
15.9717989569
554.097192002
101.828336164
0.0
9.99658061629
8.28187267362
120.179765498
83.2305260145
309.779436583
6.7756648438
85.6916221588
10.6102934136
153.469861161
50.0067987017
18.340098986
3.86341062873
137.933720928
0.248282939223
2.40230011731
26.8393252399
2.75851477279
157.781608326
1595.48049719
138.944180803
665.125115844
15.1668518657
588.401011194
4.44032290489
20.6715351902
60.4747885273
0.0
96.0820831017
227.265707831
2.70704589192
2.99404453886
107.48015626
6.47805931884
141.724417771
1497.93980055
1.69264209941
127.066811604
3.41827444321
108.496519451
265.676978242
423.599779829
11.6473980955
722.507755256
0.467547686834
62.0403540785
155.972954754
3.89744387609
582.881844396
346.587288876
5.66285904621
31.5268197533
0.0
457.259063376
102.295774325
0.108549680448
4.70538633515
94.9651324223
24.8510802214
308.094249242
34.114942205
209.682555694
648.491371735
127.066811604
0.0
2.22677517651
451.368579481
212.727930449
93.9331462927
34.6220315613
1.01963588931
245.033255459
0.0
111.770648472
10.7786650421
1.58203354316
211.198408789
39.162241595
18.7239753263
226.407621849
10.0991586526
12.1496954663
83.1099707469
61.4527434857
6.37860124813
129.520938319
58.8113766366
268.309847329
34.8554301046
29.5899401193
5.77183577508
142.629966418
134.648809187
10.2417857924
1.71206526656
6.2880187509
3.66755014441
9.04504438073
32.0368994536
87.1217852247
0.0
48.9534892906
683.472086794
184.778493333
2.40910978124
33.6257929015
129.484255362
137.062493912
369.37984497
199.639534314
257.30433316
911.898366542
615.506476025
623.690154692
591.489633393
548.643522375
1.17737350964
314.953033786
1.34011412785
205.611570392
0.600414006953
29.5249252622
7.69645057841
7.54582708239
0.0
0.0
137.189427776
0.0
177.46394161
79.3037936503
0.192560656046
0.0
0.817755529428
2.31999432095
60.9010059654
12.8989263031
273.898041229
109.961368896
17.2784284691
5.77926641768
108.827621649
5.32925384154
0.974516464889
0.0
2.85840089675
132.501536359
18.9553421238
158.040920168
1.21709906126
0.323945871749
0.0
478.132957219
1.62898776857
219.285103251
0.0
340.308649112
0.0
393.246923227
364.884546363
77.0872776843
18.8299245331
244.771608416
272.788440807
342.27088638
571.871267944
5.88882192276
742.797401639
19.4148170882
55.79897203
7.6504248065
1.82569632084
1.2224386738
415.772600183
387.973200753
10.4490117938
0.0
0.0
43.5421627708
0.0
198.376656667
0.0
76.6028540485
12.7826184088
59.1067956736
22.8985917162
627.854821356
257.330190188
1.60998662576
2.77110516515
12.6806774283
42.1450080363
386.481137772
5.81150907608
871.188104555
0.0
29.5862725268
3.91049045664
0.0
540.274376076
0.0
12.233543661
268.081556285
248.393973823
274.916737612
568.895544286
127.485572274
25.8923940936
7.99129485848
3.36543800254
0.0
0.0
208.244204351
285.315481285
291.574162311
2.57812047515
1.45187420764
444.003901315
36.3040175466
159.755952667
2.68595874317
43.1950769035
364.365342898
128.877633578
44.0106399159
266.431935547
104.323167125
828.803968493
1.69144334937
134.919045429
166.557936756
92.6723697233
4.48312320517
369.054835999
1.85998077313
158.144778344
27.72201926
9.25513110409
458.070413179
22.2560044166
2.11023215438
167.55138905
0.0
198.831526543
2.70764375971
443.624097511
203.878243137
48.5043790426
173.232388109
0.736258613021
16.9664871798
424.840426843
155.790381002
0.0
0.0
325.600652237
353.510387916
28.7534808736
109.316827223
21.4262784686
125.196621862
278.551335695
269.213748072
5.06001136566
19.6660220435
39.6077304723
5.22779416973
669.110629164
154.834626533
20.8066543164
44.2217063388
4.64499063497
387.524488414
0.935599793217
46.2206295774
68.0867729468
0.0
2.2561772093
359.566633923
433.204414397
4.20654253015
605.657668232
16.7869329114
145.52355309
127.619303744
0.0
3.44398376314
1.2924022683
4.13594589916
126.314144284
486.07232701
2258.84992853
1.90777703756
51.9613350296
358.629619343
72.1671543196
1.29160243172
365.547073307
390.601536094
27.8656723208
3.80512002612
76.6575323238
99.8340049519
64.202416849
60.6258471104
3.29467055219
47.0344934397
0.0
7.64465513108
123.870363195
50.4163893862
152.155383001
135.296568294
146.324366353
0.0
43.5002336493
0.0
136.88633292
146.029629588
233.966466372
719.975858501
5.33944874343
202.80271515
282.430529029
444.421690325
358.814899074
518.045603281
595.615643634
290.121540518
576.85312141
0.0
533.798214862
134.419967501
194.881108566
22.0780769516
588.876268863
2.64861360969
0.0
1623.88603508
2.59298778922
0.0
125.143767335
44.4760815005
30.8182258396
1.00378686627
258.983650344
1.86585796427
1.85832985417
86.8753179947
0.0
4.35391844848
170.932369606
301.218133566
101.152266258
57.946186578
17.7846295648
15.3411338445
65.0766412426
505.663586439
12.6573987675
0.0
7.31991243722
61.0136281806
2.97526144192
0.0
108.414391507
92.4921603125
11.6661852117
87.052692809
2.87558231086
0.0
566.378031527
804.683953976
27.990769374
1.48817131403
8.72461135908
0.0
182.558993052
0.0
0.0
2.22917770071
105.00398179
8.28736300913
159.351526757
405.506370138
4.15079814095
0.0
411.488719685
117.667226599
346.111380082
93.4651152876
0.0
177.051202825
73.7608779364
210.063873763
85.045812402
720.108099824
7.87426751322
7.85069243056
9.90136589971
23.9535962584
9.26819275694
7.20733141964
447.823520892
51.3199896873
0.0
42.6301229881
16.2232380352
1370.73631335
184.855061608
190.526424444
238.894492644
525.617222079
8.42780868515
523.879714774
245.54360847
379.832218891
2.11708301593
5.14607418333
0.0
3.68566503614
361.492115886
743.04215766
14.7831905569
37.6069523363
1.90815585464
0.0
14.1664060254
73.4802749678
11.4670570533
2.73219753687
133.827698564
0.609290585252
971.747411566
11.6792599272
96.0287884633
3.83206728406
334.814250118
19.0332528383
124.907809516
0.0
428.386956488
121.961439657
447.726068441
512.238442061
248.449319299
162.255067175
50.028022506
11.9207733953
0.678027294751
339.94332677
24.2296996441
31.5949364889
279.209109842
0.491217222538
0.231326604743
5.06986060953
0.0
283.240362559
290.626668466
135.661031515
170.895337977
60.8800002071
502.284501978
378.81872044
33.7624845708
8.08784598544
510.276528346
8.58990119459
28.7012905322
680.384213185
643.099790929
614.20870199
2367.96443629
515.929084974
222.324999728
0.620080340488
8.80003413966
34.2387510792
509.654700624
298.047582377
823.086527634
500.521151713
178.0780282
272.649692272
23.8582529249
0.921377573472
1475.29163405
2.32335644807
134.467780848
449.13065181
492.388219462
0.0
884.167193374
355.617237848
116.943267985
0.0
642.368971406
7.7238811547
68.8802017883
2.81363416408
8.23181958387
124.385129375
0.0
3.00917712535
11.6662595684
32.9114082112
0.0
0.0
0.0
677.783185832
162.41940847
0.0
43.2288127241
18.4769021901
4.95434853256
0.0
244.187992987
703.880858586
41.5064420255
131.162674236
122.320939069
63.4010418921
4.03058752647
0.0
136.870349252
2.24562660118
1.66976637137
0.0
85.4466641686
155.827467897
3.25451493769
74.6252470574
24.4540035631
5.64706428344
766.383310209
907.400391096
202.126036324
3.42038858411
130.08742358
165.639608811
0.0
381.654504853
1.99627553849
30.6241308237
5.02228741511
226.786353512
592.888279281
495.093160256
668.417528567
9.25868213735
263.152023788
111.47235565
108.375961169
684.20481648
6.70881418111
92.2358729786
158.593250532
257.171281953
1088.23684765
4.08772459595
475.743260558
366.193458826
58.7768580613
76.1781820235
0.0
184.772566905
323.547257715
0.0
51.2111626765
12.4032295938
9.34659583313
249.313559803
62.5822081911
12.7511424279
199.121074418
44.2064089617
134.557753419
302.595686275
0.0
109.110607046
5.32181315076
8.67912618022
73.2763819537
139.726739503
337.399212412
8.38648346037
12.3848022031
120.582384743
16.5022945863
655.644083158
20.3228767798
11.3176192447
1.95878973024
43.1294802557
0.0
1.37883385484
3.51267525575
43.632633733
0.0
45.6544055697
227.806553105
169.282963899
24.3179489497
1.6454698281
23.7920021397
4.9537014286
247.254798539
8.51089824097
0.0
0.0
144.988923632
0.0
7.82987256389
322.331373481
2.66443952187
367.922961736
893.362511573
69.7150161439
0.233632666232
263.372386803
3.45870135906
334.021056405
1082.42910665
46.8785765529
0.0
0.121108923391
0.810494701398
87.7539756536
140.622677049
6.41993853076
168.215169005
117.257260112
2.8550066154
1.51441720776
90.2531675318
576.50301204
9.89937434682
45.2305826174
35.5628363214
9.31051476298
1.08787923228
212.752006936
1.69211758347
327.208131837
22.7099538768
132.444952945
153.441976406
21.3963006741
926.411130946
2.79866435838
0.312129190653
33.9711414354
0.0
4.44940547126
773.003074243
7.04061472939
17.3706005912
376.544030431
50.1659008673
194.460688938
193.318269091
110.332879924
421.631389046
616.828697327
0.0
8.9039194465
447.210856121
363.328307549
2.07881043376
7.16589465987
161.392781044
322.668115734
45.9773285348
11.7214714031
114.71026594
769.103051999
677.081606566
4.50555982697
132.466936393
216.096141753
244.247112566
123.74449645
192.7453148
50.504107142
0.780480733343
278.110711151
4349.78719007
246.153116096
41.8846943892
212.907387249
1.81962519949
124.547537398
5.2967167709
140.320058477
489.366034944
499.478330611
2.7373251324
12.6035916709
15.6844928351
69.6396446091
3.99988023274
2.00832734742
2.80534038126
19.5076011457
12.2511792537
138.706699677
407.241043851
211.760618542
5.32829323378
63.9549880065
180.649743954
66.5008266352
1.45996501684
1.82040895895
1.47330801924
0.0
4.67653996773
219.259947587
102.155008112
317.351061409
785.574783986
83.3626035511
4.52401736226
188.907974222
0.0
13.1485366093
63.139653088
256.368653986
6.12497266747
2.84419977823
751.243996435
4.27675130069
2.98239767231
2.69859033312
464.076237326
0.0
15.798555962
0.0
9.38005432353
259.346827395
0.0
5.81444415479
55.4680185448
17.7885865452
178.772462192
10.0296532559
818.785928945
2.59922068657
0.0
0.753586730834
226.778098917
0.0
74.9582101822
133.366077305
0.0
23.7214999617
11.6497101859
334.816643599
1.65107069378
0.0
309.685547224
65.6249352455
160.368778208
1321.37335194
0.0
202.053778726
340.212177367
9.90077104637
76.779523479
154.246722533
9.05419627966
3.32312102061
452.647496062
615.622340795
528.786949315
268.30295929
188.622059775
0.0
8.86777105344
3.52808316289
3.47874550485
0.842199781213
852.557202673
279.001079985
7.52530564719
5.99533784789
266.294708309
169.305477891
4.31154519663
4.23059691185
131.449948204
3.16959460014
411.673614571
125.346467628
4.31697021886
225.103191887
0.332182379822
1.38384187683
36.8343825493
5.51827049807
42.0848946904
26.2132571781
19.0992142354
17.371522011
5.24075132132
0.0
217.680089479
4.57475875358
3.96095150324
77.3416719375
328.680684232
141.069313431
3.02014473371
106.509525433
818.357307978
544.707480356
177.703693628
3.2663738212
22.0262262392
2.11143391889
9.72924830292
191.176795078
2.89591283031
3.56055090093
2.19946919788
4.04453643524
3.78304112019
0.0
1330.97831709
13.9419976051
106.271022405
1.79126516485
0.0
4.77419237721
123.696627838
230.743433444
428.810876908
537.24545625
6.49009103139
0.0
2.91334946866
46.8869356491
284.117386381
165.185477479
242.625059059
0.0
6.81615807776
5.31038633976
19.2446397985
13.0153125734
504.25711602
673.425096376
9.0541631206
0.298666614691
132.466936393
3.45850742884
75.8996519979
94.4611951856
9.21124861287
2.14385141596
12.2472423695
240.660496639
10.4244238528
8.57740826973
0.0
43.5670752686
97.5733321789
0.0
925.808331497
21.4937069027
692.894475181
3.95614243557
252.562196545
6.61434303118
2.08932185391
12.0794615751
115.706376988
5.24602662539
128.060697981
0.714505268714
97.4787364311
16.4157735707
10.8723202783
125.317106793
206.297594042
0.0
21.8915602868
0.0
581.297106883
8.99583433482
8.71471790311
11.5512961229
18.2028958635
32.4504822871
94.7515579693
254.455453936
748.915451098
55.7906460928
420.288630231
595.608229068
216.869877132
17.022788239
2.37473389034
43.5527374946
13.7146581254
8.78153842122
209.063481178
0.0
25.4046183788
2.72958098604
61.9076384815
207.205735124
235.947707797
293.490814922
363.968788746
0.0
155.394816597
139.346940722
17.0640672422
0.0
123.644661572
712.191160627
543.675908211
178.828509032
484.645735073
0.334017180815
962.403544823
603.123585994
129.241685828
3.85279269769
2.36964648759
94.4770532521
14.2086396073
159.962314523
46.8410776821
11.7368381126
147.506501703
0.0
492.996413789
6.85908096606
33.8948022592
0.0
188.284759848
18.1452935625
2.21105577523
254.13362321
207.017967459
4.4200044433
33.6399377502
0.0
453.42914741
57.1806746454
5.49132324012
37.3632453465
217.702326142
0.299520711538
358.815161332
131.764376422
63.0774879002
334.038803532
11.1634457203
157.826789044
158.350512188
1.93264833777
2.45374789697
20.2919524449
337.963812631
0.0
4.9144129736
0.0
28.3551150315
2.50128391306
0.0
7.44998435341
1806.81731488
369.790891638
41.5011787792
1.53958091054
665.203603325
310.747954274
0.0
143.069640403
598.259010075
0.0
359.944429094
14.1898122983
110.937895002
285.06666981
2.252927622
4.36092204264
19.4854418542
127.066811604
2.34155674949
127.873252863
0.0
2.21550411258
6.86282994882
0.0
64.3209172599
10.0586161824
0.0
0.529436549251
23.3550059995
1.80563207865
733.970446366
67.9366046342
114.622518039
306.554013188
620.309698652
3.27144816132
7.82346784234
25.5865751714
17.7062938115
54.8086376914
11.6770231983
790.591520776
0.0
0.0
7.18922356165
0.0
2.63988674954
0.0
429.827303403
11.4948885527
1.97602741427
356.7448778
20.4204588518
124.477754671
6.7178475113
5.23363116807
3.29467055219
131.177783712
112.341459482
1.48607927916
249.919248109
218.080505153
3.28862053205
6.16759310497
5.3528701218
43.9188636928
2.30998129144
3.33915292085
511.562223442
247.410042196
173.278379717
106.618213779
42.9889582135
0.0
22.317430057
197.804076169
285.072657532
3.86174162302
0.0
5.05445672168
4.82149627992
147.612471007
127.523116362
37.5233875005
89.7401949552
0.563203519339
101.107432203
22.7374728772
5.74688308449
1.95872743141
0.0
694.78403785
15.0631544602
377.531743194
55.7158452957
21.1682407386
4.28327760543
318.638874666
33.24340068
1.57504803575
17.8822699164
247.336093487
4.07443685865
4.68892336719
8.07755864013
222.085452692
411.82840405
7.70698912869
20.4733817071
433.184456666
2.90407196725
0.0
25.7868849978
415.432398336
0.0
0.0
12.1703214026
16.571754766
52.349728035
322.464682927
198.05748369
428.614992308
320.772994402
0.801588983325
1130.36207883
0.312750169301
146.346338748
7.41226643178
3.4031629579
336.129152313
0.0
955.637484046
5.05397440818
469.634091696
115.935073978
276.24109516
12.6262202133
0.0
556.235393316
105.887215398
749.807770287
92.6495442363
63.1005424863
294.151362371
44.0694309189
37.6738853942
51.2546995096
499.505780279
431.726095341
12.0021004971
0.0
44.7472391628
24.7568653006
0.0
4.47548757936
109.335244565
413.06276893
0.0
129.407182667
0.639497478711
3.25755150317
8.05493612666
27.5427312688
7.29940808394
248.746217431
10.7582581563
906.392105651
23.2243603312
13.4935666154
274.735944401
4.0460959156
5.78655035655
1.37342591457
1.18526536452
218.050082224
5.00314157824
1092.36389185
237.61085341
593.997159247
2.4251828791
201.58388378
20.7255432508
472.07937901
120.133787958
2.51376277042
43.2353018504
556.168800893
244.770863845
430.493318076
3.2663738212
512.472594219
53.9481903823
0.81385180442
110.354647337
0.967325974249
328.342335273
0.93902421917
151.848556245
44.7169890621
146.912506486
0.0
0.620570692563
149.483691694
0.0
2.77433063677
7.65254497632
606.348468796
326.682832131
176.034724079
116.142322087
192.748005708
558.040900797
457.016586286
801.562584699
1866.71395721
135.72912514
0.964649134245
390.611888753
1.47301762631
445.767498767
77.0696039083
964.848805006
200.283159594
9.38477195256
11.1631603515
222.241685093
117.906978618
250.251207419
1.05397259224
38.6298066634
91.3456016124
0.543049848189
5.07031177365
59.2306145959
0.0
3.79679810836
1.7980909059
9.68906053418
28.9664865986
822.226887195
138.49325786
394.202066766
78.3677276206
1.62699822532
3.24698381313
6.83851029469
0.533027775293
0.920065278786
335.353426386
67.1079216892
0.377534922445
0.0
0.0
4.23131636284
43.2968159153
45.4157689007
147.432925782
14.5518940967
2.30206733053
103.070391935
8.03951013279
296.950711012
677.45600645
627.998100623
487.131307624
379.558191463
711.221365811
386.10998848
677.47675598
661.566003846
2962.982601
0.0
35.4089933826
440.678723429
40.0094272922
238.118067364
0.0
80.1982521008
50.9781972108
25.872911642
1.59530520335
114.64105596
1145.09696669
2155.96227112
11.8864286538
284.100434066
0.0
386.772672175
58.9750708288
0.636777431456
0.0
135.290331377
241.036864965
20.4302970427
19.174720416
605.773085856
145.000540354
408.182301785
454.98936531
44.4656544852
37.5048566135
0.0
58.6304005483
138.803066922
14.8153950321
26.3202644601
173.520219751
127.066811604
343.640909974
685.623325646
213.811639678
7.41612694955
655.376647348
199.636721825
7.05504494684
21.6328171732
0.0
56.3839871732
169.743782308
11.5307666492
182.199960882
174.353057626
14.770301733
4.84765977841
8.88103065581
0.308169195738
3.0393016236
544.441931598
157.777867381
2.17879402524
869.881331354
3.89898225523
284.862998861
574.156232236
170.254981377
356.332364095
137.762650354
359.09942285
202.139953078
686.745246164
176.201618622
1.65286530198
19.3073305072
118.065377409
536.031205854
8.14157872538
3.59733534495
24.0036654253
1.86190902237
384.141640903
284.178268414
37.4379938931
56.3511496614
303.649025831
7.20640698541
53.8740738676
0.912447739722
5.19501996164
1.1671665499
1.1300786503
216.463817384
122.924390647
5.6327144516
666.760011954
13.6849596708
121.440023581
13.0270599219
481.447039886
83.6773603456
4.04890036771
823.506636773
2.5410908551
4.77497915112
2.51348343052
246.813271666
319.232703084
0.0
380.857271764
252.355356394
353.459753037
27.6629077194
185.704873904
2.53899982505
295.161127916
12.9183153064
42.2282312331
642.342038215
513.632571282
169.421200981
24.2524678564
4.91097648981
251.676386578
1.99627553849
497.567366285
0.285174898952
140.12366544
481.199027244
1.79799042391
14.2539539668
715.19114968
85.8150783414
4.35806433507
152.407637992
805.707727713
245.246971592
1.59590910007
261.404037218
64.2640946991
744.505186373
424.387137549
260.137577388
44.9780402468
521.68870616
0.0
84.8719765632
241.649763859
7.86562103867
286.886326159
8.04340782887
80.8761286724
207.418179155
259.566680968
25.8515562064
418.749913467
5.4229462561
218.766257503
266.322297647
237.676502308
514.829764864
0.0
542.915169173
36.8512464405
569.704861338
4.17048155642
13.1696649557
255.079075261
118.729243778
2.09494884491
11.979381521
1509.74955843
490.155312875
65.3956936419
0.0
388.51246243
288.451817354
0.0
0.0
133.673421542
128.616311092
134.180616405
0.0
0.0
1.72978325446
87.1009543048
447.014966497
1.60529110273
745.622615346
425.836672537
284.260694789
347.369515986
483.827910211
36.6495328806
2.30621120747
8.29899580819
2.59902675633
0.607147304573
0.0
0.94637347134
128.529456477
0.0
8.2779528715
58.0845753877
32.8788731502
109.448286796
6.81825915603
65.8782392694
195.217735264
2.99752724435
148.10170572
59.999386164
8.52991546091
9.56118716374
327.735473337
2.14730498168
323.519757807
4.99028591347
73.2635514095
0.838357350217
126.149528672
2.52043778849
1.74190238632
408.423971
0.0
22.6339935176
13.2471104386
24.5614117682
0.0
0.966343260464
266.23062291
12.3941741576
607.035585691
0.0
136.124743805
450.024400857
842.502026996
143.53922084
12.1839758993
9.86933324862
0.0
18.7074731703
0.705791471225
0.0
51.5409726767
12.446208752
32.2420836609
21.6205021015
209.800674273
66.2360515883
152.888913528
245.518090066
11.0204437827
11.6636259356
291.86611472
18.6853470379
42.6475746986
148.048831096
8.495032136
18.4320641152
3.60115265545
4.27290083115
5.57157016066
8.52182264205
159.598940527
109.250397579
0.323058615846
56.6385200916
36.4134775937
17.8073475361
537.453299212
15.1411495795
138.543339085
463.055630781
225.237593572
38.616977124
3.00461825783
13.3333400564
3.50243714659
5.9492819314
0.903930886919
94.5698232421
7.01481397086
158.71564261
0.0
990.019656073
21.4240769084
385.478952589
5.92809530547
88.8545507844
212.724126201
219.01998958
0.0
7.26844657081
124.079618932
7.93577655374
4.06367322873
6.295089668
149.739709736
9.13268677515
14.7652786387
2.92025459047
4.71335053703
2.58320486344
24.8113697421
164.467927606
210.134964765
3.91218860214
1.95921175456
69.7030768748
6.15371151917
2.23105771859
100.294768095
46.1939978329
58.625265919
6.22638511272
534.422406925
176.595412535
103.932778547
358.845627469
2.08025536467
373.857988288
21.8612609499
2.77963106134
89.683174445
734.871014122
198.978930595
344.478389112
52.4442634934
454.597903586
0.939005127591
132.403739255
1.37552900245
1574.0206105
5.87888023544
802.362408213
477.607188263
50.1851391476
145.7598425
776.990235466
6.08516170616
372.840079684
282.958311645
1.31995945189
7.57528739473
2.88008691812
0.117199169468
216.816856809
44.903673532
1.54873682874
0.0
1229.01430615
146.084250588
72.7635168929
0.975073135069
8.22438492204
203.716181777
32.5158829947
506.369475377
270.963227805
36.8674421264
16.6509426065
29.8670573679
5.8762064099
298.318635538
11.9379638528
43.6069213986
122.520435997
374.333535345
279.226928312
0.0
119.543117689
0.0
8.94373543191
0.0
0.0
78.6819659281
129.012284458
244.120557519
0.0
146.974630476
0.0
0.402373063602
4.7891471106
147.543768461
43.9442213258
255.379967552
220.1148503
128.186747604
28.0250297106
1.14341863825
42.9500033587
71.4104757582
105.160732677
0.096176329172
391.414647346
416.203936173
16.2840728416
0.484255830817
301.368894722
48.7779934896
78.0862936659
19.1842501272
0.0
4.84047531669
856.256725181
10.057307907
25.4737107946
257.366865107
32.7748984144
3.11296295503
32.2396419489
174.998545841
0.0
209.893456321
180.811895747
2.92423870107
27.8448815939
0.217693209411
58.6178101559
395.734583794
177.445166551
230.272343768
44.54774525
1.80678561181
434.83190197
145.063692274
724.016708253
194.712059689
0.0
0.017698896328
80.630774783
644.419013849
7.91623984195
0.0
9.19175209388
6.02061107604
262.144276927
0.24549054494
74.4900254396
192.911613485
4.74998023879
4.64949021813
476.794185531
1.23000496705
590.994989735
362.032859672
1060.8276489
8.63993619758
0.0
73.5192991551
8.6719527715
144.997177222
193.768742879
374.816091021
0.82558709511
374.032718416
1.41357449534
37.938292677
82.6891712973
55.4240928463
11.2451928368
140.656153627
889.510860352
20.7409280471
145.347270516
12.056558717
1.70955623147
291.379748767
3.27972385735
514.662214173
32.6706634303
93.9803286119
34.9877829618
24.1981462921
137.326501277
0.0
272.875985734
6.2677816797
2.11423535655
0.0
203.838680366
327.628098291
0.432432248547
2.76880312296
2.34699885365
65.9212003408
109.099457565
71.9216195626
5.07416726732
0.204140199664
131.707438307
86.2432401058
161.57209717
67.3048985283
25.0095975819
8.27263837945
1.70426585511
0.0
5.35618803684
91.928896504
1.31995945189
588.151511418
168.097707577
2.87850533172
6.49433639513
2.08932185391
0.532569577455
0.381990293532
394.067228989
4.40841183702
137.361022866
124.547537398
128.905275167
393.970141288
2.03931197142
381.189068293
8.32839080724
0.0
554.921458764
129.039120181
569.153823172
0.671049825912
171.687149058
2.23105771859
364.1341007
748.068539716
7.36974245696
18.7451941064
68.6891815211
109.66990684
6.3026991685
267.045117799
315.366210673
9.81052817825
679.955482692
0.665770502573
4.32285745818
17.7761096975
104.213423718
2.89521649017
33.2997168118
0.0
5.63363386172
0.0
4.65268554517
0.0
0.0776956830232
5.73213936324
314.312498329
84.6500038263
138.039023031
169.624219801
960.317107806
220.861768042
332.687120914
70.4462657301
3.46178615591
10.2067758602
461.140807947
149.714685703
139.748613427
382.752223281
593.927606624
0.0
0.0
539.107618488
642.834798841
59.1191519429
10.6022367683
29.0354132191
0.0
10.4258928993
144.905582871
5.28311954908
14.4022774302
17.122568857
308.818712275
379.147111636
483.733384801
82.8155866741
10.3517723652
470.462572672
12.5232492925
0.0
0.0
0.0
100.99518579
0.136235480978
542.234896106
809.434893818
2106.5649298
156.317158798
525.803297627
112.699239647
34.5868126266
53.1178957063
379.101641529
219.744859565
58.9473900524
53.3897868873
9.48387431708
7.09941176123
33.6988292351
0.0
2.9306233262
0.839700794317
3123.77303376
18.477008701
6.31226404837
0.0
289.280128516
12.2642188005
5.81402012083
83.3140747729
203.196958216
3.7453865022
403.579871298
515.157358231
327.46509441
2.93101319629
1.99932818109
30.9204662564
0.934261373217
0.407119832435
6.95740459519
1234.30325666
6.70149306388
139.463934908
0.808183615811
5.74809891646
340.824413078
199.162210736
6.57330217039
35.524112575
282.830771875
1.32926207379
188.332771144
6.54994714331
156.197084839
0.0
0.200731850832
159.51217534
5.04060126118
292.244654462
3.42607988357
1048.60148464
289.766765769
499.324769022
10.9840894014
0.0
3.94117865879
11.7054284498
43.6747356835
97.1511058852
2.76289880168
26.3241340212
6.40129409899
2.89087164928
120.013806442
191.018299824
188.967835358
498.324989377
2.36489770912
143.086557549
1206.50397781
0.0
53.6166309907
0.0
48.792083073
130.206548989
1.31223640674
393.600998621
155.503209526
176.204593894
214.193356661
3.84750131652
622.417338372
7.94944813223
65.2768556113
7.81415517223
5.66519525231
2192.15826451
0.0
2.57979048568
2.10639575231
13.4088723623
1.16851099882
111.438103352
9.33626226607
0.0
263.197625526
0.0
3.35877805677
0.0
0.0
0.0
258.889688637
0.0
192.405673642
4.91173613358
4.39504672859
74.2681300736
0.0
0.898658597319
1.82040895895
384.504740583
0.365127407294
75.1542947414
7.982519767
251.267515345
0.0
4.91849857098
897.88923994
276.340824532
391.306952768
5.16222465233
225.115578301
1163.37751704
42.1564901123
419.026446915
232.599320581
312.912073911
20.2480649296
266.078692144
8.27628185613
3.08817907414
359.139645788
10.9543366865
1.07187044289
20.3972465092
77.4292470091
339.043926615
0.0
6.30842664146
3.00953685086
0.0
551.44321366
216.712847909
82.4011537631
0.0
38.5692270811
64.0884743005
9.93957316857
68.0517610051
1417.96510378
117.161551024
147.462648352
11.8690121118
35.5734602812
106.593035004
4.34689576276
2.54552813943
0.0
97.0942099725
1.48607927916
2.58320486344
31.6933565808
0.0
26.8524783313
304.240469811
259.265537472
102.247639437
393.888851365
98.0330322229
687.668077711
157.044492601
59.6804201794
285.501597026
357.963250973
4.09398462345
13.4517922362
201.403228229
0.0
146.006000246
13.8621224679
2.71373095819
0.0
185.309455198
36.9684456098
8.31602549452
44.8253528511
5.41820250173
601.175794017
115.380943982
10.2561617496
5.58508297761
563.85396232
312.614043347
84.295779719
4.45000836316
133.346821941
334.891644355
598.226463961
219.226840783
3.73581559341
3.97384434636
161.270286474
7.8628959673
0.0
751.494191546
450.378883203
412.675993684
566.346137541
393.073047195
0.0
25.8664657229
1.23918399611
8.93307027433
5.54585782625
231.236783899
119.278577769
1.74561017146
8.18050946454
11.6421147529
335.559437561
33.1006921499
87.1704647255
86.1600982992
4.23145201352
135.2692382
0.0
343.430890574
253.519909408
46.5447311963
131.497215933
769.216787554
371.965959792
29.1470818602
147.993894582
405.483306509
471.36540931
4.33571915189
1.86598256192
112.64969801
9.20595522204
146.228978807
130.988892658
16.5859036339
2.93497922014
732.568771952
3.00566829452
3.22290330611
0.0
276.855770575
7.00292092344
11.2960990186
16.5352918644
19.2615006751
449.194511123
1.86190902237
118.30863223
18.9262515852
150.222354841
15.2997694317
48.5314649657
20.6039198597
0.0
3.62525727814
285.208982441
146.259142493
197.717507927
1918.8017669
373.42731146
8.48958098847
256.143852681
4.34458266753
357.644702993
4.33916367424
2.69698563587
405.520205502
267.517395173
335.983060553
4.907640488
81.9692138763
559.141532198
551.330731114
600.55059613
614.811757669
292.948962819
540.316839762
365.674610063
402.053956941
267.643792463
0.0
13.8543883697
0.95059170495
6.73207073587
319.472403857
3.48646151626
191.989642063
87.3947354856
673.294955128
9.02559810272
62.9315940911
0.455621480379
163.224405802
109.15226989
298.627463895
4.67808136132
0.467130686609
1.91096432603
242.355283024
332.154372479
0.0
51.6170958169
264.924467673
1.08920157516
227.769514441
17.1940236041
8.35721305898
2.41280751819
5.22713601275
20.2930878913
6.37502007028
66.6678015642
6.9957304328
27.0523108685
9.27300081977
3.06082586896
1309.28517557
1028.93234765
26.0191139307
6.01790710589
11.6324644634
346.343767776
218.682756976
100.120176632
178.525984914
128.64169686
0.0
89.9646254816
538.589478123
0.0
0.0
328.660661187
16.7861180025
79.3909055
245.807677129
109.654259786
210.198091565
130.401175554
242.970969288
131.852841764
1.09314046886
76.9259940548
3.90468661735
0.161981979252
0.121803253888
55.2125290378
0.0
353.185173962
27.3110740784
0.0
56.6873573495
142.280290125
165.978240124
0.0
454.209647235
1.21664387789
220.544811697
439.996962224
30.3035953104
36.3951959019
52.1712760541
0.184362331127
10.4146620282
456.294008294
6.70352079029
35.3712834994
1.55515963704
151.582669866
460.026879766
74.5240164845
29.1027562435
87.7514565703
198.27759751
10.6140072277
74.7602546486
7.30393881651
22.0235745197
3.40233800084
25.5465763088
0.0
224.818496288
0.178662993102
1.57483400913
1.88645777542
2.24642141366
78.2103547499
133.043527127
4.49228113302
257.594665799
727.412996233
4.64455856245
1.79450269431
96.7664980361
10.550826167
1.05954934225
19.9214773866
333.652862287
253.120723633
54.4386941827
43.2500837549
5.21173614418
203.613596707
186.070431374
156.877494561
0.0
245.430052777
0.0
33.4934591358
7.62819115832
480.422294488
212.163324201
20.5252444773
70.7296470257
4.07443685865
5.22971036114
182.321786242
156.194885288
15.0301752688
253.823731753
270.656585935
119.998226711
3.71265650616
79.4345870272
140.470876909
348.201404306
134.218858842
35.4433863554
93.3741981852
0.0
35.0805951542
53.2637101347
193.497686704
339.19511683
58.334537381
20.3770566645
0.0838914020398
16.1537557494
570.960589692
288.447441363
10.6796169379
84.0449324794
288.734405847
989.121376293
17.9640089944
14.8102614077
6.02706201927
119.455269306
77.2566561421
1.40036513397
172.411704535
16.4933838441
3.67807261757
127.066811604
132.571582348
74.5200916582
2.40845262907
248.17934029
1.04793161548
0.0
84.2488345369
30.016315314
522.016154833
360.424116009
127.485572274
0.0
2.96038207002
770.36038505
4.47979524193
1.50092549202
1.75251529327
2.15389258043
163.669284753
452.504599631
424.123492925
442.548266068
63.2409188298
0.0
3.31368978177
288.741260728
806.027022275
2.76223361096
635.28606582
0.0
104.463157617
161.077010387
0.0
127.182221191
3.20918550593
94.8446284004
0.0
10.0829077016
119.457933083
41.2267514331
0.0
13.162876393
88.8151417509
280.878833006
149.731171782
63.5716613027
2.27738694608
3.44992727239
552.677929222
0.0
1.61537547446
8.08773143598
399.0143388
1.89545191764
258.195493791
0.0
235.7409832
0.849570134599
18.4780115112
674.711855576
1.68703721445
143.924896812
217.13972049
278.597945268
9.93580408944
189.744653523
2.13188602153
3.0287680974
213.246033635
6.07009543775
3.78264823563
56.9250846564
1125.23787857
3.45093611149
30.2087996037
0.0
9.33630044924
10.7383918637
78.4434528522
60.9851314904
1265.09349324
3.80312344912
124.547537398
660.860883594
422.065038131
1.91319402122
0.0
0.0
214.330047325
1.99357056352
2.6229635741
3.36059678065
11.1946453757
148.859209238
24.574512609
350.084486891
169.460841123
0.476349908467
24.8478658028
831.26653268
0.191610096496
458.906579017
3.95983213396
1.15748712056
251.158963655
126.328350427
106.476830606
362.513273072
6.21661725923
8.47597070401
55.5798791066
118.074783528
767.060666284
224.908666809
149.664666777
303.239844108
3.86174162302
2.4686031532
14.0006338657
756.642602941
249.141874279
0.548481904141
465.412951144
0.0
4.87570932372
47.2757466594
0.0
775.409162532
215.188212688
3.04939704834
214.348474716
323.655508964
481.977325508
205.280220002
156.873054262
69.0250827391
840.596228448
5.59913538282
216.311902694
134.656107193
624.075173513
169.94040746
193.071223085
266.20371484
90.3785529683
1.58625981533
31.2704218892
98.1025295808
42.2233397702
90.3035572363
2.46249083424
12.6512552991
58.4899297518
0.477267308964
0.0
435.663477791
115.709315081
0.569983038673
755.624130634
78.1780829518
72.5270566638
9.10553955804
0.0
402.655109492
0.189665770142
248.749341416
10.9302360831
467.341902749
147.994185979
0.0
3.40640149219
6.21787629848
55.0872149435
1.63472930903
1.04560043349
3.78546173112
15.5901040804
110.950816985
2.24238706208
196.263685374
139.259831887
0.0
37.7612534726
191.469847765
222.223808343
3.32013670574
143.763744814
350.659457855
9.32866783788
233.061962738
329.206511468
52.1248996001
1.67147054579
357.04083542
504.877798247
17.1907750216
265.951164431
0.0
567.416369123
73.029825295
502.889570311
652.251725028
311.367572397
16.2680399365
0.0
126.389181214
21.1961013778
234.730173649
253.475936483
5.68068254021
0.0
0.378840183392
256.046863453
10.7919598131
291.135875982
842.093967657
652.243043385
377.866917928
382.18242312
347.803883516
1.55554649267
48.4557708838
40.4801893976
308.997143155
89.7671301553
141.659667182
857.110022192
3.47833352872
279.225865212
17.8536717395
225.319551701
63.5834619067
6.18651888633
157.195438645
539.520649675
2.15398100457
331.537608044
67.526086501
28.2164187469
277.2292199
0.0
305.317614553
153.656761667
164.141840463
1015.88133081
0.0
0.555135820996
0.414637894336
4.11846504873
4.64980573156
172.521322339
282.940554468
73.2420764002
130.988892658
6.40377901839
0.0
0.0
1365.64450848
0.310587797048
489.087218545
658.330073051
11.9548588932
10.5917434349
2.84162944912
118.079495128
1.26409749875
11.2597074591
6.46084173122
64.4220503655
0.0
408.950831191
165.730301838
321.515442705
2.13948145456
26.3334396576
58.223413352
339.536944475
3.48036125513
0.980147475166
3.35193724343
282.122492469
28.8019282614
12.796102086
244.091767422
97.0788593401
8.00842000268
152.496315352
938.138555907
2765.47777726
2.78669896396
4585.58371368
753.807509844
22.4859292977
1.67361684092
3.33027031363
0.0
209.534413098
232.920642868
19.4419090403
0.0
140.217148852
551.930728121
30.6756911432
9.28022748393
115.736394974
305.671083036
1.69627452307
158.739891927
1.69804501559
0.0
29.5208939252
2.73383539317
65.6561087758
142.815666164
0.880858214189
192.064283093
295.207728445
151.406677684
137.745734212
25.174062471
191.095791528
0.0508428781254
188.183070073
46.8462565233
35.243794975
564.43342081
8.19769891721
14.4646948278
129.455688334
129.950795214
67.0829760324
0.0
0.0
0.959982750997
64.5762068079
0.0
343.749909814
0.0
1043.01064907
525.24348638
53.8807217552
0.0
0.0
55.8194271471
58.6261963822
129.891087816
16.0378869614
1.83455983648
2.73315211568
4.35812562908
439.434087281
20.3713050758
2.30821381337
208.266335508
21.0646166849
240.958609599
112.476848904
82.0762724042
130.649506725
17.2037864335
32.8242702363
402.638810309
0.0
1.3660716383
43.0974043975
72.2444651566
173.08200175
11.8848571156
8.87252787048
852.63017269
170.939871591
492.159823917
258.554732955
122.998582523
267.671724444
245.874845314
124.157727596
8.98611772714
1.02616018441
127.727664519
2.89118314341
31.1827413116
123.050644248
282.364166709
1.46841354189
377.534799857
2.63877340918
16.1603694734
367.329754296
2.04581416048
0.0
117.758801858
2.90285312082
23.2078953536
278.261829018
594.126139929
1.68630671044
492.284611486
212.259894419
474.570222846
1096.40802636
196.144186172
0.558997343568
29.8926511337
556.396311192
199.143437687
0.0
1290.84812554
3.46896961281
713.309789356
49.4595085137
0.376951122128
7.45512099234
1.59390247488
17.9572324895
26.9424951149
120.982202549
688.603911627
717.886375877
2.03722596547
0.433684254044
234.077985295
178.140573209
1030.89571835
149.110928661
227.359852415
58.5332545679
3.39519976084
147.307856863
7.22751724503
142.153699909
432.878637744
19.9148696915
2.65664111523
1.09998429666
261.106457818
6.37757934638
3.25665922318
1.65471015117
0.0
5.27184948998
3.94827570118
5.87508603581
252.096899655
26.7114950767
0.0
1.17892696109
3.99078962782
653.338007602
63.4964796787
2.89931816468
0.203737266916
40.245738808
245.299951721
0.634037287804
8.2513583053
10.4122544799
14.6716364652
13.2375194334
4.76332826531
55.4508240681
71.9216547311
141.246317466
3.26813828481
80.2446094631
0.0
1.62393854897
2.85593004481
33.0966397114
0.0
332.788285169
300.834564701
124.519183392
197.701144437
757.561245395
1.82040895895
485.171381442
0.0
144.983096681
296.847895838
432.10287263
79.6505027103
0.0
313.705417342
172.200603948
2.45996572203
326.774013501
99.588597807
8.24054644401
1.77672441722
129.383977358
0.213079076793
7.03612017034
234.555050635
1.01746447368
12.6610754032
82.9179637465
181.634268424
167.931986664
2.54869633632
132.301812342
183.952181763
36.6894352805
367.527574178
1361.93670928
18.3048016753
2.10431276082
34.9926694006
268.512151723
455.220941111
778.688770834
678.833468726
456.022801396
156.403268842
1.7980909059
29.4362036915
285.183773522
81.8003418475
176.249101383
470.950573467
0.0
0.326591562337
1.45133763385
9.95528252168
7.43165141578
0.0
4.15890000316
11.5821963421
453.527348452
232.894276396
34.7902424187
41.2802199055
344.632137597
374.508889467
3.53419749149
324.070570894
31.477054042
101.840604009
0.0
1680.14134
609.644613419
1.88307153263
554.050353331
674.875665324
4.89702657622
0.480114968335
1.36336063442
32.0262121898
1.64319994013
68.4912189536
138.977083628
2.71051452996
4.01031428176
1.21625501262
3.98312486222
424.277641328
1.91964295483
52.9202868356
233.387375646
11.0010768853
3.00246894823
7.98653301735
101.85958606
143.978945066
61.4194688772
3.8512312077
175.647814188
0.772444184414
270.150517476
3.63030850738
66.0605226284
9.33068350643
5.60850331801
17.1112455424
0.176574977514
5.86211079746
9.83734782408
29.4563061167
8.1883500736
96.5949833311
3.20799680407
130.502598048
3.3794170559
327.220990516
406.77447084
849.05910635
59.7657484738
611.830504487
194.060987691
86.1659905625
210.113905751
343.202059941
0.192183848614
468.806896889
360.921246596
4.76836241261
29.3059408594
0.0
7.04548207659
4.04736801749
291.438395076
170.622490207
562.038307164
1.57819613626
251.107662579
60.0777590956
45.3685725137
43.1518535741
541.705686646
5.15735328582
722.435658429
5.20286860925
3.12672094803
191.646340347
64.0064518633
314.699787037
437.584224039
1410.43636165
1887.30309216
123.027892113
0.936400634617
5.36013999319
530.058977857
284.335607121
0.0
189.110324837
4.32781222471
423.64586589
1.68524260625
507.739709984
386.641027716
108.409734168
0.0
0.0
137.735380549
6.35082099455
186.0617015
6.60545138058
435.364567005
94.2440918052
2.34171350138
679.715423198
0.697840331982
6.19616716623
14.7138780856
238.240686532
5.35603731385
14.4780569218
352.176183134
84.6224426235
250.873461184
222.377943684
1.72265305301
689.590911974
74.6622374895
12.2242309909
0.0
10.9500692168
315.750226683
371.717540196
7.17208434997
82.9254828132
4.85896199176
3.05960400808
238.580280462
2.81384819071
62.5059282992
257.039230541
24.3671569859
419.49361277
577.98936061
20.8908511836
1.59530520335
0.0
0.0
346.271863875
32.5924552892
10.8846484127
4.09382083781
136.860547234
295.383195106
425.572358702
1.64089086418
3.4159573287
371.013288109
759.560631856
24.5768869982
2.31163924414
84.3795495377
707.106880853
21.0346620012
0.0
8.37594691974
3.5795188847
4.68556124006
1607.87550132
163.127804434
7.69068693189
316.99645949
532.105334621
135.159026547
139.472879815
2.98705099288
14.7671837771
128.254124792
0.216705471526
161.110480935
0.0
803.742588527
4.28159955633
43.2736015629
0.0
218.33033853
739.693738292
641.855424073
1.57999074446
2.77328863862
4.30834484551
2.09954087149
1.92714292997
29.1406088109
441.812266698
1109.88188042
2.32060927068
750.255421536
124.601590675
145.06983072
127.982781239
480.349866071
533.940855065
0.0
51.190514634
84.144441796
1.83686087387
1.51587821578
99.7146635067
125.647804049
1.74800365227
217.863892125
26.8737373043
142.203879606
210.01073889
181.003666614
2.72958098604
33.5937893902
19.984370064
1.45401547867
412.468394895
714.147592045
7.68107583032
0.949214096976
93.9845006241
633.588232821
271.46239717
606.509442941
294.964575111
474.29796993
131.667430401
324.361753609
268.898102012
459.014378097
198.463153567
5.42538193935
223.650495737
19.5354627897
85.0648597665
32.7362942417
140.242753669
500.138068175
14.6888007974
133.919396411
458.68443948
369.632119053
342.09004996
300.146373653
118.603479525
19.9518229451
0.0
157.018184408
315.477330682
4.22417410357
122.173902781
66.4738763629
2.13233417117
6.31425962053
116.818663294
34.3119652658
406.703367779
63.5929283143
102.184876381
137.440078071
18.7894986219
383.569995893
7.82111153986
104.565359851
17.4490388361
470.075397509
4.84685491776
653.1292181
66.0687531074
239.97775272
5.3858784529
50.6018570191
175.693500331
22.8072847439
19.1611664015
182.206999645
1.04391836511
2.41186097792
126.167848547
1.80262264329
79.1885870385
217.984566967
0.0
191.453751556
622.378838701
46.6643851406
606.73494561
17.2056061622
49.0535653254
30.6665050804
325.033576141
0.873261776342
997.603379935
399.924728668
2.18037460682
0.0
91.9203203667
5.75689711881
6.6138838285
132.621804248
127.066811604
197.538567604
59.6259016703
352.997406296
401.585133134
427.9906033
17.4025337651
308.449654013
0.564042543891
7.34584281752
501.228826216
17.0586844224
3.4728019956
3.40971840243
576.016788772
6.62717960438
4.10451714481
2.30902470297
1.7306825682
177.342083091
0.782801867131
15.7597488156
2.73769490609
210.247537744
2.60157899868
5.68975606318
10.1636469838
0.0
9.44395985932
32.3630589434
0.979807846065
170.677857789
254.497639286
137.451776183
128.704874906
12.2993422774
114.501419164
50.3103758708
557.781975811
18.151257168
30.8474449953
136.478628283
129.674844561
559.273373602
9.36383150752
4.35848736422
0.0
0.671049825912
182.764284775
11.0874311008
147.076081104
142.284557595
183.437684875
18.3801551233
140.604553114
79.5644419023
126.788152962
102.736907309
97.8761979355
122.154534878
96.3992233286
249.086648376
66.2419247601
52.7428014912
509.054668447
3.29423847966
0.607147304573
65.8820324642
0.0
231.888760235
125.299595798
128.313850278
18.1653075637
835.953063571
418.634085876
30.3035088958
21.0868322463
445.540078902
0.0
9.92929989073
311.938669781
2.91644029442
94.823155401
41.6154006676
0.920065278786
2.98002529271
95.2862276201
0.0
0.0
0.0
71.5338605984
53.0629601971
535.979690751
48.6459420783
0.0
869.941800406
0.0
96.5786178307
6.85152271137
2.86403592629
1.92639232956
605.524745642
2.11744877035
120.719184932
133.165964422
415.116533225
491.95281797
199.657751699
19.6838967833
165.792851872
4.44452104212
345.314621268
284.892690282
433.057807166
5.51837098004
3.76146964827
10.5823775093
0.0
0.0
164.356901045
408.757172267
1.48817131403
5.97672456553
41.5838965518
7.51667324012
1.55274706465
642.417143473
51.6037819542
295.391277876
108.56492256
306.737963543
417.663746447
34.8273303183
0.0
5.0104436039
18.4131252713
2.54117124067
186.224529537
2.04101815548
6.46750469144
2265.23259026
12.2603924466
6.81086870623
40.3293880485
0.0
0.119029951182
25.6852474729
1.55558166136
32.427366407
258.775089941
148.91186883
366.824203319
286.933765712
129.509568783
1.10039024388
118.810897446
1.96466390691
702.551818578
257.687330282
1.86190902237
0.0
226.614478076
67.6580404448
130.462641388
113.127183365
97.2945298471
13.9642151761
51.1124501821
297.417747246
142.530424947
12.1505435341
723.153227393
1151.28612624
821.892242002
0.0
1.36471714118
6.34596168588
1.61810155063
100.060317506
146.246413436
0.0
33.213253071
1227.46775882
177.040348761
84.8503648986
186.665957937
0.0
124.539485777
26.9374559436
0.0
0.0
38.695665569
97.3919581818
146.315214454
129.742661861
451.653712177
144.060913243
232.865190882
18.1728195966
196.716145691
13.5719204554
0.0
418.590456599
286.679856787
1.0986629586
29.5011281145
61.273108832
0.413596901003
796.930557244
100.107558105
84.0019693983
10.044308553
282.226816883
0.0
6.75795891374
191.244781187
5.0366332277
252.762407898
5.11077184855
505.815143412
3.67956276536
0.0
147.279605349
125.788187426
69.2955440615
2.72423333496
249.46956009
204.645671261
10.607101101
0.0
28.3311129005
2.72967845357
141.488264012
467.026273772
0.0
118.500809045
3.97882724785
2.26080540939
169.885285053
0.503107255481
229.964447883
316.353825968
0.0
84.7546035601
37.0396541762
1.85832985417
104.587167455
798.849467685
276.360565223
25.1510621452
340.740853266
349.66899691
139.120862292
615.516465945
101.392065504
145.637684545
1809.94201011
345.670750513
61.5791478096
4.79189026872
300.415940686
527.47378747
22.059074804
1.00851353871
65.8132475235
0.166054513987
323.972446218
21.8972857501
715.202564434
54.6601494376
128.047321819
6.43134022125
307.473522803
664.241163791
0.0
2.83287646366
2912.49785774
232.884506533
94.9797153725
4.07408718134
1.36624346249
0.0
399.145903878
89.2754225808
3.54165727385
238.413338692
5.31420867435
74.2448614612
257.774770709
5.1416670436
6.24187641991
287.106682141
0.0
656.875744067
3.55982743067
437.531943263
1.72458532153
6.85482756376
379.39305033
153.384038495
595.919454926
1.43820664843
286.624528393
22.6512955101
11.9945743967
75.0512585073
35.4781310152
118.486483329
488.671405011
0.0
24.2769965131
4.83513068007
57.2987691092
4.69019446426
2.88031300258
83.8816040417
0.910732512287
160.318859764
133.097245799
0.0
70.6144635247
0.917109098873
0.436272669905
553.898235668
0.0
27.2415043733
0.449871901362
187.039672535
0.0
1460.91233986
505.199290349
3.52364989783
2.67265894802
266.717777646
162.901271825
659.8404127
21.9957580926
48.9833515308
4.47684006684
1.03961673145
6.89823578002
15.2441084425
225.787535479
2.81956963477
30.4005021436
123.880023533
149.189293554
21.4641209879
85.7504804847
0.0
0.361958205579
13.9115254392
2.18324537705
3.17600233614
587.808355401
0.0
752.437116477
394.868452218
335.962833531
47.9394160838
335.79935035
5.8946739934
0.0
4.20042920636
402.9074097
273.804244313
38.2464789547
1.95392037339
430.708914228
1.69935228619
9.73049628915
40.4556446639
7.58854900673
25.4987298033
155.98214986
328.733649289
1.1805497451
159.577448435
144.098948687
123.522628214
1.8636393221
97.4279890107
2.98489866884
14.0455141431
290.611910677
182.636124026
48.2147738929
5.43323762071
9.34905362241
194.38031742
0.0
2.5410908551
276.70007073
5.840653875
5.63496022389
17.2735922713
656.523651185
392.234583335
62.9653530226
208.636566395
766.349029776
5.03030889174
186.428017609
2.48737017301
1.09086455196
4.61077049115
1.58426323834
2.40424343885
266.725246472
15.1126287737
206.249367715
2.37087337259
322.433982667
0.0
442.530238595
445.609751098
4469.56549488
133.267519551
307.918129448
124.031556391
100.975121548
4.29558664824
0.0
155.041534006
296.876047875
732.197142356
251.378658465
986.495769038
15.4996522098
14.3009875729
254.736971291
26.9745800167
18.1070270092
232.459027638
0.0838914020398
8.82436685644
2.78320018134
244.434262267
35.6375044822
128.493962221
28.6624642943
237.899386417
161.763836889
0.0
15.0612653989
12.8860867155
85.2509182335
136.135770697
11.3907329493
4.59298216585
1.61998558779
135.160456406
200.534087219
286.175584945
24.0195978484
296.092363777
0.0
150.995571732
82.1320921547
419.797840057
1.32700524847
687.464268097
0.0
2.51342615578
24.1127366073
94.5504292147
4.44475717478
0.0
551.194639322
201.404384777
106.517480592
10.1169600405
0.0
7.35245855121
156.833473405
48.5776454798
164.317188556
153.604133224
186.297981866
15.0829313239
2.58306720312
18.7962851751
272.109873924
53.6245841395
128.27159258
454.327249337
3.05960400808
260.797629461
0.565016214297
1.17902241897
73.7084172984
7.55163494098
177.604958023
0.0
14.8429371434
3.77451723362
1.74917225773
16.7866807016
1.45686816215
1.05357468359
122.968612767
3.10762635696
2.6518893223
37.4028121366
78.3462506019
1009.05046017
0.0
228.959233167
162.397662159
2.56009300272
29.4792883558
1.69410712671
648.874278424
133.866818209
447.012671489
137.125359459
107.119827872
390.522385432
239.162990549
113.299884762
91.2555597081
448.920734901
6.72956471523
0.890417065145
68.2565121351
168.495161043
235.730869689
342.920755608
0.717767918673
29.6994463882
522.504737418
536.055711399
953.974988551
0.0
170.751892914
34.5120962344
29.7294663851
53.0849496741
13.6719663457
3.01136059882
40.0414127167
286.171846011
31.7316934715
5.93221908602
228.849165205
87.2592305086
154.987500825
0.0
10.7054287494
127.066811604
8.32326120205
25.4191430495
1.03552912442
5.44400426508
0.0
518.105623179
271.843502219
17.6362638989
66.9212131039
83.1848368573
2.4138274103
0.0
1166.23998746
46.3160814315
4.1739381366
5.02298375527
11.0301935494
148.631345242
68.0201493734
12.7665875134
4.91749877526
1909.33668573
0.0
11.3180221774
141.565152825
351.485808613
7.92421308723
32.0431624955
0.0
4.46559613304
577.949809897
2.76015262909
20.0982302172
402.110933239
22.7021996822
9.37538090654
193.06642105
116.499709367
0.833909012869
323.034686062
1.14963746812
0.0
383.68170774
0.0
83.6075052717
33.6643227177
149.489181025
52.9213217999
26.2086651515
7.55538191409
117.791512762
2.78730185585
1120.09903507
446.348446399
11.8963080423
0.711593300871
1.66142435722
3.077667654
302.110083986
69.035750911
1.63747246715
68.6712404633
520.750414454
1.12550270084
3.6208702348
125.6872794
182.489437415
6.13594831438
2.68258154374
1.0986629586
208.003621346
0.0
0.0
252.322273706
187.221430373
0.451442434743
124.079618932
8.41976510249
193.352706276
165.6330604
11.1879020299
120.874169346
0.0
343.533426407
2.08506744679
442.539371403
15.3080310603
12.480193768
0.0
49.5616976848
3.15744230922
123.217598076
305.488140515
94.6981166272
1.30236204236
0.0
10.7137566961
58.8100794142
28.0271197359
120.227299505
21.4764772573
0.967022518662
117.943077774
196.719453558
190.953467844
0.281294284805
0.0
244.201767057
569.588951352
42.5388240543
86.9939148686
419.245736784
15.1954500427
6.6035261458
206.393485003
163.384954909
0.0
1.81536375862
81.4121528206
3.04634541054
127.246056389
3.95694327696
39.2131538057
2.93541028784
169.411813955
5.06866487396
25.8807884246
18.344013764
81.6984159393
0.0
456.064515486
9.67976494601
259.51982421
83.6497458874
590.305505485
353.376570032
13.9346051456
563.952006609
885.438151783
14.1535634233
3.006959488
0.744970400869
288.211998012
26.869718025
0.0
6.65451874208
558.85049518
3.10231990349
3.93853598265
0.0
409.039410078
1.83328572495
250.132795432
99.8221822419
192.40507276
1.8631931821
209.778403447
310.666754784
9.42035262244
870.958453991
3.37367752508
7.214456597
126.818097598
7.71726542099
57.104286233
11.3338691908
456.546182901
418.890842462
2.81460682966
415.302136509
0.0
128.638949683
2.4696059634
1.82389769336
28.9335124314
1.2185299247
187.484463063
7.32624481173
5.29946595794
0.617006596656
493.813392593
0.0
0.139041942739
13.0676908162
630.104075357
35.0014424824
172.802649782
228.504111083
452.103018365
2.73632533669
264.821130997
99.447767285
16.1521721533
20.1156316869
9.81378982339
4.15917431897
1350.62436936
127.066811604
3.86886981483
3.13231477997
0.0
254.155069079
13.2496244977
0.0
19.0788867304
1.2261344011
7.92661963071
50.5044316989
33.6454079892
10.2607125785
59.7747004134
133.580987163
3.34584401602
330.945184364
1.03927107343
487.578802121
14.1027346126
0.0
1.67946187782
13.9584736357
11.6224785639
130.191914793
8.28553021775
665.194632295
18.6614413695
596.788115633
609.031704477
170.664374112
4.37068788648
356.369359551
37.662910752
748.288321946
267.370637219
2.28888710894
25.2295385732
251.827423055
185.62071321
22.8941443837
9.03083622846
15.4614529794
135.695234577
45.6542769528
0.705208675729
5.82996359692
1.80291002176
65.0184692087
1.82040895895
1.34118325615
32.1722426545
14.5965965209
1449.74377759
5.26082259727
294.949513866
419.144036959
0.0
3.79452922518
0.0
432.923438641
8.82280335682
134.792163816
265.300778725
0.0
414.083123265
21.9592730849
487.933207096
0.0
10.713773778
259.544266452
5.49523198921
10.6904599486
118.306746183
25.3924851796
413.794459632
0.444162515139
12.2702828881
18.7419475336
181.795411379
3.033928852
78.8391649651
2.07881043376
15.8300580682
241.225832387
7.83820553464
20.8949900365
74.1942125134
123.718690667
0.0
406.290985706
252.598945819
18.8553123107
1.17902241897
2.23941380023
11.1814189324
35.4627331561
697.78580443
16.1053656364
1015.42546717
2.17879402524
0.0
3.78796172284
130.039065621
164.781219373
1265.99779189
35.6098357636
213.233437214
16.664201204
603.161458659
671.546614861
2.75799729057
3.99992444482
12.0113287624
22.6690587149
0.0
1.81313205379
8.13291114961
292.622610404
23.7390833038
9.83968804945
0.0
597.29407959
61.000620788
0.412136897802
128.129087023
46.0419233771
2.45245871315
69.9955156163
149.576560156
323.909215922
5.86899582287
6.55542441614
0.0
29.1268216782
77.9680977151
202.677504552
210.199349601
98.0976180215
31.8738543749
366.975354346
4.73731649459
81.4029979072
206.155960669
3.20575806552
90.7164005224
421.485456049
150.772325888
244.828788693
13.1117702521
35.2012308074
233.903392827
86.88959347
9.24197499816
0.764925117695
25.7338948198
5.27409928157
152.901614451
351.669794137
38.9656948187
76.7446391493
1095.46255924
268.068284625
12.5246600595
512.812043455
141.208461885
0.0
0.0
479.050165795
2.93808411337
4.66284326874
48.0642498742
630.987881712
20.7364083675
69.4166791102
0.0
53.9269746166
401.689006382
19.8751401205
7.35288559964
92.4275393451
37.0144944926
360.34435944
1.7980909059
2.39866769366
12.6332640002
15.4006031007
23.4578503129
7.29567216385
190.063639604
104.507310405
3.55394822989
429.373513709
4.40306921005
652.319750324
316.520976741
4.98514425045
697.193631954
449.28275641
284.550585307
0.362069740578
100.105588658
29.8217470278
126.818097598
82.4159587784
0.0
33.3908780852
152.118964311
5.23993641247
13.1442932552
165.046503864
141.784647676
0.087607225738
6.92538500678
1.34125761282
954.704110934
139.597857295
2.257389022
88.9894096622
19.2568463496
49.6855748868
2.74651923377
1.3099223067
2.94216971076
176.14279647
131.382982992
343.004046128
1.3920884331
3.35877805677
236.757901052
1.43727015635
56.5200960468
9.17798706715
4.67820294451
0.267919128167
133.93270324
27.8093833191
157.12015051
15.5745977009
1371.54383178
430.235588826
5.88649074078
2.28553302036
627.833777415
1038.64868803
125.923312581
11.3943010645
315.410487053
3.04757932928
7.96653107399
769.030748179
27.5451388171
130.832365846
420.127941456
528.044412588
525.337712354
0.0
1.31591806657
7.15120117964
30.3335690856
1.47078793113
67.1679174711
139.876512922
391.183309689
157.745456919
143.916952707
16.8527516241
2.27869522148
6.96412583497
14.0439687302
33.5246698445
162.296611449
0.782047247444
8.09731138817
8.6404587039
122.738690901
2.82709674004
4.76144020885
541.224648248
49.5297715446
54.0503403653
131.911124328
1.95561148515
2.45245871315
1910.6946344
175.086473604
270.086289392
24.4274652668
27.4173287503
185.976882649
20.7503954594
1.91432243388
583.883566359
0.0
37.8755768479
155.514056556
215.110498919
649.900499902
108.662452381
0.266486255101
24.067069556
107.434553517
0.0
41.9806335809
14.5958238145
52.7366208444
263.565262973
4.85676244119
469.754939367
2.83879887168
3.65051543398
97.8731181627
54.3377761089
1427.52232291
347.338429875
65.852314918
61.1357157985
27.7033265968
94.7882087724
479.291442127
31.7752262853
28.9560826942
8.18732716703
10.6663151331
62.5836822618
0.188198733204
233.434161062
3.99154525232
12.5461250205
2.10335818199
0.0
518.808077643
0.0
316.27136744
179.521771405
2.67424354886
0.0
625.686045384
8.5948800768
24.7827052471
18.381154919
0.0
39.489386813
297.006781968
8.25267160479
4.98153192318
11.2244111533
42.3209781122
44.8882023211
123.913682987
135.039973485
0.891095318525
9.98171330224
6.90074481513
605.211486029
294.179928394
0.689131558593
2.89058728526
0.0
0.0
0.996194447707
271.069624156
0.0
13.0947214742
78.8082255579
21.3600698858
34.6391587152
0.0
6.40984210118
139.764856339
250.315842454
0.0
0.0
424.925334119
12.6674580187
9.40370677729
956.100860727
10.6927730438
56.3828477075
124.822276238
91.9899995973
113.000066624
15.3629896804
2.41373898615
1.35204837288
666.858853065
5.49459392862
652.205534466
1578.67929985
0.0
237.161305061
144.792537627
17.3287428119
0.0
403.267092994
4.35730971539
2.77328863862
134.949037291
11.9427035879
4.06337178277
230.91890111
7.911203685
168.963295546
38.7151490253
223.867736778
148.98969313
421.785088295
146.421236008
313.325238738
761.675347516
65.2858708547
9.06214942854
94.2955315466
158.442307503
322.622486865
361.819739398
33.8172904583
210.534146521
196.7961816
39.0865213878
2.51348343052
1.45014792718
419.112560978
0.46588471003
2.09494884491
124.194640657
6.42180749561
32.4244453958
3.44241222494
1004.81632227
80.4992006612
224.782724702
0.584132911392
388.495836681
0.0
183.73186095
198.600585789
296.679502104
0.72373453877
0.856043183887
141.774341239
5.06421653661
5.51972045307
252.974759485
49.522302719
0.0
20.3886693672
0.0
0.0
0.0
2.07515891854
62.0889230493
0.0
83.4191025601
252.108847966
66.8967316738
5.33431712861
4.38360484529
107.911364638
72.9255089205
5.07724201595
2.35146226328
251.575775979
250.176695004
835.944288479
137.682765168
7.19202298965
8.26705158126
139.664424597
0.714505268714
501.791798627
123.884592449
128.000394725
0.457211105335
0.0
0.771786027432
41.0999672873
17.7541774953
26.0647628953
440.317034515
225.907578289
374.030332974
8.38354134793
195.173423714
28.5422798051
1.64207454193
825.892793455
550.712600125
10.0118106704
28.9299664222
249.280174664
70.5282630466
134.467780848
4.01008417803
41.4281816337
40.7458798354
2.09251718094
62.3245171238
381.481804461
10.5841309199
747.027506189
4.70479751072
616.974102794
135.1165709
149.313716373
2.03750028128
129.566683746
74.9877579139
44.2689358847
177.967758268
2.20667375599
2.54493228128
15.0059530822
41.5026116523
40.8780397672
18.370386265
4.29310373846
395.237536606
1.11021135281
137.61513979
177.214248908
5.84781924514
49.7119514072
13.7393234375
35.5852166731
207.647704118
143.36895814
39.2613519981
3.6557384874
517.246251027
256.037699496
6.31066638485
0.683438249485
119.223322728
141.022538063
92.0708283084
10.0123432248
63.8698435941
6.27696774252
1.68941059887
0.959982750997
0.0
1230.44927928
216.980171179
7.06929630636
0.0
32.2388059387
217.02675965
10.9473893623
430.118291184
1.13252136729
938.277778717
229.35235586
125.820268308
194.772355912
5.70121804288
32.9701811274
0.286212877828
93.8527717598
505.140134596
120.796465625
0.0
32.5368043482
2.11143391889
4.02957366327
1.76625519951
1.43346691333
6.02359338127
145.695992229
7.05122864117
55.340538059
1.59530520335
16.9179342859
26.3268962709
624.33205168
7.54730115307
201.391110102
3.44312162773
34.2577974389
372.804731128
2.54660229182
5.5471279185
303.299112401
210.88222515
41.7411116658
0.670895083659
138.960410653
269.724768283
0.340416878254
122.623957559
90.5479826722
333.30747557
147.078787084
2.77122071944
175.333134765
503.040210889
13.3368519016
0.0
5.02546264575
6.17339292499
6.66597670249
93.3460300711
283.200092395
332.212149619
170.350229252
1.89846235782
713.825521167
2.6571867324
255.349776736
3.88874314125
591.932567014
1.77672441722
12.7621813784
175.454605422
77.6595497025
219.994968262
1.95149373352
112.834265324
833.170339674
0.352362176287
148.751157948
257.865125111
54.2149539676
8.56310164513
2.39576275956
287.102855787
1.39281290819
0.0
64.425772218
0.0
23.8057912821
180.057190651
254.214181625
0.0
29.143552933
28.2164187469
2.70179068426
2.36378336394
325.02031252
120.025983853
155.818151207
322.543069926
343.02137726
182.656928821
16.4640049222
279.055805487
3.7711852511
3.15107677566
1.60974647382
215.113470171
138.368380862
3.57894714222
533.314172053
5.28480563674
223.054101009
0.378130780599
22.0328108235
1.57999074446
4.18989768983
49.1433228655
1.73592169875
875.658344965
579.283648925
164.060527428
272.599068444
1177.83826092
11.151083422
715.281817587
344.841855552
128.770440405
106.701268166
148.857154381
0.0
0.314499560611
12.8506557638
2.2242138908
300.780710376
5.48879109417
0.0
1.79545727314
263.850623763
157.67858616
398.571759881
1.3920884331
321.203955594
0.0
512.975439217
771.728578869
12.6084630374
0.0
17.1221036254
235.161187092
0.0
9.33128639832
150.393605278
0.0
55.9028251825
1.98758083257
171.157627099
72.4051036917
1.76428977194
124.363282582
299.539002274
671.950311272
267.330175134
0.0
53.7968162858
0.0
134.799395504
10.9401807849
376.813975276
451.600965166
74.0020859393
0.0
24.5323785042
140.436953188
0.60761655543
0.0
15.6529424975
144.694730475
397.618337599
175.385976229
152.058723354
51.4909658086
263.651270525
147.599299828
3.18685539504
850.897261431
4.4236840935
227.203751646
144.059654203
8.55478877075
565.151171646
69.8649362661
0.0
0.119029951182
1.95627366141
501.448674764
2.79455464532
2.40744278515
0.362069740578
323.002172102
17.9262267643
580.448841004
43.7790098556
0.0
0.0
417.791144538
85.6090480756
274.136622633
199.905719125
81.3757039864
261.508820833
360.523924762
81.4815939087
8.31215191411
66.6742665749
26.3762319194
3.44263629976
330.391691423
71.8630094272
82.892799039
0.0
0.543692932874
202.598777924
91.1296909533
8.07619308999
0.0
8.38281084392
55.6966683096
23.4953863623
0.0
24.3058036925
0.0
2.10431276082
666.777493809
766.80351581
3.38148698473
272.835813038
180.500936166
146.000733985
31.7217758997
378.031930443
249.459712855
10.9373481978
22.0841762079
139.741243073
613.22376253
45.0710544081
92.9947088881
45.4260140436
114.260766826
2.44716029822
0.0
5.67897233688
30.0149588072
4.42834344301
466.571024074
3442.24676528
2455.19478526
763.619347303
117.455745185
375.674375958
34.5118842174
3.32530147962
3.5174491547
155.511304354
337.498261521
3.69197932389
531.241575424
252.320432876
326.071972018
0.0
806.423457857
242.948166911
5.04467781519
22.6918771682
10.1527055008
2.15481199057
164.561044259
347.343397704
130.374407154
2.65756956876
513.020265233
180.590746962
10.9527128977
156.9739231
123.008957288
0.0
2.60301086693
155.839064522
42.6455459673
270.441935319
0.0
12.0660673269
272.156239325
3248.65778668
231.890347851
588.119795285
422.270925712
189.320164375
0.832075216697
150.178267366
129.823059504
3.38207480433
129.705086624
269.831871023
0.900299468084
31.6650427678
3.13714997295
6.3156322044
0.0
13.7340581817
0.0
15.2968936374
469.253276037
115.33179724
61.6394741772
203.697463993
3.73850951536
1.25890157546
125.957562869
159.191446901
161.986814445
2.89846808711
3.42413656202
246.58404212
15.8716023437
45.2560949926
0.633308793433
9.92689636173
1.85685980277
87.0032586882
13.072973154
160.545511947
147.244819492
216.330723974
175.816617888
260.946616105
330.784741768
4.48552472455
0.0
61.4572470882
0.0
843.082002967
65.6658585425
346.614981709
232.283313791
31.1012835831
30.4466555276
120.209990478
3.25847895188
142.720147992
55.4930566451
223.126370666
184.663181215
30.7680742775
360.741114556
12.159668303
99.0147210916
344.940423353
604.614926511
1.5695345894
575.196213718
767.498870218
3.25290119706
314.312662114
118.570583733
398.435183766
342.737869357
320.553129777
10.2040246635
0.168110375341
1.6839323212
64.9903211912
696.401453108
518.398332217
215.486631113
37.4105834131
0.0
193.53069403
363.468505035
214.578723149
0.0
0.460119053897
24.2426748824
113.260890719
0.0
510.577488964
271.274959087
269.906810485
7.11253671772
0.768056136257
0.0
19.1961080059
148.991095859
556.569242692
45.8214036096
4.67222627623
131.253185391
116.724116782
67.1829606287
23.6303366787
134.250839244
78.351708783
5.0592688038
152.888913528
604.037766044
0.0
1.30664357962
35.4986112528
141.60279237
480.398287333
243.320489833
241.511201216
1242.54935172
137.994526595
433.791018161
0.0
32.8245345039
188.685185571
153.083159267
43.6084276235
496.95835705
43.6248132204
8.79239248493
302.265970728
49.5240249802
522.930923707
615.384689853
394.645589211
534.099440753
559.939341049
321.674429316
169.583978778
1317.97179268
63.032696047
136.045872482
188.045735319
792.378757618
45.6577918125
449.967015596
205.690704977
320.658112347
4.34725046416
14.1111328967
2.69139984249
186.594933253
135.631795278
2.08507347571
1.53954473702
145.946818368
146.295654631
0.0
569.916579889
2.71260957926
0.0
75.2367763813
0.398551733821
0.0
46.8013852893
927.998163468
1005.44638449
18.7192988949
82.1625251328
34.937696713
5.37396329947
4.87987631153
2034.84894461
196.834600886
2.59970500972
148.666807343
386.836956528
763.512077764
107.796564978
320.613060246
0.0
1701.04593009
377.70015803
221.786594157
74.2254784868
6.45004896149
0.0
4.34770464272
460.474853562
294.06913897
13.1610114474
0.493996554165
23.7875477734
139.745156846
418.508007115
0.478064131081
8.66721404123
6.25117200807
2.11744877035
0.954320591304
6.91756951821
21.6104117008
99.8044160227
4.35552314575
274.812698568
378.016404972
0.143340561932
128.405290891
0.165896757276
2093.56926548
48.4322982928
158.994467048
0.857449931638
1.16786188522
2.130723445
363.07252564
149.99555093
106.335502698
504.238122916
0.27974384782
130.19134506
0.0
71.6386723491
32.4453074649
166.807438542
1179.52747758
996.736595228
1.96466390691
123.06370992
136.672034997
1.76819550658
3.61352399708
886.274055363
152.747161586
0.0
133.206884704
19.6548193073
174.448209039
2.90668952289
516.602754365
673.003951269
556.32262273
245.700542235
4.78371103536
158.644869131
1490.27391759
124.97423112
4.83321951278
652.503762979
307.953569443
354.32739787
6.89503140961
61.319089387
312.261189814
836.864032216
8.43624414756
136.021812072
2.34233448003
2.57916749739
420.296632617
83.7603835834
250.714592137
262.84470065
102.306612312
65.9391795818
681.117011198
225.411947898
87.0009496122
85.2012349175
179.342518583
20.1030382801
0.0
14.2256612551
129.932134705
3.77552808239
8.28786742867
134.113145768
141.849830338
0.0
170.772761012
601.615653894
6.66373896875
456.600342689
173.048385503
0.0
0.0
1.92639232956
422.01278951
0.0
112.804060441
630.250758954
206.821990415
268.910088507
686.476702038
240.795802661
340.760384954
75.8970063073
1.17392697766
281.837963669
5.53307551332
6.9324579335
98.7726258328
35.755481382
170.531823305
321.163652271
237.506275782
147.381974383
86.6335030807
305.345815827
0.0
389.152383943
235.697117791
86.6296817509
137.058401281
1287.26614183
79.0998976218
20.6337137722
242.542751253
28.5148914314
177.744721427
327.019893916
5.09415815764
301.996472023
644.333441382
5.74996888615
78.8616930255
102.213740835
154.248337278
171.64484112
119.301249519
258.569564096
3.09967622254
156.880282936
156.005923897
177.514123316
15.066429168
9.77768162312
661.916991429
1.47551058429
196.92411124
125.007430367
272.519410348
840.711362712
45.1222429442
6.82213876536
182.675079886
6.52948398764
368.722683763
5.96681201799
66.4786743774
90.5922248888
2.18794692899
0.450657670462
1.50707297968
249.55876096
3.55499927143
3.02864048528
64.897295977
0.0
160.620455429
129.244538512
38.6353090568
4.24139370084
437.201100307
4.21611946786
0.0
191.44684342
755.762259194
349.471844227
174.79173282
4.97913241345
41.7839159853
354.501346248
69.3505489033
186.93128664
244.827961726
20.5193190547
3.82273954166
141.172924422
55.0985563447
4.34460477357
263.934988436
151.689300341
69.1202492243
352.685118344
1.01270363737
485.731273075
0.0577449854762
0.0
51.0815077606
291.809495133
139.909677001
22.3195733377
439.239471768
141.784647676
93.5231587044
1.29913255146
1053.44093102
300.413859704
0.711593300871
0.159354375421
0.0
117.356991493
8.02334861077
1.46775136563
1230.42846645
0.0
11.3051675175
122.175665235
136.445165773
162.675905811
514.674351392
1.95811750578
635.347205087
125.820268308
23.3076357786
725.005696133
834.372738221
9.85304712897
196.580471905
50.8720098617
2.11170722989
577.418685251
6.87589662578
52.946031324
211.064351757
0.0
0.313850447007
0.0
6.78834767959
417.969783414
71.0157101854
0.0
166.068740226
136.577177997
69.0917133463
267.237117766
7.63978275975
0.0
29.3599971515
463.153328407
0.0
173.421925262
136.337610864
0.228736179244
11.9070023396
3.31108629361
10.2052706401
170.381688152
3.13260718254
733.417744219
96.3740355104
142.953319446
265.346164426
242.669716267
134.643162099
469.886675264
137.84799774
2.04581416048
8.16622193148
282.185720756
3.48215385369
168.959473211
59.2245012723
2.95324684448
536.900825158
19.0215587452
33.7318928313
129.492865663
0.0
599.329266777
0.561125551949
1.7987349954
1243.98389882
150.346561624
81.9435206334
311.806473675
0.0
20.0518638114
804.857587846
163.619254775
576.290614231
1.7026681916
119.131019979
370.355783255
1.19204186939
116.369011448
251.425569483
6.00728113628
5.23295391953
33.4469942578
6.67994570764
585.992660052
141.309787915
7.00857002047
66.9543812013
92.5834893909
21.1989942541
14.1615929385
35.4496222672
115.949410749
237.899386417
0.0
120.757834322
2.92283798223
781.069573837
49.1228386087
487.373807825
127.82606351
130.078225459
0.0
75.2525188934
922.968584075
541.849001082
141.493199687
92.8657945244
20.0706589662
194.006598803
3.05157147842
2.72958098604
100.92748505
106.790324342
2.71405953427
350.125271523
131.381276808
127.523116362
189.617821145
134.774330274
128.720660626
147.080130528
177.478046265
510.586496169
54.6487698532
51.2588654927
130.59992791
12.3002104417
346.177200804
538.035880682
3.58878834756
0.0
0.0
0.328708717699
19.8135707908
158.622891712
200.520358366
260.235526219
15.5382232234
593.601764657
126.389181214
324.361481303
268.876042197
350.240021946
135.957195124
150.392850658
105.697016068
389.461849356
10.6610046603
0.0
867.329208582
895.940631044
138.859333817
358.86893728
8.93647460386
161.121386244
518.002656277
0.0
175.268564038
3.29977503689
436.139450892
682.961483583
14.7266784853
0.0
47.6025844026
4.43757974679
26.6566540205
6.50956142506
160.17168481
49.4182596555
0.377266635551
3.03470859219
2.09600591536
166.908094358
4.67052712591
167.464695206
0.0
6.12391559702
212.954777567
7.58070236876
14.7890074588
36.7792360279
4.08857165907
343.902992104
5.46410066152
255.393508504
392.880588026
238.367418427
1029.42707973
87.2980959345
58.7003008391
35.7264410846
240.282880326
2.92143625858
157.409011088
488.642052215
74.3773308774
368.074166017
138.601522172
0.0
16.9919141453
97.327689906
56.7450199396
376.638188078
144.626604696
211.879939891
134.527356615
4.19669127662
1.60955153877
454.295226735
478.02222909
3.55381760331
132.35059132
47.144175552
659.132261912
0.0
405.192892479
0.984301400306
58.5998490015
7.80360757857
331.803837065
143.335192175
124.547818747
0.564011394475
470.866346455
139.283361753
346.38381889
58.2088615513
17.5255317499
173.163019368
2.50800314321
180.121215761
7.0497756717
3.64081791788
62.9097874914
14.3172505817
2.79860205956
1149.65515395
0.0
16.7327952291
1.76428977194
2.91901062353
139.598707371
57.5564652007
3.89681184442
32.9002456678
1.79990561049
11.8037229392
701.079437002
124.479505067
217.799720311
53.1818102856
272.979388727
3.39948330772
3.51678195435
321.385459213
248.028223428
0.503107255481
33.8917516263
429.428081454
75.0970380984
11.7175556202
13.0753194082
3.62295322628
37.6815973862
17.0922323418
78.2659916235
0.0
149.987909275
364.509238121
4.3401001663
2.04431195484
610.368846349
127.523116362
112.344883908
60.2356484437
0.453918310781
875.345971604
516.266027186
28.2129139353
8.9158225421
64.3074657371
0.0
7.54908068898
118.833462685
604.378286419
1.31123962548
106.4616106
113.935476506
183.480030996
521.919384656
0.192160737758
143.26921872
221.158900296
861.904211488
1.3920884331
743.207664548
4.75985761763
2.81556442296
40.7275549364
14.1464292025
266.722499294
0.0
0.0
119.83667379
1.29160243172
18.8534976061
0.990504153061
24.2600843907
374.35163215
127.278794424
89.6339664087
7.04520173188
5.02385794849
152.14772125
4.11991600857
416.42827526
1194.13275273
3.02864048528
495.966845062
2.85796580977
0.0
13.4477940581
262.032357081
14.8419654827
0.0
4.49321059137
7.76361273524
0.109951404099
0.400787457924
36.7156922273
310.150125668
142.356570017
550.448733435
254.757284728
3.94287278502
911.674990072
60.8969866862
0.0
175.874483452
76.8700647786
389.97690593
74.5474307962
245.366200497
3.63499900631
235.68298902
8.34784612861
315.600425129
64.727839143
551.933176867
42.5075550661
1.03416658874
347.786195674
3.75957455807
744.872319401
47.6335529496
2.83595523158
22.3681041255
644.593012468
3.67801936212
35.593471268
1.57881410045
1.39393529193
634.097798053
63.9555969274
10.312780332
0.0
0.0
262.020472072
54.8843488552
67.0073854468
58.9124745731
510.621079053
4.6811520907
15.9192508996
0.398551733821
46.3831461208
140.90711843
306.438564415
416.101302871
3.37682864005
19.4420255994
123.574558307
285.073675414
274.495909023
112.771139529
243.602363899
124.848151353
19.5699250951
0.109951404099
1.58625981533
581.839588003
0.548781340448
56.4986541967
167.521688586
130.988892658
63.6952933286
0.0
1054.40422566
506.865578034
207.941179833
96.0990715902
357.478987103
336.516320444
16.7010610095
3.29818943121
16.1786903532
32.8745956322
451.832950932
148.484918879
399.015289359
164.272758438
8.66587461643
141.499892792
413.811328547
12.1261495233
67.5138096126
207.503267297
0.0
133.46580768
0.782801867131
1.83095253333
10.45028691
276.496132498
316.497359456
6.79602550783
0.769580447925
0.0
564.276428766
689.576737985
238.290961686
411.941649253
4.23216845006
294.311449261
3.80148559282
619.569134386
35.3161349684
0.0
135.155111769
2.11291100404
131.377015367
519.492555882
2.05074682098
345.207466277
150.963400415
658.677680419
3.05273505977
990.284158815
208.587948188
8.21870367075
154.283504967
0.758586714263
539.197275546
1.55179449546
60.080572591
132.482443777
16.9512480823
9.07394601323
2.39051358081
4.31130102542
2.30423975098
0.0
727.981053033
33.0044736182
45.3857499086
134.212309427
5.12470468021
749.368353535
47.2012724287
816.823017444
18.1083835159
2.8550066154
3.79376656695
329.140180298
99.7779219385
145.942804113
387.411965677
435.267988748
3.81755668103
237.405806863
128.047321819
311.004710858
44.7260284213
51.4114925994
8.75215949927
239.860786669
161.679822898
8.52991546091
166.15499195
0.782437117535
3.55631759503
2.16318113485
0.0
14.8806811904
431.585691867
0.974537566103
5.97214258714
6.73553133533
169.473814352
234.429902336
1.76521320136
293.765336722
0.0
795.276623818
9.98668414588
0.611160554937
42.1821290949
301.985605902
416.019746671
40.5538658014
557.035110321
12.089161101
74.81361661
2.45393378864
852.260034246
23.7824201778
124.974106523
378.425574638
289.843922869
5.41011169254
133.93270324
0.376139227713
133.662616715
21.488206519
2.16520082269
13.6061476329
5.72274329309
173.795649908
57.0023733873
137.876141738
0.0
40.0020328231
58.4565436084
13.9980484643
28.2592572302
77.3168317867
10.3534162505
11.5868988989
421.240392552
965.35387568
2.41044920606
597.916570494
14.4780569218
312.518833655
8.35248638656
273.475964654
21.6087748493
28.5388965768
171.168838879
0.489433667356
74.3212488686
