6.75276634352
86.682052572
366.914855484
43.6341568169
327.465927246
1.68421069423
16.2604293336
75.6447291969
0.722014561905
43.080432954
0.0
4.50429361086
184.063614307
76.3644487093
100.916881507
16.027778671
12.8526177201
195.481427407
24.8145358562
81.3648063903
327.909448864
304.178422215
4.6708286858
299.232907576
13.3155785826
246.671457244
106.509498171
66.5607919151
7.93688333962
295.437234831
4.44138909846
88.7194139906
199.209184634
387.813755744
0.990736932298
22.436365142
18.8224831265
3.6623017978
176.402142432
132.091495441
434.905294804
1.88913357157
85.4206737131
182.435979017
0.0
4.03529384439
666.539381337
2.18416039796
100.346644809
105.090797664
24.8641552227
875.795133584
1.00586188373
576.99064815
18.2008836211
1.73672102544
321.500701783
16.5708247943
203.113599743
989.307048963
40.4879487115
189.610518283
7.12473159916
43.5519758834
693.441662256
8.09597279582
56.0664659268
5.31367955096
82.7836121239
0.495387296186
0.0
697.166625992
0.707601828982
693.788295573
86.07907819
7.57199264013
155.6505695
2.00496378367
58.2348212767
0.530926224549
280.215417248
0.0
136.668036586
3.79211275962
10.3224332136
392.788785916
794.62547285
0.201373968923
0.0
11.8111548797
9.12978731773
6.21863901244
273.273722484
78.9392371466
39.7596825768
0.732513969791
11.8323874095
83.0499009885
848.279335677
25.8033421557
9.24889506419
0.0
567.242284101
86.8117638453
0.488606267064
198.204042722
0.0
465.14484226
6.02691599203
37.4582841445
45.0850201369
0.0
134.04095824
1603.52116625
8.10557168482
11.0610182093
125.686135552
428.062694778
151.577213503
39.2953083539
78.6856873564
238.769444919
220.935596407
0.0
134.638064295
241.814471475
1.34319426816
0.0
0.917364026188
15.8595754762
6.21502586037
280.326157812
29.8912692804
276.808279086
585.595578054
347.533301872
6.22672596011
29.6716157746
84.152933624
1.67396715334
342.842440241
229.33236799
393.174301045
5.80562648837
8.21978029831
598.53462122
0.469246772288
602.718671259
166.945631795
40.4813282914
0.0
2.15486418115
724.863740554
36.8858808836
166.188666467
1678.8359544
12.8305533457
1.08898321149
96.2603326367
746.861276082
134.462428774
129.260329385
271.964588432
65.4601495868
65.5089005564
5.97861029762
9.27834302894
87.764789749
1.7923970184
836.783411145
107.359071844
12.2476816912
61.0114732635
1.63197727535
47.6292972656
6.09072102332
250.199609417
76.3220224176
408.851202996
1.80064125226
233.987591005
18.6428102229
63.4065865818
153.811397559
26.2561569504
39.6859806989
192.367589245
136.547396961
73.8693988393
0.0
8.87070038875
123.528008236
30.6768872814
474.253167765
1.46305078555
114.540984732
2195.89955342
552.776137006
400.17524508
1335.01691194
0.0
1.62691864092
3.15973582639
0.437736364495
51.6563701368
59.0026282766
0.0
0.0
8.21646842686
0.963852068056
19.0966274402
0.0
270.090523322
0.922125810607
11.8649434382
0.0
0.501778432751
141.50693001
0.501778432751
2.57589940923
8.37718058932
300.823222837
3.10561054249
18.3095838945
69.7254025061
438.682866344
82.8304235992
5.46777793934
28.5055734002
524.359633009
22.8160728663
64.2207553517
4.10669181175
16.1189969152
0.0
1.8421515181
306.769602755
218.750801326
123.788395545
122.682897283
186.069446488
515.196322685
153.600348273
0.0
397.543978712
92.5885504685
103.048022056
162.187534742
1.46202842523
13.2506227036
487.199108263
184.556387551
83.1521536354
12.3302259336
0.185120322833
11.5654428163
10.7947426362
47.4041697572
332.636461953
695.831012476
8.91564769043
38.4247480496
402.592797158
18.1125585569
6.17514051608
0.0
29.1449883372
86.2828457891
2.07571931444
28.3492486368
221.755353268
281.167794069
75.5375475107
185.005450737
673.170287426
84.1993097933
6.92490833929
1133.69029059
330.207920886
6.25673107249
428.781301103
3.11089735268
18.8926349883
6.35977568852
20.7498660442
5.75013990345
155.178311029
122.951775832
0.692948736158
94.9871406978
635.66445965
171.567326264
15.8571264636
8.67957882193
632.180971219
167.515320208
1.74563317185
6.19270008071
8.74980268103
171.242412844
84.644509499
316.94428441
1.39734724331
89.9384895068
15.5770606564
168.033613692
58.1505225177
20.1583491868
6.11412786869
77.6997609451
0.24807246416
3.08636624322
34.6580491959
2.41031137447
110.002419343
1594.3328153
108.765613684
616.221883421
41.0099782966
572.163986497
4.25067403893
41.5101838675
38.8942484735
2.33580977371
96.6049001866
270.521936117
7.03047839577
7.27821191924
101.736032484
6.83899905819
96.5872287493
1547.56207363
1.70632158991
76.3220224176
3.24671841966
89.6656821258
346.723377614
414.867307224
14.6288652115
881.852355969
2.36333928985
57.4193532342
149.206955835
4.8456999295
520.269536
328.700811134
3.98723294047
28.6959783179
0.6758289083
530.118649614
95.4101918476
0.212244439327
9.48077480296
123.80651115
33.9626049259
325.368338503
53.765735407
178.055941506
624.241770677
76.3220224176
0.339185481744
1.16078214792
543.079400492
180.620922816
128.824132652
25.0217537829
2.5739942524
193.564607034
0.0
82.4095633798
12.2781852457
7.02399975492
243.144565575
61.7677695719
12.5013090166
279.517792017
10.0783471793
13.4741529818
65.3371251924
50.586718729
5.96532625935
153.89402709
45.2452083814
226.750202609
28.5161935419
35.6745079608
4.05395662774
92.6206955592
96.7463713726
14.5877448383
3.20656502425
4.77794612837
9.65894794928
23.0426192736
35.8587277646
149.896852997
0.0
63.841692279
725.071970873
231.410951685
1.23669046331
37.7462762901
93.3727994149
145.599134877
399.503586471
174.008980792
214.542217961
908.085924627
681.961825226
575.994594501
633.444484518
604.396768836
3.72615778098
356.149921907
2.76251948925
207.496332163
1.50194810663
23.0040487091
14.2882331397
15.7835408887
0.0
0.0
82.7876572591
0.693135928892
216.118391863
99.3580511778
2.44256723025
0.294825234213
3.6686508437
0.0
82.3928788581
26.8378578197
223.256473961
112.002194897
16.7986350295
1.49370054981
138.652146656
10.4051801559
0.490129284876
0.0
2.83443472885
97.8504618132
21.2602021756
119.033327913
1.82696786126
0.933457063126
0.0
578.669896575
0.0
178.831230678
0.0
394.27734365
0.0
414.414686267
376.790578158
114.712572903
26.4482576792
237.68082834
238.717224793
370.795976728
575.167596937
5.04381630176
640.509917004
28.1649435437
101.256907695
11.2930917866
0.0
1.77744042966
404.765516646
231.607567193
12.4282130229
0.0
0.0
65.7977223312
2.43097346484
196.052003047
0.0
61.1119857932
13.6148333065
51.1760823162
29.1427619621
599.137017408
257.254268905
2.56481294721
4.90646667872
4.5945293702
36.7531623423
343.707192032
5.47102889009
789.180616606
0.0
31.7552691811
4.77408707814
0.0
505.347643269
0.0
10.7111450193
272.737807407
178.799102201
325.568056537
539.769332285
74.2478039679
22.0931555702
9.70782519073
10.6173138303
0.0
0.0
181.536222185
279.679456758
310.638478935
2.57662270424
2.9402938818
351.100139806
42.7402317579
96.4745874597
2.38885399189
27.1278470569
402.835568412
84.0716210877
53.2967899152
298.58983075
100.212271439
848.47241889
1.5548571916
189.482901575
231.671147371
86.6162659561
12.8709891917
222.429730047
5.67583324896
115.434343782
17.5682164837
22.3135024643
454.873940215
31.1198716883
3.25592187786
188.215625591
0.802231633149
167.400897818
6.09185747152
567.392870133
211.510242838
72.9417713345
208.349636399
2.98335374903
10.8876157086
402.794467977
143.757415342
0.0
0.0
300.827145023
378.304001513
27.538693019
139.702704405
18.3783212882
132.098105892
249.597279687
215.880719119
7.02423125361
33.7843121535
38.4939107806
3.39530292975
736.670174633
107.228050221
46.1353031888
62.6618087187
5.69506979466
322.462536822
1.50173765326
59.3632744639
89.5171507828
0.0
1.44208298396
386.576314295
272.251516127
1.97085372294
560.99891128
11.6498689549
97.3526232893
125.955664291
0.516039417716
2.38520317974
0.64701008835
9.87295465865
75.4771529317
615.779926913
2500.31223792
3.51087505957
60.509867624
329.795286071
47.6733241108
1.0326957961
422.867661084
423.053155793
25.891193146
2.66213544687
121.458662336
99.3239211794
77.8954294125
56.8005394668
2.57485711122
40.2321094103
0.0
5.70274248148
83.4086398038
48.7163376602
149.035301205
138.330889586
136.598082994
0.0
53.9243795882
0.0
134.434123903
146.241664523
186.890346443
759.721281823
9.60483817245
252.200119342
326.895742607
488.32161005
365.405645629
569.949202918
621.025898076
318.442915107
566.411477331
0.693444963052
600.208815441
90.1170558685
241.736171745
61.2143935109
571.633507762
5.45737489695
0.0
1592.55038934
2.99369365541
0.0
77.3705520609
38.3523598437
39.8087990704
0.0
216.653099604
1.85385715609
1.94113659939
90.2436546473
0.779121637782
8.80171709691
227.34902109
182.068082158
85.7038077086
48.4321336753
49.0422612568
21.5538400097
78.1587652842
446.59869327
10.174902078
3.79149247598
12.7746968059
101.326900056
0.0
0.0
105.334387471
147.090985652
15.1017173824
93.5799863274
5.43630076105
0.349219676912
545.079548216
721.204800472
22.9693715319
1.89322522815
14.1881326556
0.0
163.928048359
0.0
0.0
3.0291838472
131.484439371
11.1009135224
123.420850918
444.726732694
11.1410004588
0.0
313.303799982
163.605299285
303.219295379
91.6233382072
0.0
130.032836141
75.2608943711
222.525782073
98.7356153971
671.79620968
7.79199616294
8.13274564552
13.1543269949
23.9944865761
10.2120027919
7.13842989828
446.795227919
81.4374072648
0.0
51.0425806668
18.0091716772
1400.86567365
166.856931238
215.024698927
259.067783257
606.141883629
7.45499385802
407.94548258
279.066553407
349.516379613
0.0
11.7022053852
0.0
0.0
377.188765904
851.648794932
19.8014147323
39.9722703873
5.27941331167
0.544727535046
26.0743994508
89.9991355223
15.7762525562
0.0
82.6346155681
2.02093387155
968.091982389
8.72392577766
80.1785915064
3.29696914627
375.748568139
27.4149143153
94.2218580307
6.19819402133
437.899640866
127.04414906
419.705981333
529.770813392
179.616033449
182.562358482
43.0927655215
19.4483193904
0.424424634992
410.279441471
50.4417141415
23.2827044786
232.404461064
0.833352148382
0.362459409209
3.74118968988
0.0
230.934279232
232.297524168
121.307833727
128.621726355
80.7880666823
519.241435841
456.364198191
57.8804477076
11.6478076195
409.203625995
10.3630662211
37.1321235111
573.460300615
771.089244057
785.240204002
2404.65858365
635.917780157
189.486595585
5.59024075557
9.04461683874
13.6507698809
486.903237407
293.970171032
753.305323946
490.837230076
109.271058436
288.40542061
21.2172586116
3.06438051193
1386.13957233
4.38605536913
86.0982150472
512.546863177
484.961955706
0.155949270399
1029.35622233
306.432201696
113.808058716
0.313843573003
655.402848028
7.4913037103
66.1372578301
3.81372632074
16.8895132255
135.055541754
0.468386128768
3.94769096748
12.0548499137
40.158689983
2.67716624812
0.0
1.37648466841
672.335650405
116.586027698
0.412827546637
39.1452584238
17.9984640312
9.49234973834
0.684471895927
170.248612154
641.767683819
63.0716854874
107.030441152
79.5879275387
62.8579590136
2.52542715276
0.0
86.2366966878
0.0
6.6660097107
0.0
121.404517115
182.365996626
5.17567419951
80.7697217943
28.1707675638
7.13667205881
844.62491148
902.626838411
161.295461673
9.46838463768
75.3666826346
130.346278745
0.0
350.903273969
3.17633395142
25.9191203083
13.8931479199
251.902212628
564.701229124
476.760422822
609.866032134
15.4346346766
182.097848018
110.821212548
148.506667814
762.593044334
14.744412973
153.954649845
111.657285083
277.846153143
1074.05654368
9.04865643582
498.679874611
313.026557573
43.6341568169
103.431510187
1.78827323998
146.419159788
358.985076607
0.0
71.2475762893
3.50896990275
13.1033418968
294.215644951
77.2462328242
19.0967149445
142.983272587
53.1647337483
194.611167276
358.428514947
0.0
117.8839324
11.2818945597
13.3995228937
86.3079008166
91.5699295721
306.076392614
7.15226886885
15.8003505748
142.428253883
8.62250829846
616.488047121
21.5774562008
12.4622688088
1.99808528141
43.0133647878
0.129099850937
2.63351489615
2.67959310776
48.6926140273
0.0
73.1208139855
266.683549091
161.122010436
28.1416408174
4.1479462106
39.6661271924
1.71738479129
173.484433519
16.3004719641
0.0
0.0
98.2770541178
0.0
5.06754104251
419.459064147
3.10578555106
357.716993147
700.140343191
91.6862393966
2.93657993364
268.026971536
1.80274135538
449.625459118
1069.20629796
30.8237759803
0.0
0.0
2.0314753701
122.071995455
169.90558756
8.30827594056
208.267988244
138.050164728
2.79075347034
0.0
74.6819083504
594.747132895
42.0966121841
86.580751396
34.5897703691
10.2026165716
1.36821495861
210.075920044
1.76200976701
404.23385605
41.0151975403
86.8509834925
100.154705797
22.7726131377
886.932291607
10.6457305735
0.624848240801
36.5690411192
0.245843873733
1.36315300123
727.06047831
15.0987378057
22.9136335106
371.77482083
83.9643541123
221.969786422
179.745115577
89.518498792
506.550771958
656.742576462
0.0
8.48408425558
442.136475933
347.043832746
2.70823913442
6.7679821222
204.155481274
312.635127596
55.8016668503
17.5236479982
146.07306036
756.310621335
699.763835466
4.44193295428
81.4060042991
231.084288179
237.016462494
111.782004181
173.767995069
54.3419567351
8.36990887156
334.258996517
4722.22151847
229.690447753
50.7699527249
178.256763866
1.14337322358
78.4372704134
14.0108256911
142.329636541
451.118577044
496.556588405
0.69221325701
11.9560885776
33.0998878864
60.9807692244
4.12187657626
1.54330219392
4.84997545587
30.3414855298
7.7107500855
206.857204107
480.227746218
214.561320481
9.18384281974
74.7967150947
184.641314347
87.1096982512
1.46854140321
1.49198258572
0.880742924442
0.0
3.5377865074
207.414319592
123.60062351
339.543167183
712.222846678
94.3823187567
6.96636986857
173.957105144
0.835762393298
14.6703522167
64.9112672592
203.368416683
20.8708789475
3.33653770284
770.639504097
5.5491137364
4.16024997923
5.86103664549
466.85936267
0.0
18.9193703199
0.0
9.38809999984
163.415584433
0.0
10.010369633
89.700687167
14.6051349325
136.805127019
7.09242257622
804.219381847
2.34246342316
0.637229544875
14.5536203781
233.500480064
0.0
103.28962474
151.074110321
0.0
15.9359390355
35.9299606923
323.287026668
1.59479570306
0.0
321.203412029
79.8641985392
127.864620355
1486.47173352
0.0
166.848647129
184.573013367
13.0792903995
83.3585829159
125.90094863
5.43207507889
1.78603689601
416.043076974
712.015961046
536.835038539
262.454294775
223.005126177
0.0
9.7486132692
5.27855156051
6.64992110437
4.48071064924
588.91817156
268.599295046
6.96030216558
4.55808992293
285.838529713
108.677141302
9.56490298395
3.91043185973
94.7396807636
3.33886155111
540.041355451
74.5537389248
2.82456668107
213.915668371
0.332682472599
2.48354360912
37.5204066565
9.14840025687
45.5081864822
28.4357693403
22.4335705428
37.0847249814
3.39055997538
0.0
190.077749134
6.72901944978
7.34157278316
56.8873404057
391.06579088
186.017076828
2.38153132224
127.885337827
921.369460021
345.589187911
161.734985784
8.02478085123
16.1453157707
1.97159917093
8.03899420726
147.515396995
1.75233112728
3.71719246739
6.61475102323
6.59655788318
1.12645609555
0.0
1202.59315826
16.060804343
160.611400715
2.94692980887
0.387073592347
4.21505979042
76.8048988148
238.912639609
372.91564646
551.925738134
9.55719042174
0.0
6.66156139104
35.8867003405
245.994167346
98.6559322129
207.51581793
0.864963352263
16.0800918406
7.54634612783
34.6131794297
23.9221160926
536.21187171
688.23738966
14.0169077935
1.69999469701
81.4060042991
3.47349743335
71.9869432855
87.0361658436
9.60887223127
3.84430519547
11.4095588972
278.73203556
20.9281466326
9.46607518887
0.0
46.2859135895
111.618865159
0.0
883.846561155
12.8008140692
737.319483094
5.56649275419
171.413300982
11.6283883117
5.97861029762
12.2663034915
74.6907894825
7.17408291451
77.4826638941
0.723354817579
141.640079427
17.0553549119
21.5284504721
177.834574467
138.154178537
0.838007598464
43.277668745
0.0
513.537855977
14.208832406
8.83994539779
18.4403286047
28.6282234092
42.8249414545
85.6559539353
215.297810912
707.567408779
47.9795437336
463.939470581
475.295346146
182.055314284
21.6319425784
2.56682111542
38.163534434
16.6297273698
7.3611892526
170.465784525
0.0
14.1475096169
5.86357427007
55.6554660014
290.794877163
253.783726681
351.792032952
475.20009052
0.306168670877
99.9602380213
96.5843909518
27.5758646224
0.0
145.441523025
523.310282598
536.631739476
167.026604284
587.212688459
0.0
1057.71850579
742.603242821
154.824556636
2.75704216338
10.3392041319
132.74908801
9.94407903665
224.364321547
39.0906025759
15.1528686278
100.098035135
0.0
460.241324144
8.83276450727
47.9953842264
0.0
124.555457097
29.5819858996
11.3056381305
152.644044835
125.665657331
8.28434517704
44.7868619858
0.0
465.659787319
78.0920637498
5.46374609585
63.8203489844
182.993964007
1.1987878113
410.587559605
189.372874338
77.9618983404
261.136593056
12.2596498421
189.200092121
154.028243174
3.38575831559
7.95944394091
38.1892174987
330.657898991
0.0
7.81553260329
0.0
21.1420137781
6.99412534515
0.0
0.0
1826.51081081
374.616488508
52.2957739973
2.86280938142
523.495365262
402.730748235
0.0
106.695687375
643.517016539
0.0
357.992230711
19.9940903311
115.585628741
296.208604031
1.49342696043
7.73518261413
20.0940601126
76.3220224176
11.610639339
118.830087555
0.0
0.0
3.23188478
0.0
112.836497408
15.754352114
0.0
5.33190924345
20.9353673984
2.07528954651
744.554262975
59.5603817677
115.974308424
376.80131128
558.025864208
6.98899582117
12.6069876227
31.9127104554
32.0708827778
69.7169533571
23.0343650709
734.298475913
0.0
0.0
7.58739118096
0.762458161445
3.94504700857
0.0
494.333124178
17.6246069105
2.01616544122
338.149046523
23.5476575183
77.9715913795
1.74818408823
2.55867767764
2.57485711122
87.0386281481
136.506643219
4.30238907792
231.632660989
157.849408468
3.45042952865
8.89401972984
10.4003696349
32.6244681846
3.94874544963
6.51366583882
491.880552659
245.425010606
219.035442833
144.200110653
68.0726878202
0.0
41.0272764562
207.271848199
327.578917446
8.76815310728
0.209490823123
8.2624170435
19.414268035
145.522303889
72.7602298267
24.5435450199
111.075449081
0.0
116.3096991
29.8309478062
5.25145070464
1.46765860671
2.28144634519
554.436506655
15.3968383589
366.478247814
62.3621430569
18.7881869805
7.37404795351
352.317148448
64.5233540687
0.528672158186
24.5541640539
246.577652638
0.827338720236
8.39834666013
5.07924335756
294.901400612
376.859117284
13.8357019033
20.6353173824
423.70622583
4.92231270986
4.65303762246
21.6942256996
455.732426034
0.0
0.0
21.9527997869
18.4788238491
41.6550655059
370.280486704
217.877041023
375.804830079
243.953588206
2.44059007622
1010.85205768
0.939153703566
147.290172013
8.18843160733
5.91544770293
235.304749975
0.413867629345
1077.75828665
11.4369178354
480.517034314
147.135088925
321.849644548
14.3102964066
0.387073592347
415.65151851
90.6449238733
684.304519039
117.350672359
55.6536727172
310.435233039
39.2547495589
37.0733029016
73.6394076424
428.648372109
403.343682599
26.4828185532
0.0
51.8623940175
21.5299391527
0.198329040947
7.16326893424
131.3633733
425.037264755
1.04235892875
85.9113534997
0.98267656821
2.5661288346
12.0906668621
38.1460546201
6.86103795666
283.491473976
14.6560823706
938.145371626
35.0725880608
9.84631790787
161.062180758
4.09154027674
8.13178199062
2.7518572569
9.76489682183
301.323520343
7.26745996731
1255.48062855
222.385410783
596.638426383
2.89043858602
244.909716635
28.2861569315
469.607558038
113.33801222
2.50777011499
34.0879863981
630.738316689
185.383937832
551.25091054
8.32854481544
577.313692966
74.0671939933
1.13570385971
126.438748926
1.36127996623
294.170620114
0.956756466526
185.75174608
64.0555073651
99.3720186357
0.0
2.67730913487
193.752815482
0.0
0.872706928644
16.2566744025
634.601369957
270.204356443
167.584795296
147.037457391
269.929420159
540.717059194
315.256294417
743.32127206
2043.75011388
217.682297443
0.970196683348
329.863004427
2.28399947686
457.618204536
68.1913945977
1198.10733691
241.543086316
8.63283934366
14.0679227981
207.322797852
77.5334939212
226.21942924
0.176051997868
46.5981366716
56.1985054791
2.18389013153
12.5900162199
76.5990410815
0.0392096782005
7.0426248782
3.17365233242
26.2276438417
33.8518621471
852.584321084
188.861498124
490.259063716
96.6763435677
1.65277228364
3.501420165
6.07902646183
0.536862117243
3.65617982004
332.274989459
100.870597273
1.31458147099
1.51399933122
0.517976696372
6.48887110883
42.2109049788
52.9354326172
155.241368397
24.6650342125
1.08975302776
93.194416923
2.18696718133
406.243172895
632.611321778
711.367085676
555.422577062
361.679907648
783.161260321
471.334382217
756.627526451
719.626695936
3189.89734216
0.413867629345
27.8757551369
361.117824354
39.4893474691
222.492113965
0.0
101.52379026
79.3950381636
26.6199909523
1.46366996151
142.609762161
1313.06503151
2432.21036022
19.5064499343
230.689754568
0.0
431.573966375
65.6365283413
0.637489842465
0.0
82.215204154
263.302082917
30.9400392834
37.3557136024
540.011310463
94.3200622192
365.666814939
470.956705921
48.6434067064
38.9732172241
0.0
55.9758125838
194.044503853
25.9594786188
28.4744883298
142.965196859
76.3837428529
322.636959468
693.920804768
200.517123531
21.0305587808
730.55549737
162.558332536
10.9827051872
41.4322197547
0.684471895927
75.1791299139
255.735802424
14.4801976278
179.969863163
159.002243232
22.2105099078
4.1512547591
21.2479338518
0.102219417292
5.159020692
536.268606616
105.120188031
5.8041832213
587.38093596
2.10853342549
259.686069785
624.834205776
216.960645083
406.348180266
191.058609157
400.399930637
228.458381726
696.668142816
133.748329474
2.38113256849
31.2698518366
152.096276803
488.795249759
6.18323078669
4.10235757998
26.8326695903
1.76739626565
527.265316173
317.611955481
42.1776467004
44.763959121
315.211996198
7.70800200752
54.2231724223
1.54507110988
8.69370910427
7.29751049329
2.14754704976
177.21950677
79.2818962165
9.42217572346
614.646583454
15.7381715726
105.969500299
9.82912275986
474.587221507
107.30495099
14.5349033199
835.185971485
2.11361642821
6.96954882211
7.60807431667
242.199203497
301.540821201
1.16902305884
346.613657195
163.426941162
395.10559175
32.5644180844
230.069991546
4.598500293
245.938369512
27.9763208338
53.9784284442
644.80543201
619.851100842
135.580286187
23.3503840672
2.54310080528
272.802951586
3.17633395142
493.6017965
0.0
152.728178555
487.364719557
2.28649611843
31.5034683695
705.453096748
109.705017716
13.8430267883
90.6637251127
911.577697167
244.190867735
4.971506739
314.543915297
62.2076979742
705.048434792
545.293828516
381.323524442
55.8078109812
503.709180706
0.0
70.2932455747
190.037545894
14.7071793412
286.538976127
6.70373735413
92.9627110851
187.447782038
277.433598078
37.0082650568
399.082278762
3.87132962352
156.417704157
205.204119467
190.582893713
284.43395395
0.0
555.410584542
28.5123466758
645.791927753
3.05619609112
7.81976160841
214.628518242
134.311947968
1.4132796711
6.82081256407
1606.43660337
464.751352054
83.0784329274
2.05174978321
266.620981304
271.685405422
0.0
0.0
82.1625897037
80.203788313
77.7424796563
0.0
0.0
7.06118465016
109.428030067
490.470233735
2.22214833896
648.757023012
516.47207551
251.181876155
376.370738084
614.533533442
29.7292788906
4.79299465201
11.0947206551
5.92778691632
0.612798123873
0.0
4.82223770164
85.6704331272
0.55661150458
6.66208309386
73.3869954085
38.1730369575
94.9873134911
5.99477643941
79.5980614225
149.513577534
4.83963222654
111.349241162
53.8471077565
7.15226886885
19.2326600682
332.15754651
2.13532746248
297.074617435
6.9754692077
49.2791719387
0.0
124.139757416
5.34434260703
9.61572082699
438.9690065
1.82382213719
21.8332534114
24.0646340074
42.3315158056
0.0
4.09112269296
265.921263723
13.9448241912
668.174473322
0.249594374323
86.1414920135
554.521252904
894.923807534
118.972212254
9.44142999155
7.01189868611
0.0
26.6231876283
1.82488880349
0.0
36.9327599256
17.5998731012
18.0595220921
31.8650649198
182.165988389
85.4512692025
95.4743491114
179.161345619
9.16126671135
21.7791524958
233.065838472
37.5547116635
79.3701171617
167.02897133
12.4374973394
25.723407535
4.23961194518
8.74147426581
8.73575436472
16.968649231
112.539395955
99.6731862699
0.229723145561
78.0339896962
27.4890603607
25.5114632687
533.016516096
14.2784703186
104.844584943
546.859886256
282.55944135
44.1357414109
2.56816690934
13.9160773684
2.57833956068
7.90765468942
3.35418809473
92.3422026144
9.43154643669
112.011526842
0.0
945.169080069
25.4433948952
402.566231297
2.40362781849
61.0941205173
271.051735862
215.48645799
0.0
4.01906124363
78.733230988
17.2556057244
8.12175222604
6.22937878021
75.1100391802
3.7792429822
12.4435827648
1.35958637041
5.93006978158
2.06539159221
18.4029609473
101.233200677
166.353037195
1.64388782846
1.36827698697
97.017454144
18.6713366234
1.47819235172
101.583236691
33.6267091627
84.303878535
3.78153138567
629.316977761
212.468538937
108.676749194
462.369458531
1.91387181143
474.3640346
36.8324755717
1.38979307497
96.8989567121
600.376071595
134.91279234
207.622299582
59.7740894117
349.853850453
0.944063912995
94.6635298731
2.06708408036
1492.65667673
6.92130183312
788.380523844
444.456585886
47.5663883227
86.5813140819
802.042747927
4.56663211448
279.853915956
350.341995938
2.52584030597
11.5512095225
4.21422905343
0.707467803414
283.718555377
54.0459795456
1.60597742292
2.75519903491
1114.65057196
104.041593462
110.837653387
5.56978801091
7.86806397984
204.142623681
64.3585369579
482.808373075
250.437213487
31.5836743641
22.5928593758
47.1394692615
9.27709581583
257.532741912
20.8524997223
49.3521350147
156.748059458
409.734629755
258.521357696
0.0
123.748195629
0.0
20.0093947217
1.09384579199
0.0
112.806272981
126.51164222
146.549094807
0.0
116.526636649
0.0
1.5701183839
10.1993423602
166.680939053
15.4912953698
230.663234121
132.343553227
134.755763112
63.9265935993
1.30255350705
43.7712284199
82.6232112109
75.884737974
0.0950196967265
391.998491419
410.076604298
20.5859782512
2.43533981845
275.077123999
39.9525619832
105.125565668
19.4273515889
0.0
0.0
825.66275156
4.54833264009
31.9100376974
262.692783857
42.082714508
1.94636581181
33.6210335677
103.5504972
0.0
163.476512899
153.863064969
2.52841005238
31.8857823928
0.465631404915
82.4046276944
331.455263613
108.462510986
130.929886986
47.5473522616
2.43113185869
454.95583316
121.865306984
772.900540897
151.81130411
0.532099225176
0.208417510933
72.7545376168
402.238102371
8.1102182737
0.209490823123
6.46787229308
3.24989183496
216.816815711
0.245263465491
103.873061296
100.858871698
13.2920609722
6.63755087678
485.818387943
0.0
579.561115646
401.462165225
1124.32439453
9.31859168218
0.0
43.281566563
13.3882824685
102.899645784
182.287805445
411.975635823
2.51537523521
428.117223246
0.473752689711
23.0475948344
69.094818857
84.1191547504
2.54512558824
127.892713664
1012.43680812
23.4485738563
100.554686827
23.6444295163
3.53602866794
267.031008713
4.01939686136
550.334638657
45.4447934965
70.819993746
77.4479900398
12.5004937867
77.6408982451
0.0
312.632575572
8.45280202355
2.16145801754
1.73819973728
191.30389256
252.326620649
0.0
1.58738552912
1.18373707238
76.176516065
137.630765498
63.6473707135
5.50754808809
1.0185732673
74.7006475616
52.6769050511
148.330715505
70.7139396469
38.0931322433
14.2931211961
1.14548440318
0.0
2.20775332843
159.8015695
2.52584030597
453.000411208
126.282480653
5.93340934428
10.3079695288
5.97861029762
2.12954885599
0.0
448.255990301
14.2413762506
132.159193859
82.1859821498
83.9483995317
411.039572461
2.97859750286
287.17281405
4.90618533579
0.0
570.301056585
141.449906008
588.140966154
0.533673194855
136.903907185
1.47819235172
281.793093123
803.581646106
5.66892816311
35.9038844121
66.7262525702
71.8084455977
9.5068688056
144.495135264
443.724179359
15.291361345
744.218547758
2.64693074468
3.81049641535
18.6350887995
89.5543257093
6.61716791403
16.77117308
1.45198315356
12.3956160111
0.0
9.44271154179
0.0
0.540824178853
4.03386054615
292.745115317
111.957563275
86.0948732694
190.91127186
910.397377192
227.135464087
291.267497836
59.8211202017
3.94844859962
12.5765372353
477.541784127
132.029358529
172.209966677
348.259659526
693.20631336
0.0
0.694415263855
589.823594017
621.860893976
47.5626267457
12.9069988711
30.7715680374
0.0
19.5214740897
69.4992016853
4.04369204152
8.50448604836
27.1701791986
236.324921581
275.524992031
446.230129605
52.3840481097
5.11542472252
593.220237203
7.84834892965
0.0
0.0
0.0
118.575365872
0.107005569994
568.894349705
804.033522721
2210.04772098
110.940391184
534.55973411
80.4241252383
34.0239764517
40.7234371717
368.496348319
205.218744869
102.308297289
46.1970402389
19.1892058778
4.93253963601
24.1571005725
0.0
8.01437780884
3.41253906077
3878.98089948
18.7420323412
15.156178284
0.0
398.86251449
10.3416476063
2.97075756099
90.3389878089
246.853977914
8.58488588174
482.375285515
450.850873711
327.283901696
0.940230338705
9.33792348574
32.1429741337
2.81769482472
0.0
9.54168443895
1195.40304766
8.2830547656
172.791361835
0.0
18.0708123617
311.619134043
233.826617437
5.73715382285
43.1848156105
248.915275634
7.32039674352
200.089249676
7.49546071818
159.498940877
0.0
1.91413321667
160.451432893
5.96168098545
300.11133219
3.43225189571
1112.46412095
265.449222351
590.162123772
15.131876458
0.0
1.96428868543
14.9926349698
74.4718105355
144.876790235
2.54565393696
26.3171707054
8.71757673177
0.0
121.21274425
189.095464674
142.062545738
433.644711237
2.64714119805
190.081683504
1309.19027149
0.0
59.9603882735
0.245357615682
54.5994918473
78.2362918751
4.11232642383
466.211819803
246.304925008
106.483239129
238.851682343
7.34959548717
463.481462018
9.24842763614
71.0339151665
17.9507176998
6.17292521745
2357.82515789
0.850215001597
8.0356889817
3.18174260302
10.8801102768
10.0110153926
180.267940454
8.80050532854
0.0
140.970598457
0.0
3.41656868901
0.0
0.0
0.359240580291
179.07467206
0.555670002659
175.3890044
6.87962209695
3.03094168665
103.512831585
0.0
0.669814372507
1.49198258572
364.478903136
1.27451557986
111.276079817
28.6230606557
153.572496431
0.0
6.04240646773
872.315239476
278.322156576
389.77441134
2.59844339579
215.176480113
1324.18645426
28.2964348096
425.104165666
204.26458584
320.70649507
38.2972963809
335.772622572
5.36755561377
5.79270908202
372.077953434
14.6475490402
1.07966898837
14.7274947374
67.8614114665
280.599825836
0.0
12.5195774768
6.43476576262
0.0
537.669014294
171.226171382
62.4109859613
0.0
43.8500786519
47.9050155493
17.6773465251
63.1854875936
1377.24118736
127.348033758
95.4044852384
17.0829010428
23.8428903675
140.027983349
2.4507837729
1.75621233049
1.78639577439
85.2029940386
2.11235149269
2.06539159221
34.3619523804
0.327243914447
39.5088055446
296.926437218
226.573042961
110.163278823
441.299790868
107.481182427
679.536055496
130.734389097
95.9686786025
266.057854606
373.595153871
12.7967224127
15.10459284
247.715445525
0.0
181.047833017
25.4486850283
5.00017491866
0.0
181.035426237
38.7556848669
8.97569114464
31.377490982
10.7302043411
570.515942768
157.352790573
11.2221291255
4.38534204298
478.286287293
351.219307365
122.778119679
6.32664146683
87.4429434098
247.974951145
558.441357866
221.190867484
3.83653946609
10.0236802549
255.930542682
11.3064267768
0.16453687556
822.705721096
459.455962009
384.513357315
519.52138756
237.324484262
0.0
23.7535794953
3.7534735208
11.865661195
3.03546643413
284.543888145
128.709743492
0.0
31.2905316494
14.6207483573
302.669284357
40.3410954573
60.3203499334
85.2782898239
5.50164874784
104.838897164
1.62268631287
350.130890163
144.637399527
54.7704818878
82.4990968895
830.255417863
408.7819439
43.0082828927
107.966946466
393.981213605
517.234419584
4.9563485581
1.67933260664
101.717283304
9.96521409329
189.729448806
77.6351860975
18.4613639729
3.36756296023
754.245445735
6.225200727
5.52186445554
0.90242405219
271.535542684
7.04500743187
12.2060562298
9.89220892677
23.7855030563
413.606945186
1.76739626565
120.547069162
20.8473170313
79.1608323612
27.7331308879
52.2105857961
23.6600329722
0.0
7.87428010782
291.485640508
84.1904231228
246.54689654
1964.93678102
422.830444067
15.9800832914
283.239212382
4.6483378664
430.59779171
8.95853254906
3.04490249866
386.156401116
250.932801268
370.90520092
7.82845554788
78.2346082483
547.285156028
491.984635143
628.577017065
597.312058822
320.77550273
562.224493128
284.22360913
420.742067644
260.595892933
0.0
11.0236992884
1.70109459278
8.43600895223
250.239276554
5.01023680504
132.337271748
98.2863816328
748.768730173
14.7425476916
124.708302734
4.72371229482
163.083791403
164.184904482
253.677642674
5.27966031748
1.87846358569
6.16428666041
236.220293026
343.933433836
0.0
40.1189752168
229.432853936
1.62209039754
153.761784838
16.4029838008
14.5786499297
3.71596297665
8.84837793207
17.1609471213
8.54511462535
65.7938245133
5.36582878849
25.3814075164
14.3187965074
3.1711113849
1261.88340319
996.671383939
19.9007808449
1.16734718542
19.7204034765
285.579310974
173.202891217
90.8765222693
150.884260336
143.378034374
0.0
129.650877673
618.823350699
0.0
0.653756780345
324.358000609
16.0386845862
64.5063117763
193.271860856
130.323713713
234.577646873
82.0923038162
331.839674416
78.0327269759
0.0751828050942
65.7393647192
3.76717292756
0.484361754878
0.64178530652
39.7757877979
0.0
424.136480024
19.3231937852
0.568359233243
41.9260718492
95.4728482467
160.533998181
0.0
452.76967124
6.75404346318
183.715385976
535.156932101
62.9260694776
48.6188534438
60.9846426741
0.0
12.0108895276
487.255397894
18.2118150122
42.1231149092
1.7485584737
133.049773817
504.771037587
77.1082595946
15.8809652922
83.8012449968
215.356487527
10.0844159899
88.2278757759
5.50283282497
19.6903296899
6.5398728217
32.9857955761
1.46977089396
225.811911764
2.81912701527
2.28769016439
1.87056272311
3.87609030027
66.6706829115
75.5183796394
4.23331828177
224.084277894
417.168069866
10.4626870932
0.0
69.1710373143
17.3425019211
2.70777392171
44.8273354919
259.694644097
287.816620816
81.5235801664
50.52697434
7.84851175408
196.425052691
180.803662802
120.299067587
0.0
158.727439866
0.127899159075
31.4541425301
5.91199626765
497.815973495
241.280886892
25.1261065327
60.6772976797
0.827338720236
12.9713654806
178.292185384
93.6731706493
26.3411712508
234.936824317
207.947444501
147.920825444
4.39264588258
102.299257763
93.6271278825
396.373402729
86.8251630794
34.2854049513
114.037804014
0.0
41.514227895
94.6150691079
154.480426608
286.681764308
70.3689966039
32.7268969476
0.333741385345
20.9805893972
642.091681212
312.129219847
17.0079741047
71.7269824211
298.315429462
1065.95012907
21.1414012481
20.9927037578
8.61139857583
119.145910498
96.3209830828
1.41713207542
130.655854545
21.7258657024
11.1734180314
76.3220224176
169.046869135
81.0890415855
1.62961022876
249.464204483
2.74251866551
0.0
87.1002843396
59.2526889714
507.712281831
390.602820049
74.2478039679
0.762458161445
0.0
840.441177121
2.84174964495
1.3938836239
5.34998940325
3.80299430651
137.51315197
417.501500001
389.7708724
486.342416835
75.0761008048
0.142720614597
5.87645290869
291.647226605
750.677022755
1.2583051321
647.971755027
0.0
117.095209659
131.809658502
1.11471501279
77.962170822
9.4568274247
123.204953451
0.302428139132
15.4281150527
150.506368049
41.9643499942
0.662516071152
7.05019676894
143.479059746
202.188767945
80.554369291
54.528220152
1.65073642419
4.24527535614
609.659349202
0.0
3.16038823184
3.55003932416
406.627758708
2.02271718694
296.453123157
0.0
197.184945537
2.03277242745
8.43256194756
619.733109605
2.61132092677
158.059264815
183.345564022
148.00306176
7.5454400707
124.522392657
1.4387013306
2.06146829832
248.85744194
9.04894220934
4.07339365798
37.5008876602
1094.78279242
1.15996691802
36.5013393776
0.957212818044
8.78983423501
7.32491152214
56.5353571437
52.3306505514
873.455256522
4.98588735009
78.4372704134
729.049800977
351.156578969
1.91424730455
0.55741898093
0.0
196.813407834
0.0
6.43044149967
3.41440655753
8.00991841268
95.4449277302
40.1639668243
350.042667002
130.662682096
2.19725613584
29.732123334
769.303629176
0.826377280629
500.667217909
8.6162312498
0.541502060234
297.105297106
84.9746621005
137.745988718
305.45963132
4.34694537938
17.6322286455
37.2844873206
160.394382308
808.316091523
189.723957081
220.745932507
296.866178878
3.5621437159
4.3237024661
18.2893128044
801.650420753
295.12088354
1.25738910611
481.461673096
0.0
6.63945935654
79.4048718743
5.77504872131
846.80387811
180.487864228
6.97626671521
265.901642823
350.2847205
417.600702181
147.249451502
218.85595823
86.0082229707
884.629850877
0.0
227.547823098
86.8748234287
641.226332399
210.715531036
140.147207399
249.237838622
125.834862949
1.16780575224
31.8055309843
100.963823686
55.1863720848
90.8103302536
6.40619727143
14.8392875677
70.2397627275
1.19183288124
0.0
460.641415938
140.69437287
1.56149422631
475.24068033
60.5042152896
71.6274523764
10.0804151606
1.46772728096
240.936482167
0.660422613939
212.129717872
6.85184335969
379.640788029
95.7609068512
0.0
5.52207269362
2.90267921862
53.8075281234
4.10026523041
0.349219676912
6.05024308666
33.5369873526
157.223482483
3.02971551887
154.429969859
88.4410595017
10.8289667848
56.6767319644
194.112689639
159.551289491
2.74923545097
83.4301514612
332.213950228
6.29238076576
221.165614187
289.182751179
78.5695270648
1.44434701917
412.457032401
503.966914089
20.1504848765
249.698188755
5.71192157138
595.555181903
62.0049926111
503.516498463
576.44474429
237.979110547
16.8457167714
10.8289667848
75.7002467959
15.2888226128
234.933989842
225.385630709
11.8111548797
0.0
0.268511917022
176.821158415
12.3833499026
246.234427559
810.045488772
590.36716406
364.478217501
389.649440805
432.675957821
1.8138233868
48.3164253047
57.7940111853
342.905478779
81.9628849624
133.728976625
814.697569385
4.60536218052
172.335852129
20.6079639825
163.096370976
53.6132829855
3.84815981509
148.060483408
521.348349883
3.59128818475
331.60950378
64.080441659
27.4451143739
274.55253685
0.0
307.358631832
137.830637494
325.06706232
914.013291744
0.806426301117
3.60360524516
2.497362642
2.19627032795
3.64035815718
136.734532098
325.221875142
70.8289213996
77.6351860975
4.94610169426
0.0
0.0
1382.78325534
0.621734638569
403.14657308
710.830607914
14.2123303626
11.3353895913
7.50709878956
124.962141621
0.638381500167
11.9172953756
8.12173118072
64.512942165
0.0
527.948719188
145.582668562
314.030280586
5.55258953996
18.5354723581
48.1585553704
435.440895309
1.49198258572
1.97031983597
3.96620864878
288.95643627
48.5540415593
22.5105466321
255.559836823
99.1427330118
15.1731064885
154.13754047
928.907493242
2610.58056621
4.57653560704
4878.06535174
753.447939333
20.5975177418
5.49178180772
1.48392997518
0.0
239.573004625
143.546996309
27.8756565562
0.0
141.365960589
500.187874914
25.6868207704
18.0876331243
90.6125805134
269.747596201
4.80667744402
216.508080616
5.62441395233
0.0
33.6327491744
1.40997887613
68.1221698381
130.392384648
1.32731833049
157.446287251
184.565542272
101.569811982
146.352654308
41.7927773302
124.199878406
0.246260349876
166.835991128
40.6042574282
37.5535962606
677.434221134
12.7895614598
19.3004448835
79.9687528813
75.9748563224
68.0350521117
0.0
3.07593994019
5.03228345708
72.2605370975
0.517976696372
299.227703839
0.198329040947
1213.38632029
615.638037035
53.6785578675
0.0
0.0
90.0607584843
80.8767971461
113.430704746
13.7394571465
3.29271688055
3.3202286743
6.15731733092
314.747906641
23.7679944436
9.28054282048
215.818738386
33.9177274061
240.167645053
137.283721244
57.0664716687
87.5259739103
9.44434975516
30.8125577081
384.10192873
0.0
1.16052960387
48.4214215987
86.2307153816
137.539599313
35.753553139
4.60224636299
875.717855107
173.130393353
431.696297382
255.94841128
142.931786831
166.754895691
213.899286238
91.276961866
15.8707882102
1.7923970184
150.560703786
3.8994262561
22.0855903254
113.109033415
287.218551105
0.640215767434
347.344455416
2.02891780783
18.7153346696
388.309083227
5.31921115167
1.25974729151
77.9335668861
4.37950805402
29.0927803943
279.05476248
601.558041967
2.40646893899
500.839969112
232.324930736
449.269383092
1173.3154691
229.771598573
0.563431301427
27.2557927373
613.14656155
137.57831498
4.40665210821
1456.98081744
2.38079362779
884.662904239
62.0843944523
0.0
13.6929325522
2.51843456262
11.3638373487
12.1733263
150.853712476
641.325575562
815.773461289
1.77596171782
8.42469985271
262.543356426
152.364301354
909.508240501
130.833000901
198.685120297
62.474145233
3.53600319199
177.524020613
6.56564560602
167.662955462
473.083122345
47.5915375006
13.4506630627
2.85526961252
258.440122695
5.81441900866
4.61267709663
0.0
0.0
14.2818021279
6.0307085833
3.12006758138
238.768043744
44.0306310289
0.0
3.25192990971
2.67003409415
497.069056761
83.6850116005
2.2926291727
0.252892953991
44.5495835643
276.298146762
1.17178775154
12.3861145953
19.2734359626
20.7449790954
16.3644088057
7.50440609408
55.4367850121
105.972621654
159.239546021
2.10561033894
106.061997878
19.589767316
0.0
2.97715977405
25.2055172353
0.931610611713
385.605909374
278.737448642
204.210877032
212.528910255
911.353594233
1.49198258572
498.83868937
0.339185481744
141.81989854
316.478218807
352.901112245
80.4101256584
2.87453052651
284.456913305
133.253176999
2.49791868196
276.721786074
120.827274534
8.25976533105
1.94404971709
89.9226966428
1.40679881494
18.5832840409
200.380594676
1.12529084847
10.7852888493
76.6459533529
264.251908822
95.8259746027
4.15437057665
128.872718582
211.291981648
50.3132977102
362.038222232
1423.30364598
29.0697756256
1.37580124879
40.2153816903
164.101126318
487.314165335
743.370407384
681.423671589
580.354096192
98.7094438592
2.6096505916
47.25846292
252.643061659
129.493870598
178.811081429
559.913165727
0.0
0.654064706855
0.653423377902
15.407068608
13.7880452915
0.0
7.27163802053
17.6764304991
415.806025621
250.160415246
48.7348774947
49.9296877372
351.18579765
337.015130409
3.47663761917
433.812088126
33.951786515
136.875513703
0.144091884453
1688.70662841
537.471263446
1.41996433473
637.961708828
675.001633825
2.51526225498
0.0
0.207123776531
25.8247640935
1.64551385766
56.7037087634
133.815643538
2.31994048192
4.56059542569
1.73934836962
6.05442889343
395.342450373
6.08349471917
50.9662758129
198.985107177
18.4027571398
4.835132955
12.2678985065
98.3482349861
137.146328423
64.3815550183
8.7919022163
156.167632386
1.12943788753
280.024011016
8.80553848706
59.2022565903
15.6779686169
7.15161646341
14.7186335428
0.528214699019
11.0191036514
19.5285309235
40.1878289136
13.3431147446
111.116164055
3.28509736088
90.1370256782
7.59898494637
380.255077049
376.883245208
849.495028432
69.3938985723
642.653704691
238.293800364
106.474682538
218.957595023
322.377677592
0.8019070919
475.932617782
247.582602927
1.65015601596
46.6142673685
2.11035883157
5.61003666418
8.69217500996
265.305964527
198.166076934
463.825598693
5.37146229293
247.333173592
84.2048015187
62.7536417084
54.3956323134
615.190923312
13.7929311326
688.6041833
8.0922732471
3.80538682904
172.571837925
73.0399688771
328.311904382
551.383414198
1558.04927743
2089.28586643
105.010478689
0.0
4.93870481211
518.917426263
277.031412826
0.0
112.980650213
8.20781768569
374.945582197
2.77222138961
566.286484644
463.436831504
95.3445392573
0.0
1.97531090379
83.4660060695
16.0894880298
143.522959211
8.83557018299
449.024013292
161.823469242
4.15886874051
349.048800962
5.24416347976
11.3886132486
17.2078826536
223.524806438
8.01569701916
9.22631341754
408.673536046
104.512140615
185.165121709
195.345206479
0.875646629932
680.809544286
82.8696687224
26.2547358363
3.17301875701
22.963979495
246.332547567
434.095525617
5.87926633795
96.9228752915
17.2524422779
5.08275682119
283.011907235
5.92773153385
44.9245516572
274.607779752
28.1755171641
349.608192665
545.907430792
12.6194054792
1.46366996151
0.0
0.0
344.004277978
43.616689187
5.55398628576
4.73441218723
86.9365870623
357.516745658
334.379962899
2.64558716606
6.94469981729
375.854780632
717.785972179
37.3015473354
10.3828178238
98.3972152389
679.989848347
36.7667952901
0.0
13.2881930608
14.4199448278
8.38335684194
1838.57407443
96.7561497008
7.6451351552
304.42330022
675.915287226
94.8207429714
105.960693379
6.98971800853
22.4258967483
161.84865608
0.107837414632
156.205572698
0.0
796.101474272
10.1432421376
49.3815763336
0.0
248.323671272
834.669654047
586.924072707
1.75621233049
2.23595629535
9.83402632339
4.26190892595
3.831331299
29.3032381953
486.979658564
1028.32571415
2.17543322899
741.328510142
137.127352175
109.693294356
123.672970733
550.381642863
548.814265911
2.1826318419
70.9337759146
70.8563789186
8.30799681291
6.2816121991
94.207513972
80.7487861146
2.19476392488
228.976399406
22.4605562031
172.237108516
143.275339776
120.722208458
5.75618877635
36.4465007675
36.5616265147
2.5704320522
464.958140213
698.852203525
9.33267322798
1.54352372378
112.769316262
579.39386503
255.032587994
624.698797862
273.213178372
456.426327349
142.27568405
311.851641819
275.588679652
571.703098046
181.27121044
5.06190199983
254.197638616
23.2110783355
72.3147221945
52.0176067012
104.276430625
601.993841053
21.9229021166
133.559147401
286.458188617
344.232615454
398.120563349
251.410278982
151.81922491
19.1330502727
1.24657401817
218.311525329
297.722962241
5.02605403732
195.48509705
56.7661048648
4.24418321392
13.6943946493
130.208460586
28.402311685
532.046666107
47.3570592163
84.6539079034
85.9531041254
23.3529128306
394.261642721
11.7105194009
116.089378789
19.034477237
398.308419565
7.06633411183
700.377464326
82.6372994023
195.098230588
9.17431592797
67.6911114913
116.471325073
29.1091038223
36.2223967269
159.899167805
1.04340454971
3.14313991667
160.255635939
4.6976271534
98.8649268091
196.276099334
0.0
244.893002207
594.954467125
53.6123259765
630.320812647
20.0085606618
55.6870041006
43.3267730547
268.616131315
2.1376590643
740.636332329
436.108573025
2.57282789767
0.0
75.0983435107
8.97298737266
3.33243607742
84.0741797575
76.3220224176
242.31980657
57.6290589413
310.998020796
437.226855778
464.27857299
12.418945321
326.072329397
0.959792533305
5.12375867599
550.08184096
23.5165790938
12.7388078604
2.88383256548
586.672579822
20.1275354904
3.12179108372
8.34120413948
1.34563995786
115.777729469
3.39610376021
25.0133655546
9.4047501844
282.339360292
3.90549063612
5.37054958987
4.12520727776
0.0
9.93447017882
29.6223741166
0.680205230755
191.13192225
230.949939178
128.532445389
77.8460249299
16.6571893193
158.235543881
66.9547473326
613.638844105
16.1248021053
21.6586956325
97.0215601998
81.5861545994
504.998092405
15.7949541074
4.50699959816
0.0
0.533673194855
147.554397328
19.0108676918
87.0392628313
104.150320319
138.978560941
21.1686106535
80.6252743545
84.6831099701
139.21975601
96.2672476915
73.6839694821
133.217403249
89.8240150573
201.389942334
84.2803908312
31.8286598097
577.792180856
2.93153126805
0.612798123873
62.0704967764
0.0
287.52304058
120.6788894
143.238810608
19.4366835344
699.41877612
482.903584395
34.9308000871
23.4345233247
502.436905901
1.4852846303
24.2543787661
325.778650578
3.01628748618
94.4365370833
42.4245727476
3.65617982004
1.54244819629
66.5444153199
0.249594374323
2.94231534181
0.0
43.6757136039
67.5202277853
516.863273988
50.5818184883
0.0
975.424059295
0.0
48.9044552823
10.708717052
7.15209164497
1.87792083753
647.605854151
2.06748394177
140.519924748
88.356841601
391.388776991
534.698850433
170.951400139
31.3590176067
132.178719501
4.76372280348
482.79049783
237.887772677
394.914073645
10.3323234144
2.50276243243
12.8220144772
5.7245687113
0.0
168.922595312
270.144794816
1.89322522815
7.40294209362
40.1879020184
9.10349947647
1.97506389799
651.904630077
61.5257282582
271.071414359
111.607633595
271.477094245
331.996014687
43.1032560682
2.02887350185
8.37079277571
38.7352753206
3.00753816423
178.873200618
2.3332178743
11.6921645441
2447.20230069
14.0476218014
10.0421348002
62.4874990532
0.0
0.748835182487
31.1032624868
0.0
23.1088079662
255.336837109
179.047820425
335.255493227
198.20803026
115.348648277
2.28619594546
121.175673441
4.19373311043
688.659075078
283.600379164
1.76739626565
0.0
220.754345103
80.3105125402
130.414800147
93.2322763766
108.302665005
10.1122235261
55.6943644304
322.687473815
145.130261382
11.8224152427
727.387227105
1181.86394434
776.139188983
0.0
3.06676528091
4.19899776765
1.61073699203
80.1909761336
159.047938196
0.14883594648
40.5103752872
1305.35779489
207.826216714
98.4365810956
205.573131729
0.0
91.1323084033
40.3450386889
0.0
0.0
39.6386165064
146.603015176
118.233260627
84.8674870601
389.480388044
163.615430954
186.803049278
11.5476816595
156.039181617
22.2923131328
0.0
337.114309329
373.96650992
6.25673107249
27.8454875117
57.1846212983
5.02016798883
873.328983392
170.572462231
88.7844939264
8.67281662284
288.625085192
2.87188324464
11.7866126938
117.670249125
5.21934105856
196.535270444
6.6541755854
499.296745562
5.41603520911
0.194129942383
138.644955796
176.264946772
111.7194951
1.81738780231
182.058447824
170.564675456
6.49406155355
0.0
36.8979132781
5.49020562274
107.846581538
600.530462403
0.0
122.962535537
1.16780575224
2.05107633243
193.254769827
0.0
239.228485812
279.526871418
1.16902305884
77.1090028274
33.733691472
4.95704416187
66.3514506247
876.723230731
252.007401653
36.7541824873
410.795910657
283.475571454
84.0078681158
482.265595003
71.9187730081
91.1820994553
1959.33933279
372.78378967
77.0459332753
7.25127499549
387.42906249
517.124277151
14.805430051
4.09569063873
50.4603126812
2.20457880548
388.095128578
18.1021167467
583.875830645
66.1670170443
75.4476573379
7.04278548734
412.75476743
581.871172573
0.0
3.10014983134
3191.58720187
251.942071389
93.2724940156
4.06964758799
2.57334849285
0.0
379.21174782
119.409395902
7.72499556337
161.933237289
6.20213282231
100.509247729
212.089617644
3.06690152177
2.07485867092
188.540258776
0.0
881.258116509
5.56790722238
519.528552944
15.1980374594
19.9618998266
395.796202239
122.311887928
630.672695112
0.0
295.68254371
32.1923874775
12.7640921713
127.186238314
64.8957535229
172.948064307
453.762961304
0.0
21.6188501635
3.91474283087
50.5000141556
2.68436596868
3.47363145891
85.3797250254
4.83796410665
186.470854171
80.9500903015
0.491055279706
75.3075585292
0.0
1.75285172246
324.443373788
0.0
39.9711992905
6.56491344981
151.158415726
0.0
1425.26302335
591.31065864
5.68539669317
5.12740616519
220.740809629
126.1397545
607.964763157
19.156782767
44.0289042036
11.7649825179
1.21691560005
6.22467680886
8.27987691971
254.710754947
3.11406966033
15.0404134232
160.855578685
98.3034892767
18.2812956386
99.4128521279
0.0
2.58680975501
15.8430404871
2.23422060888
3.69341455949
561.03056679
0.0
786.787014122
336.474388196
375.403389167
44.579695011
328.401516535
13.6648824408
1.51671861029
1.87676777459
503.576204084
256.305071038
47.8337615763
0.996490062855
449.175668206
5.71064555936
14.9001396059
41.9477507616
9.79427168171
43.2044686322
107.844839205
348.418282662
0.595484457385
220.556164487
203.465352614
162.065241397
3.09985076601
122.496528639
2.63146242196
16.0604366035
270.269008826
116.784302464
73.941130209
7.88097917089
7.15518530952
229.24793742
0.0
2.11361642821
219.691451464
7.2966299121
6.43382536836
18.0981834839
621.794472676
224.068461768
78.6908678323
220.783129586
722.580962814
15.901066912
232.89275719
3.05610526387
1.11631113545
7.19844123068
2.71041455768
9.45949132132
196.733317035
11.3242854067
148.824915401
2.77510017018
298.183252561
2.10718984687
481.897536426
431.037830877
4540.70632501
74.2383734417
374.474783608
75.4733802782
74.9080493583
9.12873837383
3.57514198064
116.87903971
346.414069865
669.718964024
273.294818772
1014.06730336
21.3527651061
28.7619620956
169.969760331
21.5529693974
17.1605350758
193.761681107
0.333741385345
15.776941514
6.29966466768
223.575331861
43.0181963541
78.5883382732
42.4852686072
134.8749783
94.57460114
0.0
23.1715596231
9.2805428205
103.863884421
150.139499088
8.67946473404
4.86201892688
1.84864788135
80.5487368942
143.503350495
260.680108619
25.4183055305
213.414633171
0.463200114661
98.6061588831
81.3686045199
569.017371884
1.77755673284
705.248201561
0.0
0.0
26.7533076242
109.543571182
4.29253653724
1.32995896647
513.58074305
154.799113931
90.8707602774
24.8072873991
1.36614808498
5.95714626913
156.068684965
57.1425682844
238.288052773
173.777548544
266.730491269
22.6254131893
3.78518441313
28.3272828431
268.733932036
36.5237991827
116.226492483
410.028616499
5.08275682119
152.14100036
1.87863305604
5.82428041053
56.1927257648
12.3031826755
171.713829503
0.0
8.38302343947
4.03116785067
11.4145732256
12.7054454629
1.50668663042
0.0
99.7745029531
1.19230030925
0.0
48.6697122699
110.053404441
1110.53087635
0.0
217.442232176
116.603856421
1.03079063928
40.8230591514
1.89650054718
734.275069068
92.2954719972
455.301303444
86.9394093526
142.005439769
315.266617709
235.699481855
130.275692685
109.611739244
306.543725368
4.51185996336
2.078705537
111.233120746
283.654206491
192.496909518
228.249892218
0.0
32.3194138089
568.916473893
685.813608161
1070.28485708
0.0
191.694876155
55.6152383936
34.5622652212
55.3615180256
10.8600540706
8.19711668562
56.2273763585
305.251279161
27.4232881441
5.6527642366
209.460773705
86.9750114171
178.710184545
3.82047301274
15.8966219153
76.3220224176
16.6759274228
24.6811228188
4.4816056299
6.95432861284
1.15602590175
472.790227743
292.55597755
24.9656590985
73.5116314325
104.28566399
3.86408005875
0.0
1142.08720507
57.5082188312
7.69232323145
4.83776472978
20.4896482053
82.2668505187
88.7025201232
16.0258137011
3.68858410082
2095.54833291
0.0
16.2084096911
88.000089909
336.41236648
14.5942722157
41.0330284789
0.0
3.25936223663
490.366140175
3.1573865022
29.5319234734
446.333631681
19.4042692847
3.84118605498
231.513472384
97.4261390818
1.69422162876
289.998394231
1.44491856622
1.83670852936
457.884670624
1.22119666466
108.539323144
29.6088342115
91.8360367827
59.7840405333
33.4327730589
7.19911135848
138.828773524
7.75216398584
1286.04544499
502.534400086
10.7581182115
0.720347549681
2.2845101032
4.56689573501
355.127604784
65.591532303
0.0
87.9918201991
541.344594592
0.449527291482
3.83347349278
92.6815176911
226.166407175
5.36052979415
6.91991837911
6.25673107249
231.782925802
0.0
0.0
220.604512272
129.1059563
1.09117303419
78.733230988
23.0337580791
154.891685723
177.822190948
10.37835732
116.688703467
0.0
353.32899053
6.54722982845
538.930296787
18.4448156921
14.2991744997
0.0
60.4982251222
1.84104608408
135.13132269
304.646205783
98.1919722509
1.34088481933
0.0
11.9025381637
57.2594884234
33.8491594828
89.2992196719
27.2923828248
1.45892589949
104.638664074
197.760140074
241.232199059
0.872973872128
0.0
257.621451331
560.625997877
60.3429238265
98.2024838429
390.626137175
8.35878364182
12.5355619641
212.748142854
141.904602699
0.0
3.85206870952
113.224767262
4.63230796547
80.662239935
3.98108327145
46.283539897
2.97340041224
107.356036884
5.63214755986
30.1784107513
27.3347947172
57.5543457793
0.0
563.187308437
10.1519106011
182.186126561
112.71014785
546.933596995
389.195038749
21.6474640683
596.684449212
898.894776859
15.8701778955
1.88449695153
1.12040943793
256.897136181
31.9208239866
0.0
6.05175835092
503.740122891
4.99335622946
3.27316354714
0.886169298452
336.367172173
2.86238958233
244.832197797
111.096360392
231.92941464
4.6524948743
198.336219623
330.066625816
15.6294967751
911.603646066
3.78062311324
9.38488117093
77.5288573012
8.09310398409
78.1948879437
15.5499874918
439.975310335
526.423785143
1.45333670103
317.996393977
0.0
89.8788259762
1.24665709187
2.47355482757
38.8814230022
0.614972439485
205.545719624
5.68583753759
6.27967824339
1.4028068468
608.752895522
0.601254202684
8.58700592254
23.4397104464
639.458700203
48.0790195035
145.095965236
191.588596095
473.475274509
4.52117640177
192.541337332
130.93527127
23.4657778655
65.9540437718
11.8899242533
19.0731297676
1273.6773319
76.3220224176
7.95702372717
6.29209056163
1.93848488692
236.032989526
13.5141601676
0.443824005147
25.9068442309
7.22824696615
7.21029418601
54.185883408
24.6079614738
14.2236195244
97.573090917
162.581645231
2.44980571854
318.562805963
0.523174894621
534.018813566
10.4216287482
0.0
3.49636928411
20.1900556484
20.5804034522
77.0583090409
9.13060033232
603.00334821
17.9025681838
495.104596389
594.702636407
94.5472532783
11.3598608876
343.576165979
53.0563535855
740.249182309
170.131131545
2.65368629787
33.4872716207
281.804744488
173.672672984
40.6597307213
24.1054774684
31.819151748
195.700256822
87.778397221
0.927181122091
11.1945697028
0.514814357571
80.4108090782
2.76810758005
1.68429930618
52.6459916663
15.084068098
1291.77030058
5.37756211771
280.442489789
387.358530705
2.28634990872
1.89927299342
0.0
418.50948414
4.9442408434
182.270976929
296.306627673
0.0
340.32410869
19.5899090951
426.04089251
0.0
5.69834843664
157.121041536
9.39938030048
12.9915291288
170.710240514
55.9382200735
312.149161965
0.892474038367
20.4562636549
16.5615471237
164.249114913
3.60287751956
126.574219976
2.70823913442
16.2044841819
191.608754205
5.48715183356
23.1820446316
71.6811246316
147.686834526
1.81111518422
327.202738692
254.97207822
13.9401510187
5.82428041053
1.46188886141
11.3322372212
33.8761839108
695.192658667
15.6922373554
1122.22035927
5.8041832213
0.0
6.25152622832
78.2839850394
160.78084337
1395.06206419
36.1879599096
193.648154805
34.7123738567
793.555679663
649.28744747
4.32845871227
10.8961246707
19.9784514304
28.2941109614
3.77593775661
0.0
7.85075917454
192.501842988
30.1444967444
9.87612032041
1.42020801758
516.16973266
56.691066054
0.413688190157
125.324959908
75.6513762005
2.29112830787
76.2126918918
97.8326585656
315.496565707
6.34092682007
6.3564538482
0.0
31.8000835651
88.8490975728
279.216626598
149.151148033
112.71066623
38.232504434
419.968054484
6.50485448852
118.933805622
182.822919692
6.72058691555
107.487852692
487.955822154
178.963984664
266.116468085
15.3702558829
49.8145420524
202.955543723
86.4117263253
12.4243595109
3.5313721102
25.0771584018
8.98881900439
103.677636512
437.753312637
38.2498989589
71.9673190625
657.754582476
243.164231888
13.0481876067
448.227663277
143.86005788
0.0
0.0
495.901670808
12.8414138474
4.76540643045
61.2762512948
632.057954578
18.0273836473
76.3442296789
0.0
56.7732414495
422.505295825
30.9076638015
9.23748295325
144.503942183
47.192802576
540.237727274
1.78501453569
5.31349346587
21.6000345245
39.591627807
17.1216034176
1.16780575224
164.978228399
84.4730907983
8.79920384061
422.893822654
3.93711734709
592.394162311
303.965032468
4.10952850167
669.26657789
449.946181193
244.093358042
1.55942292209
124.768619778
38.4063001503
77.5288573012
109.667643413
1.38863779673
50.1046520234
104.051391728
7.28676851022
11.1134532203
97.3037748466
78.3345270779
0.60741162524
9.5698497458
4.14745109134
832.494759135
83.4604091176
0.0
99.2425909205
33.3631329309
60.7214109213
12.1181830865
0.661953385298
4.36570120528
191.824938553
89.0220957814
262.113499879
1.71333411774
2.03775131113
328.575226962
12.0450427867
40.2784855795
7.60337899121
2.63863888189
0.535678040121
100.478822817
27.0501886556
190.635991098
27.7872107581
1393.05157434
457.371473435
15.65872321
3.60984020318
585.326700612
875.615106233
80.1052684444
11.7514869186
260.097244717
2.3630978223
13.3129346236
746.651986851
47.8967956836
76.7478349373
421.507431169
546.611303166
634.740031037
0.0
0.364810948711
14.335718066
42.2015309427
2.92967152485
39.9284052591
87.2539053312
362.200232559
203.839314961
148.78652206
18.2687891702
2.88386579495
6.2678851011
33.6453763766
55.0876705618
183.31379664
20.3830225591
10.8238461221
7.98800800152
110.519471152
2.86129190186
6.26556014519
464.412666123
49.0542759289
64.1454628891
96.8568782222
1.95225739854
5.99151773512
1849.82319253
213.616065845
218.218898155
31.8466790489
42.080964422
264.191866475
32.0659382314
2.66373267718
552.095984941
0.0
53.2796246739
147.438242574
248.8198162
416.738161258
101.690997678
0.796213774405
31.1790965897
72.7680431848
0.705229244143
43.0529333444
16.7364128291
33.5236911301
326.308932151
5.13980519165
511.311528477
4.37516385339
1.80966305597
70.9088803886
85.314280673
1242.88888883
339.541685148
94.8840506681
73.8603714973
37.1711426736
107.428576838
479.51640718
39.1478004789
29.4829587276
10.3359886259
17.4506306475
95.2477406758
0.18661786471
169.310504072
7.50726493695
12.1789952494
0.709533569393
0.0
476.313320175
1.29415530992
254.353132642
193.501638277
6.78235719505
0.0
548.69764373
26.6950685307
24.1049413661
13.2678034522
0.0
40.6091310851
328.946977334
20.0162278104
7.43847548375
9.68382353765
42.373216587
72.4348068876
144.761699933
151.969633718
2.17216012524
9.83195723444
4.78646616692
709.952418121
339.290530096
0.69716444946
1.53877080056
0.246192783268
1.90268455332
3.9000033414
244.240847087
0.0
14.2979173178
124.914006504
30.2612607049
32.7457945525
0.0
5.90624756769
77.2076666904
277.180351784
0.0
2.93053438366
378.666721219
13.7995792438
7.82774665233
845.367426417
11.2618870902
56.022596368
70.722359997
125.412178431
105.698141723
7.55256004052
2.41303951474
1.34319426816
751.539801822
13.2887690385
579.490988153
1516.2946841
0.0
201.030888945
180.167569705
16.1807417188
0.0
423.189844149
9.32895041861
2.23595629535
78.3937863165
9.11734066236
4.3924553669
242.467604649
18.5800807191
204.608044633
54.837193391
252.123533146
98.2534922018
403.812074266
103.184138865
261.201223286
803.204758457
81.9866285332
8.01146358347
109.771519873
102.874278399
281.170956408
403.414877867
63.9080570879
137.928770793
234.253956297
41.8763494711
7.60807431667
5.99777816906
564.798395446
0.936693614432
1.4132796711
126.185877017
12.9308964051
43.0901558997
5.18570396407
1160.04025326
82.4463151842
175.498640637
2.35674213051
319.470790414
0.49526545476
138.877585414
135.71769784
282.626172791
0.778503569464
5.20509336538
117.015769049
2.36002963369
7.43481913332
208.737776657
48.3785123719
0.173276228678
15.335075833
0.0
0.0
0.0
2.12031992188
82.3151805814
0.0
105.617343136
282.043375348
51.8793067149
4.16014807548
9.14670001518
112.414404375
64.1565748272
6.18936384095
2.51739780286
221.800200881
155.764895524
834.905542369
124.328530766
5.91408529426
17.4614689961
91.6094948058
0.723354817579
494.852578478
159.460376958
91.7651970705
2.14185927051
0.0
1.9213838891
62.0113294727
20.6810411462
45.543888235
261.191022944
176.632985411
409.069243765
11.6854732346
179.363655552
47.9473698438
1.84354383329
882.957252778
511.068005129
10.2761932852
45.5765096151
243.12579978
57.6671775849
86.0982150472
0.0
48.0390233942
34.6813297693
1.54131839399
48.5642851003
493.27857003
26.5812110421
779.715334494
5.00137117991
576.360054532
156.622780997
185.935899425
0.0
73.2008239263
80.5985135469
53.7159188789
250.664898558
3.31832130218
3.44837705446
13.7670198921
53.9720705373
54.7402297698
23.3831339346
6.15219888341
330.896960728
1.47640903632
80.3424427468
241.461906697
6.17895969093
53.5279042684
15.6973048511
30.6058947137
239.219152758
204.272982929
54.6938912604
3.77441806175
566.660118019
224.046944572
4.4220750173
0.0
144.870411283
92.4033160576
79.3686041128
3.41741936368
54.7736109972
9.72051331366
2.19606984342
3.6648305612
0.412827546637
1241.75831339
322.916217798
9.91094592262
0.142720614597
54.3316533811
329.966189714
17.0809504723
551.00249692
1.16032690405
924.672647512
175.784249122
76.162504301
259.972094745
11.0956256045
34.6039992322
0.572549470611
100.66717083
494.338512892
136.697868905
0.0
67.250193958
1.97159917093
6.61100606086
1.17157286757
2.77961162585
12.1394444152
100.219897605
11.2392356615
43.8854724781
1.46366996151
22.6573854868
41.9016980259
606.383878422
5.39717415653
252.627204551
5.08172559968
53.9682768382
262.889564405
2.70773958458
10.4173886666
386.106709751
236.094049803
37.019145496
0.678364317589
79.355725474
163.533294326
0.169692983135
163.072858904
92.1550253867
248.768062394
81.336452783
1.57998200107
209.000659501
373.865419197
18.6110029651
7.50173112097
15.2175708551
11.0219436643
3.82125612079
122.113973148
286.460431606
349.013434824
169.939678791
1.93487727309
601.707006401
4.73962700023
157.900525376
6.58187820676
709.977572837
1.94404971709
20.259763343
156.722766286
62.1378684382
177.383263861
0.995217373788
140.944291785
805.140000147
1.91507914919
190.087643765
304.435813333
48.0563359532
12.2058878671
0.808525296571
331.468492269
2.84857498005
0.198329040947
70.3399651154
0.0
18.2977209703
157.790531368
212.650624301
0.0
26.2814191084
27.4451143739
1.88971619511
18.7998616045
336.617386831
144.917284787
151.694185701
300.874562383
342.572148331
205.108008736
9.97890906945
235.303636788
5.12941765636
5.75025399132
2.45081700237
173.926054411
85.9309788301
7.21945001528
530.145800314
7.92295575711
192.960803021
0.0
27.2435000451
1.75621233049
2.82655934219
85.8802861517
2.16616220419
918.621339974
532.773383749
108.10962056
178.727099458
1351.12092347
14.4674242158
647.922398173
244.561963486
157.479858994
89.9262588431
86.1212164928
0.0
1.04696674991
16.7347214486
6.99808851444
369.551106274
1.76329574787
0.0
2.74080845496
265.301501808
185.06155539
355.609129849
1.71333411774
253.193452605
0.0
464.814513542
794.435038026
12.4378883397
0.0
26.5203102673
248.05341813
1.42805349769
11.3129596925
159.370543276
0.0
40.3445070172
7.13831248745
154.459165279
106.202709216
1.84104497643
132.467959968
312.975935784
744.495679402
269.950691457
0.0
62.2325281491
0.0
88.4289351723
8.11373395263
402.733076513
426.934676897
91.4484758246
2.04725383463
25.9650966161
147.175968938
1.22655990265
0.0
11.1618630337
79.3240001823
447.227738394
111.236418218
110.085951608
43.7435792775
280.634978195
106.171954225
8.89316462459
854.48543499
2.95047982493
190.4308046
100.553682188
6.02248096415
550.101564872
80.3646023792
0.0
0.748835182487
3.29888205664
481.665141631
4.34773956394
1.47763298881
1.55942292209
355.225286162
19.0085815036
600.488777129
41.875260652
0.0
0.0
452.512909267
95.7206559826
293.601324917
175.642131068
111.977070087
343.915900854
386.538396136
89.0813705271
7.25641116537
62.780244122
44.4215149349
5.91944963992
339.966928336
118.930975578
89.3460267168
0.0
3.05607868028
156.136428797
103.699993305
12.0711910641
0.544727535046
5.77496675524
90.3383985394
36.2240570931
0.544727535046
36.1377102907
0.658043383206
1.37580124879
687.815639998
683.718378712
3.75601114539
261.5603819
180.24425559
135.950591077
44.5608494655
304.249596437
275.455585618
15.4340509454
28.5523782298
131.975367271
583.952344846
57.6783637354
105.198126668
27.2403941965
100.258190149
2.88422578098
0.0
8.61445347264
45.4034914687
1.96236691386
424.75053976
3780.87565174
2069.68885287
733.900743412
173.9538985
285.789020004
55.2091420319
5.55760719137
5.94289082242
153.145941787
262.513526322
7.29357390762
675.838081853
324.927331251
373.495885232
0.0
703.034156784
146.1693317
4.59734169181
31.2364672862
9.36571773007
5.51056089425
198.92769882
350.812993904
79.0487947404
3.23812638391
519.155496654
166.383438846
18.0615745664
150.119842742
116.176648264
0.0
3.35726846748
117.938934943
40.081902194
276.741136707
0.0
15.9181701251
274.565106455
3616.22031419
192.274273113
596.831321297
409.664044802
227.668071723
0.887959259749
167.915026541
102.888252503
4.75082533483
75.6716173842
177.483759776
2.5748903407
44.70664713
3.70714719574
2.33954255191
0.0
16.9767871305
1.70798195624
9.93444913349
558.131538383
136.7671856
50.7757213626
245.647765529
20.9516155063
2.13331707897
82.381909807
233.668935803
172.251776007
12.1391154433
3.31197557924
198.617121705
18.1414039604
51.3702211198
4.26046676655
13.6707097839
3.23119028388
89.9363805424
19.2748160936
179.04045788
129.404744703
136.713727121
150.417565587
318.387960194
404.898724768
10.5823442336
3.70633971939
60.1516759877
0.0
769.437407738
72.181805384
353.066533024
225.73113533
41.1225232209
41.8488587228
117.292651472
7.13769995739
160.415384446
47.8737997761
244.883339074
244.638134314
44.7128765498
387.383953472
10.6830583555
81.7734835748
199.213438007
637.258960718
0.787282797957
607.075164576
684.314946451
6.96585702693
362.201298118
133.780845627
513.792408189
314.075996596
358.815744718
6.46235287653
0.0981565595947
10.6693390111
64.155138206
736.661276885
555.422306795
171.296795103
52.2940593562
0.0
154.315567407
364.924604607
168.784151331
0.0
9.22137994747
29.9191177995
88.1817920258
0.0
589.921400561
244.550563559
205.056177394
14.323017759
2.74649623422
0.0
23.9876645639
149.504899102
562.612195866
60.5712934247
3.44879463826
84.7190277145
115.200329603
72.9697018196
46.8906192275
78.9716779798
172.788974851
4.79828700046
97.922493356
667.895243791
0.0
2.81030015786
21.3743266078
194.207976278
457.846411309
216.349697841
198.141110518
1611.24535655
105.324385398
537.36233832
0.0
70.1834874962
127.662767881
195.416587832
41.6352175378
566.964976341
42.4976931096
9.65866771401
335.762696926
45.0181779312
538.652157183
627.384995884
276.594419694
551.837790778
583.223774107
303.615180322
102.303856723
1551.96673197
33.5188119349
91.9113170609
215.057618265
645.319235084
66.993738804
380.982140276
220.073821977
349.035660917
1.67242198254
16.7218583171
5.55785419716
199.374625351
207.788669617
1.75256816423
2.87969106468
148.572719158
130.111077166
0.0
473.793779071
0.533673194855
0.0
91.2108972301
0.0
0.246158446139
45.2455229536
968.101873696
1159.4426687
10.8700096227
136.050118907
59.32353976
13.9409684639
7.64059933125
2150.83848065
248.065690885
1.77697853989
155.987109915
391.983867125
832.289388767
120.980376038
337.288439555
0.0
1513.37492604
443.203468983
237.30239995
102.613881121
5.15085731654
0.0
4.01815297119
496.751059503
218.348389006
47.1233906239
3.63833337423
38.8224739055
161.053105787
477.811104628
0.907739661265
9.62393183141
8.58627598163
2.06748394177
0.522438307826
4.1804856246
25.7232602177
115.069075374
2.88820002673
342.216971715
379.08453651
0.571194815497
80.6658132117
0.496122775333
2104.35462792
40.2269854245
199.168079767
2.05576058139
1.19775215919
7.42936728341
383.348302964
115.046168078
181.930608478
472.581095798
0.559506899895
74.9422148013
0.0
78.1639280376
25.383366948
116.970305583
1037.28165147
873.975788566
4.19373311043
76.3644487093
84.0607107418
2.90435730733
4.21845252026
808.811032436
128.95529827
0.0
87.0902014081
17.4556770978
118.416234325
2.41431220381
532.23881668
676.557834595
354.02791725
216.487539259
3.18729857202
195.287880089
1756.82474647
74.2210354068
3.60091254967
682.641710346
303.163345797
302.945553142
6.79817553495
69.5303986284
352.780471512
776.78797131
10.6696347534
94.9788588037
3.00220372512
2.56401211675
358.438011932
88.7246132965
190.242476525
253.310032696
120.122510501
43.152669412
394.888804841
225.371703126
118.241554705
56.6933666416
214.28743868
26.0826868831
0.694415263855
13.3255352423
100.337608606
4.42143479601
7.85497488786
80.9970047882
94.9912910599
0.404148006582
96.0102265284
633.954861633
8.01776721574
531.581517639
112.184365549
0.0
0.345359519039
1.87792083753
464.632303013
0.0
137.35911561
791.537685493
307.566756924
178.165424888
679.65400575
255.475503727
359.895819106
100.503768187
0.392552025872
192.887962895
9.11151774989
12.288980396
106.874212754
43.2425507234
204.145707377
302.46512465
209.776259922
100.872453693
108.50960602
273.042842952
0.0
440.43016542
239.164870187
104.773286664
85.3328836434
1362.80863195
84.749237742
27.38664932
244.616268209
27.3140927514
133.897760228
259.697165107
8.84432615085
392.329463681
635.637061944
9.70140525526
101.381065215
144.688657106
229.807187346
122.885201677
129.419601604
156.008604958
2.29077496774
105.478154815
193.090991692
208.164560383
23.2620844789
21.9124658447
593.175377406
7.24565478283
148.627850188
71.3239963385
334.536120409
879.819035255
58.7895398086
10.2681451052
128.126283676
0.495387296186
420.760615231
12.4526455515
85.629877655
96.4705855227
4.90321240503
0.649891084226
6.34993754728
280.46892384
3.36236586964
3.21611628432
70.0447954022
0.0
98.6612699752
82.583756742
45.3658535449
13.7448580446
508.635174135
2.84460405724
3.13992884128
265.732804945
733.426541016
346.319756848
132.200881349
1.8048281667
32.1819423444
433.89014085
111.938403157
141.436462468
258.585601356
14.753563264
6.74600082148
102.884287118
52.8550449679
10.011326642
234.898045514
103.545922608
58.6397989126
374.436937446
1.99236648798
576.444229233
0.459112888679
0.0
72.0314840797
316.449510752
108.513453994
21.0461666674
434.600942678
78.3345270779
99.427974864
0.0
1131.72841437
314.847405671
0.720347549681
0.15882362038
0.381577436432
99.0291413589
7.43613280543
1.51842217494
1380.2531827
0.0
15.8100281069
117.694292868
79.4303134713
126.832300052
562.892798882
3.66799622294
710.365203577
76.162504301
40.1064333035
706.314030471
981.163826062
10.1785074765
254.176335197
66.3496041734
1.74633320622
556.721982629
14.6605096449
64.6025986237
212.68617209
0.288397545223
0.520544227491
0.143534736846
7.13362823849
324.292269376
64.4720278146
0.0
106.442133155
161.562651057
51.735140618
235.711586247
10.0223001238
10.1651436875
43.7806700227
401.07212424
4.95096649006
197.884597766
156.930236757
0.0
18.8211262561
6.97318634246
9.84823081824
123.506245142
7.23113350029
802.175081005
127.469876291
86.5471995904
227.489952851
276.837586379
150.843923071
552.580591487
121.913860792
1.22028617692
11.8401675383
263.352266077
13.0353200446
186.570809552
48.274582744
4.52331416496
523.789400742
17.1602792089
46.5649215915
134.147920611
0.55661150458
594.706071228
3.75688397305
2.01418939484
1314.4885514
147.93449716
111.671028796
290.81311461
0.0
13.0218720742
793.399657288
132.548555855
640.347573274
1.45056757774
75.1543650905
323.409088515
1.72564010167
139.41970665
249.070666649
2.19689282687
10.8149494827
48.4267914827
9.22683955098
608.791095024
118.172110631
9.40813405304
60.8374117116
152.727712234
32.4333288953
48.6961651509
40.0234958455
165.855436816
134.8749783
0.0
80.5659962859
2.35852433826
728.364636801
42.7657364908
453.669076948
187.839872175
80.44253437
1.17029131731
57.600628906
1043.63615253
512.826834834
77.4668677071
100.287505196
34.5660711043
167.795233159
8.12770473349
4.89997031546
87.0916801198
80.0759644741
1.81824179993
336.082692383
78.0288269427
72.7602298267
145.467095325
75.1476649195
77.3923937978
86.2813006182
116.046390919
556.819274115
53.9413941894
64.525848495
82.3314209356
24.9513637764
424.184661661
550.90294583
2.80072896011
2.76887518103
0.713428064395
3.6208934357
25.281832058
218.17201136
203.59542941
229.117584818
6.66431611489
661.190608133
75.7002467959
250.828511654
288.798310469
374.819135166
140.625494805
137.720890492
118.379634269
547.084801097
20.5772112068
0.0
742.653910023
918.7996261
88.0894052117
461.952645662
7.84538707538
108.105606438
487.699257344
2.5664544835
151.380222502
5.31386563606
348.709947773
713.822046395
25.2954096233
0.67601167044
81.6850410998
5.91228757941
45.3416259314
11.4441308476
202.467649674
33.5311190267
0.282881451621
6.68830890676
4.4172910799
154.057292385
4.79382981959
159.461954251
0.0
5.76606790065
211.698866656
17.8795157862
24.3212730314
51.7168101294
6.94264845076
381.892169449
9.00973253113
311.711653776
456.20238724
217.956777375
1002.73537738
107.00576051
58.3701250715
20.0320140284
264.995566851
4.39838904431
137.892840864
584.968420364
102.3460637
329.593820167
178.698197564
0.0
12.6765513228
118.398115398
70.2094275356
224.073271183
148.201280036
233.034369047
81.1364290387
3.82683756573
2.26064579865
474.804288651
447.21419295
3.82663486589
81.838125989
44.1670258583
611.095103077
0.0
465.695821368
1.00418822561
51.0092116236
5.62150415757
298.249984002
141.973050996
80.0856796663
8.60984343618
518.374531887
159.985686293
307.096917559
71.2285092138
24.3740768896
123.241179122
4.65934790062
197.617586714
9.09297791562
5.78139887484
85.8797367574
28.6394372509
5.14503440408
1254.1576367
1.49310463448
19.6965845856
1.84104497643
1.82881320502
93.6098020318
89.1163345854
4.25872332653
36.2439416139
2.48242045271
22.0671479643
653.836037085
74.5630143803
273.814700626
38.1909387857
327.549689904
6.62268622293
12.7039833658
316.792724754
171.244716755
0.916286283402
19.2414459426
399.955924977
47.600680038
13.8746014397
9.75914036831
3.13663690752
36.6168372949
12.9876423873
99.3655809778
0.0
145.922910741
309.362329572
7.37800004627
2.6564764665
546.974992065
74.9420907446
123.264588183
73.8953588163
1.09760626142
965.499818258
480.368738901
35.9749534076
11.1137212715
52.1005164679
0.855474120557
11.9826588694
80.6969603105
599.041783936
3.63961049389
121.47370532
201.726302202
111.438227493
505.963581579
0.0
165.806696923
193.80317365
870.913058451
1.71333411774
902.37637564
1.22119666466
5.38822213476
52.0416017084
24.327022839
289.150455447
0.0
0.0
151.020124602
1.0326957961
30.5826351857
0.0
44.4309509993
417.631348623
114.792412265
98.087938504
6.50817522115
6.52609034124
112.992297146
4.79721811885
471.228766747
1198.16355565
3.21611628432
565.624319697
0.0
0.0
10.8942660351
212.5495513
16.673339954
0.0
4.83840827404
7.1325416345
0.437736364495
1.48957787905
29.981507255
218.968241749
87.0362622091
524.655290089
196.541494326
5.28081005746
1030.01818458
44.7468835989
0.732527261582
101.719047789
70.7109999455
305.052606749
84.8918819286
278.67600955
4.71979010859
261.452235452
6.36630195828
350.391434758
47.0161336177
554.912768171
60.2308773445
5.2828459169
292.362439093
7.21702426328
816.253146548
68.402390716
3.21335602222
54.5762954553
666.664336365
3.69681836584
37.3884224867
1.5721420592
0.934168173989
665.005548438
81.8088630017
6.09743116289
0.0
5.90691658788
307.936786008
42.6877025965
47.4919155209
48.2487612232
427.905988983
7.03380909726
33.6412116151
1.79651193561
84.1604601012
81.9971999381
352.909997808
519.949027701
1.56121842163
23.3320059497
80.3600421869
234.304720973
341.56841535
106.735551674
221.727915686
156.085051591
30.7441382097
0.437736364495
1.16780575224
562.003744157
0.233959904202
64.462680362
183.338857206
77.6351860975
68.0139547153
0.0
1122.98482893
540.117165185
142.805945685
75.6812882703
395.342568891
180.493697109
35.8102625688
5.18990084736
45.2264691701
38.3347526502
417.214255519
88.2499102436
291.04956451
161.777759877
13.2482312887
94.1574559764
405.778415425
16.4906896892
83.063408772
141.549039514
0.0
76.1389634302
3.39610376021
1.36837889071
5.85361539506
292.144140242
306.335619107
15.1704248695
0.765663698571
0.824636055899
568.907483102
706.260095703
194.331598804
419.310992478
6.62871183524
365.3966781
3.67167251104
688.448093359
41.8149823762
0.0
103.033481943
0.0
78.2416960962
483.150759663
3.61254286751
338.126423893
109.971830499
403.219909434
0.0
1101.47887038
165.358354815
0.820376036624
145.221218221
9.34464027123
455.485925325
0.0
54.5367778507
79.7609091328
25.6598306795
9.36011523983
3.25652665439
5.26812304217
2.68176963868
0.0
647.574833324
34.6870341634
60.7860655197
147.394261143
8.40881283855
736.666963557
69.9163235885
934.495495438
20.5187649829
2.79075347034
1.26592465175
368.720748102
110.766545624
157.886122612
262.964327411
389.39562518
4.26687230255
304.300027711
75.4476573379
291.29098554
48.8802343145
46.075555477
9.84565553357
220.871825713
88.7369602635
12.871102172
115.882709149
4.20962344755
4.26180480692
2.26668027213
0.0
19.9627427478
432.439785941
0.993949115317
8.30260920663
7.82845554788
163.465015499
227.448155704
7.18260295307
272.699006451
0.0
674.727123987
12.3837708093
1.23383715867
40.9761495789
253.979659876
534.372807211
32.5330860081
545.555257015
12.6641323587
102.519161597
4.08921642846
1083.48134564
38.7134313684
191.722412317
381.11719485
363.931900489
7.56233726104
78.5476509907
0.377172315097
87.5280751209
27.9130430436
0.0
8.4569335555
4.0583063666
98.0261715476
37.3890006797
88.2586961181
1.12933376848
47.76869604
53.4043758935
21.2622967405
35.8589891699
89.5781877986
11.8015349454
30.741866421
374.557948134
976.041058732
5.08719849494
613.499920512
9.22631341754
283.902147145
9.0692155148
321.96695901
25.6378316564
22.1704728155
123.926990166
0.305551710209
101.249500844
