5.56981745513
52.0373761152
355.984692453
57.47140569
275.822418722
6.89111481217
2.78995985248
86.2222183441
0.0
55.2741514089
1.62904006851
3.44308350002
106.441770613
44.7386325339
63.7528081491
17.0727661642
7.71124298923
131.445730243
23.0271711431
158.386400457
226.994310554
187.602364709
3.69771471576
418.984695034
38.643973574
216.76686798
202.181380039
70.1309499819
9.79776834681
337.913461537
20.1542038071
88.207158584
120.971966286
450.755163028
4.41514000518
39.5572488264
16.0235113426
0.0
82.2972303907
113.714130842
340.158638024
2.91771422859
99.4203820862
143.580091973
0.0
2.06388242671
685.962374931
0.776675806358
92.6032155936
109.082580381
27.21085063
981.839553284
0.0
395.561168665
5.75860231579
1.21414081617
440.796427105
40.7644266083
129.539742147
907.557641612
35.0804771307
155.447293008
9.02302312073
53.4658922498
788.632671709
0.0
73.4746963513
5.70903457383
42.5578809177
3.87194367332
0.0
745.238929194
0.993604071348
706.485709174
117.237030331
5.82107171129
95.9445857684
2.03161646801
35.9375900478
2.69167701038
348.536253595
6.27492238118
185.721477891
1.30482207624
8.47868661379
380.428368062
881.180776766
41.5864206395
0.0
0.748022061689
34.6198464024
18.3693568237
176.792623771
66.6392920367
55.9484218187
4.32589890073
18.856652214
76.7954076988
999.215231352
24.1021371614
4.05004499401
0.490928764856
682.126008206
110.070181107
0.675679447156
98.5352838457
0.12777802603
477.81047685
19.1754232564
28.487711033
61.5999609486
0.0
68.102228762
1449.98184343
7.17548517943
13.088228958
127.753186146
463.843688232
112.04379428
35.0975013386
46.4428917939
89.0287978663
159.161359777
0.0
94.2897996505
159.332439561
2.02389165743
0.0
0.648601533971
26.9058687356
13.2271411172
344.943671485
11.0507946097
231.916065445
653.236226134
544.389272393
2.03717295438
7.89322040724
73.8758811397
0.389819134984
255.605678304
178.472455153
812.413415177
6.39212640368
9.21710680812
582.048119768
4.86957818885
619.261779813
167.307786181
58.8367491551
0.0
4.1375360044
1036.8194275
60.6820615146
123.844567671
992.427409431
7.4649527267
3.24535648027
51.6645650065
836.024399522
178.499403614
127.024621744
163.72338321
43.2035150091
34.8272549523
5.27733765493
2.09260712113
47.7607648916
2.5397922479
671.425392977
93.6927350256
6.33195353988
27.0152844662
5.0287371687
34.0396889804
3.33575269658
180.284507013
44.2318969095
465.94925053
2.04503344081
387.733873031
23.4880196997
25.4700659363
114.309894722
15.5423412815
24.175392165
122.612065804
140.461612332
70.4437786708
0.483772797083
9.1338429097
128.18655972
18.6604213628
597.495626118
1.0156457964
93.7110126792
2151.8183481
497.93985571
385.312657746
1501.3015478
9.53322657003
2.96055916975
2.82942409987
0.979338190911
67.551100994
34.0473005203
1.75460993888
0.0
10.6746924281
0.18974952846
14.2402949589
2.34684002244
233.320484801
0.21297001529
8.91173033338
0.0
1.19919531173
125.005868343
0.518401258283
2.63913435746
21.2717322123
344.834259489
2.5791768324
16.5874822616
51.9996594724
369.969377837
57.8215912938
7.07446268083
28.3672632373
364.487735996
17.3121780343
52.0225389025
2.05994907165
2.72216673565
0.0
0.380222246565
237.499863737
197.57106845
155.340268409
76.6913418291
175.781073146
530.465048651
105.841589178
0.0
362.711858555
88.1404172662
147.915540462
121.918448515
2.04011176807
7.84825568645
457.438228253
272.373833503
51.7475787138
6.18692103041
0.379507770047
3.67174959353
6.37163437073
26.6094219726
298.177784026
964.309893079
16.452762362
43.3526439336
284.85325254
7.67824761717
7.40669799583
0.0
17.1900398917
47.3873513324
0.485529114795
25.66384093
225.394041236
334.688743968
50.9015688116
235.661294094
648.219247955
47.3489426182
8.16845692657
1278.81952987
251.167383782
6.14702610555
593.165996753
1.72138429134
14.2704635432
7.87345156396
38.3579302861
2.9950482209
129.923801905
87.0441414255
5.84798905395
67.2653452393
808.035047062
57.1893206519
9.9815518719
18.8942107758
653.317800932
190.700670967
0.206713989194
4.53842703594
3.9080073112
210.721790453
58.7699468454
269.108887422
0.0
61.7368018728
12.684165103
222.9411724
84.5025928599
26.3771100572
14.3190168281
42.8760383069
0.460664336188
2.72139998037
45.6109797333
0.0
67.9123037262
1906.20894063
99.513958594
696.513876173
78.8699749102
619.706079651
7.45371528072
80.3211862548
61.9404438619
1.60283720234
90.3144684867
213.458571595
13.9974949266
5.70507756888
59.0625262242
1.68886565191
70.5558880028
1525.66236405
0.794992046707
44.2318969095
3.64842828336
101.856710915
379.243897937
544.845397189
24.9396119321
1025.93626476
1.91601566109
39.7873040415
133.193632317
2.45297339312
450.69599093
260.90175043
7.04376135102
25.0352360254
0.46614115967
636.558116136
107.137892304
0.92199709379
11.3598816324
122.574374056
19.2091219023
489.917066107
36.0003594238
117.389473979
634.116410063
44.2318969095
2.42232558682
1.6445295211
486.866954649
175.211951522
57.4435348821
10.1370152406
5.39054857523
257.373001942
0.0
95.1392923146
8.10373332035
6.67937459271
359.517670543
75.9011121294
5.4201296457
215.834575703
11.7073126431
18.5165265391
62.7592127909
41.0001851883
1.26035898269
141.080110008
52.2789849384
136.001176507
44.3129476736
28.3003737963
5.86877110962
63.5303084609
49.773870941
9.60209015694
7.29124655684
6.69652202914
79.3845697762
0.991464375993
20.709563666
175.310658819
10.6390196362
29.9723720767
691.52019192
226.285088053
0.883828613051
25.4990383325
61.9296333592
101.21148634
400.177942905
107.775954687
115.662286744
990.686372056
701.775879967
562.864285854
662.753180316
527.014732009
2.59974230458
361.713100046
0.0
162.565099769
0.416165145398
23.9942686336
4.77960518164
22.2886501254
0.0
3.67026836173
50.1350114367
0.0
442.75844435
132.70029126
0.132596385961
0.0
4.61540130051
0.0
105.379269347
32.9087099945
144.864256467
129.82406397
35.1516372493
0.0
136.508917875
6.73264790369
0.341644248799
0.0
3.61885592602
48.2432879772
14.0714868119
62.6524670117
1.68763461136
1.08732123425
0.0
674.408658558
0.0
122.389838712
0.0
452.913024011
0.0
555.677390211
421.151163343
78.9246709508
11.4300073781
166.241844474
156.243487467
350.77373141
676.296106361
2.74333714787
526.911459035
13.0068881714
112.232276671
4.27248369027
0.657368185736
1.93096489974
462.372836252
136.039417182
37.2767281573
0.0
0.0
113.355008058
0.0
110.968624125
0.0
39.8168739092
21.498093061
40.5570989659
46.5067864082
821.731925372
202.928692603
0.074240831762
1.96801685532
1.98117990266
29.3625713475
284.463122222
13.216774984
847.906715345
0.0
6.88205315878
2.29283729816
0.0
479.601432981
4.51748565453
48.1469406943
334.372681465
131.928580692
434.719493137
604.157698927
47.8617961033
4.22365282999
34.3239859084
15.6182326285
0.0
0.0
129.328100262
243.714999121
204.414796292
5.70351169525
4.63548257172
256.193390008
51.7297777928
62.1956376965
0.206834728258
22.7446454697
481.913436672
47.8222111169
24.1856736563
217.553480486
68.8271187128
914.218998699
0.267764389494
144.092308154
204.373731319
119.193732567
6.74816225093
136.72593825
2.78091562535
96.3297570717
15.2133796132
18.8804564805
482.624308445
39.9738869702
2.0422925396
119.550316097
0.0
126.764765141
5.13474606611
631.218794532
266.528154674
106.380203649
122.709594338
0.0
5.90907057257
300.265846629
164.278523996
0.0
0.0
340.175077208
496.703360741
19.6523500242
207.744086337
22.463740438
114.135298568
245.425999853
216.951558915
10.2197961828
56.8668751587
13.5235243988
4.49848605598
683.54622073
55.1015107301
46.4733205274
49.3272023782
4.44617492332
195.717553303
7.44201852836
27.3323141276
117.716160276
1.48699242784
3.25298295697
373.040590002
144.770894052
2.00533144949
492.153855585
34.7847871651
67.1852927512
132.313771912
0.355964897471
4.3465938251
1.12132359495
10.6631052122
42.4619730254
702.137916671
3086.20220801
2.79692911038
245.209335472
243.951131121
120.602095236
1.60732570813
503.929711919
540.038441497
42.9704998198
6.60210283705
111.350795623
102.951698457
45.3831949105
146.606788765
2.18841419009
24.2166326458
2.13492429567
10.2366311913
43.8389547405
29.597396378
174.874371326
183.068097569
118.764820115
3.50246595863
34.837455536
0.0
129.771893492
127.605402777
151.84330417
813.545641385
8.8117148235
169.063059562
241.504815802
551.781222796
213.165259068
674.939876829
691.973899446
220.999718138
580.618320314
0.48663319262
697.355524532
48.813954313
170.469121966
59.5610914237
604.168328944
0.0
0.0
1601.33012615
3.89050637071
0.0
45.2877861561
58.2109162702
45.1750332974
0.0
215.09239766
1.92674525619
0.317981881892
54.5687415234
0.322293635652
9.94817561168
203.512680068
107.807600769
120.016123668
82.9878628106
62.5404024903
49.878243015
161.383984198
516.409529268
4.83095787018
0.0
4.10872293395
140.264475316
1.91788524947
0.0
100.524248306
140.32224709
89.777606599
110.377735864
8.12964740856
0.0
608.208991143
807.050710025
20.5303669807
2.15502921678
5.98282346916
1.59503770781
179.284975525
0.903307433656
0.0
2.28605972912
183.264116816
20.5813014389
88.1149288765
286.189255168
12.4673227245
0.0
277.400892773
154.983581568
402.906444085
64.7295236884
0.0
151.491695836
110.502872567
173.557261249
75.279959439
651.60139806
5.99436338517
6.34053597122
14.0236990375
10.2615295777
9.15216786317
11.9480700691
389.654266416
53.2578090547
0.0
31.933140854
31.2464853546
1494.89785783
158.244482268
319.66755356
233.417302593
716.436570918
14.7104951916
380.216655226
371.85254625
281.182798714
3.08157207405
4.22416814929
1.09993908871
0.0
487.399173684
666.797148525
10.3397224355
25.6618829656
8.13190286406
0.711199136903
0.0
54.0026856771
15.6302256272
2.62302751749
43.8153172683
1.25173547517
933.961509685
1.08394427468
86.2777906762
0.989086936709
386.880280218
35.0212278586
53.3092961744
0.886024321374
562.406082354
96.3109130647
485.976002431
624.751893306
147.220885066
132.81465107
30.7210874544
20.3854402735
0.168839265352
368.5253013
31.8663796205
16.2155225502
203.164476078
4.2713360468
0.843631218156
6.02663930173
0.0
193.101551056
188.328689836
117.686947646
106.738011995
37.3724132424
455.818917014
311.270538831
56.7176989345
5.03753867297
385.79935193
34.3333935975
49.7145258243
639.224226339
959.010748953
948.803808368
3043.44474915
587.710503009
123.420599297
0.577837240384
24.1280226208
38.7732988027
505.779113224
237.52943236
722.189016786
618.982009979
78.4272471713
251.050076448
44.6934748795
8.66030803834
1679.53122034
0.0
47.9773508551
621.86440741
551.129465865
27.3094259843
864.754815987
321.586664871
127.043757019
0.324575230525
995.413099752
6.27020235511
37.6576922646
0.513230639022
10.1434007189
149.943807355
4.95179900138
7.02075620293
12.8766107223
88.3009155783
0.959960193648
0.0820664656778
0.0
555.521948003
93.8117426656
0.473018307337
41.6598822687
9.84703610823
17.1251445124
0.513230639022
128.689419247
806.111652626
44.7445288322
59.6305475034
45.104198054
45.3241672007
3.49985699908
0.0
44.5941514409
1.63902282404
6.33006652523
0.246954949728
73.223717181
213.121524143
0.282024046269
71.9538173229
7.95468779297
0.36536138394
1149.48597146
915.312145282
108.152646872
6.67471555855
45.1924060303
68.256000539
0.0
283.298190664
5.84334371187
17.891670769
2.98132877808
299.377810819
376.366410977
460.638465666
543.001227494
6.16555021622
137.506868553
62.0703541149
100.034402459
814.671611566
17.3477836106
265.157760084
74.2129522409
361.140076187
1111.74707782
8.78963824592
450.683664343
243.725381436
57.47140569
151.739294313
3.90706878282
99.894877891
444.67881035
0.0
37.3996542157
6.28789249496
9.51655960039
283.388735004
75.1025813079
22.3294624182
130.621086176
31.891375096
253.852413921
377.987073994
0.539382471146
145.290319725
7.36976553458
14.0086688912
123.286196804
53.6584324688
371.752058986
4.70385199976
7.15992477705
130.366014325
25.301058632
654.305112879
29.1521617472
10.0054382907
0.0
27.0725670609
0.444640893306
5.92965347101
0.631003504333
63.0481189638
0.0
36.4008795251
331.770473345
263.218650898
14.1612071384
6.43232006439
36.8739588242
0.0
99.3307264856
18.5702379958
1.45510984678
0.0
59.7014213333
0.0
3.7712336026
367.143625698
2.34382279059
433.766864418
737.171233373
60.2198126337
33.5276669766
119.181774421
1.31354889657
448.523864066
1071.39675881
20.5564366604
0.0
0.875516288685
1.54796938891
201.408172058
191.420884458
68.5854128004
201.46970168
114.137412124
2.20001136381
1.1339489178
45.2123528703
528.166754444
13.4725675352
35.2542666977
9.83579492806
21.9443720224
6.83496367944
329.126244297
0.0
561.786270241
31.3944952645
53.3150231891
70.495183638
24.1606097205
886.766906443
3.14822003689
0.0
10.8800359667
0.339987509696
0.559015638597
811.974922018
12.6104806667
15.785814714
544.514920681
69.1512943842
332.245557908
210.147189518
81.4816019219
641.714423461
633.590149563
0.0
17.603357089
554.601969865
283.981805282
2.79302313945
2.82950998643
188.375191801
243.754521871
48.4655872634
30.391078966
259.792651353
748.109332381
715.614559461
5.4741722014
42.6270930297
307.452398725
289.198007895
112.936171716
210.0092246
40.6833335235
21.6541290068
554.733773357
4115.75971484
149.029278656
21.1368368052
235.172923255
1.31121253346
42.5578809177
5.96900195828
164.424574695
444.194845864
497.728434142
2.5937962169
16.4234513985
88.5435737112
49.6060448879
7.89212877676
0.323954108952
0.0
56.3442555017
10.9971516132
208.310947525
381.908133572
225.427921613
9.79525398697
83.3576853162
241.276572918
80.1308753519
0.0
1.46710657967
1.92228413452
0.0
3.2988575773
121.905304139
59.63707986
220.868331632
740.713306723
108.142372849
20.3382561944
203.945588111
1.27027576739
10.6443582944
51.8528818478
179.701491685
25.6632285216
6.97408868793
777.419770593
7.04652963634
2.56031166497
2.94628955511
525.746592204
0.0
22.547355351
1.50582896642
22.9381926772
101.536458641
13.0313459224
57.4844293271
127.360501636
8.03328269941
114.29099968
11.6603078055
772.13927754
3.20564951003
0.662517644544
11.7346581738
201.007088093
0.916380860251
73.5752570541
88.897981448
0.0
27.3381506789
17.5553863389
293.24511532
1.84680852801
0.0
248.906009591
49.9766826934
97.698386631
1813.00811895
0.0
122.097485875
20.486928302
20.187153124
61.8836628944
133.359953488
19.9978355177
7.5046696548
420.722179941
555.363917995
501.572736039
170.329024821
182.829835832
0.0
23.3815863485
5.42726694248
8.51738286114
0.36455479721
337.56161795
286.129498045
6.08436502125
6.46966328738
284.277826346
88.6988117831
10.7853055914
3.87635376095
60.4688998104
5.8603654303
647.287948974
53.4327325731
0.16915293797
144.384378437
0.461393749496
1.60269405809
7.74863351204
5.00022283408
54.0758373678
28.8729059863
6.02916859842
22.4710532421
4.66536860166
0.0
173.327309347
5.85371731344
4.60516835374
44.3899331406
391.756226458
197.791285299
2.87959180297
98.6196157249
1008.88781818
212.662983321
180.056949976
9.18306461599
5.54141265698
0.61203004517
1.62479801978
75.2245153143
14.5305367298
1.35686434664
4.84732734872
1.28504949874
0.356559879658
3.77954219277
915.078369561
21.0307071687
157.63018681
1.68789351575
0.731305302745
0.0
46.0442836021
209.546332192
307.447402369
651.84234593
1.74329780892
0.0
1.97462887494
38.7568023614
332.962917227
76.2055637678
125.402306966
0.61048035307
7.96034759218
5.90497415758
27.5015728678
20.0258295541
599.26064949
790.852023729
19.8748111255
2.43108352544
42.6270930297
0.0
48.377048188
63.4208504095
11.2577226929
2.06052040394
7.48170184869
128.007089193
8.49384870173
6.01782908436
0.0
59.5369174717
157.230739668
0.0
940.626752829
9.19442529051
698.697237994
7.31221407764
85.5686154744
13.5763147535
5.27733765493
12.0096868228
91.4409689246
4.08162386031
43.2016503996
0.0
93.3425207927
34.8025109127
40.8709246857
106.128441542
94.7709634881
1.18184498388
44.0457670636
0.0
597.957057209
63.4565368932
6.63732876989
24.7047993491
12.7088132981
79.3108069219
111.933797259
211.949533708
893.920003861
23.4840676737
635.466478169
452.494880985
219.648557156
28.7988369277
0.136313157533
45.0096929753
11.9306774204
2.05248689967
99.1266413717
1.25869726466
20.0036260138
7.30837532229
47.6558563378
207.47698788
161.45357222
297.299238058
504.383104527
1.69700371372
50.762667855
77.655099702
48.5111631478
0.0
155.576083002
475.588537032
621.949629272
196.766409811
440.000401931
2.20345429421
1062.85948015
887.449901183
97.4610260803
0.0
11.6070307604
118.03964761
17.1728700501
277.735714643
24.9095429266
15.9704247415
54.3330215303
0.275541478838
604.011421684
10.168752188
21.8157687386
0.0
102.054963212
32.1121421164
4.00801784218
88.4637938192
78.1320426514
6.23721694096
89.8059130634
0.0
463.952323515
149.295950171
9.00513631313
46.4723521255
247.140230667
0.207597749347
338.585559889
304.921241188
40.1790114359
207.312953281
21.5801981134
125.483738618
224.828528093
0.979272220082
8.46762965404
43.0446647229
235.976330939
0.0
4.98886962792
0.891933067068
17.4969610797
5.31750766571
0.0
0.0
2116.28211586
386.303561992
45.3048987399
6.36790764128
365.35217043
464.329156355
0.0
66.4560300545
738.880913443
0.0
269.739188897
20.8396954815
121.28549576
254.208749749
2.41321663357
3.80525463429
21.57069458
44.2318969095
16.4267101084
68.7411686814
0.0
0.779923313737
0.0
0.0
194.321796041
4.39065984893
0.225636414325
5.21065732902
17.2955060857
0.381323834925
707.324185953
108.202105077
87.455758318
335.863302287
464.352328297
8.65408562002
13.6389036433
26.1323520605
59.3155380428
82.5235987078
9.2785530334
778.804311569
0.0
0.0
8.76088492264
0.529566509789
4.08066292675
2.29465087359
613.655550196
30.8867887489
1.42982808275
243.951726103
14.5728128281
41.4544926749
0.0
2.68754574285
2.18841419009
50.298395039
135.555131555
3.88226001717
187.047327235
90.9738581183
14.4558092076
9.20009380285
7.84703335902
36.5002191452
6.80616430104
7.2068760911
563.429843807
236.314085398
209.038422785
156.579633732
35.6026735788
0.0
26.7028690285
211.332788615
349.602068339
7.54535125066
0.384069715062
5.53289993066
12.7465100252
138.909201737
44.3498627084
27.8118013103
75.1917265679
0.0
119.547292641
27.5079770171
3.96402774704
2.87526884662
4.76551480849
523.745592424
11.5535184608
569.61945097
47.7809457414
51.3954339007
7.56713780554
293.667883771
110.707403295
0.737960888005
26.6771204897
280.283459487
0.583192080069
19.1629174279
4.39413638713
331.151836259
328.373828329
8.1687967386
9.45571707045
450.81310782
7.5752285675
6.54851958768
23.3816050195
457.364685716
0.0
0.0
21.8271729789
7.5984403412
44.9845083005
388.961983481
148.563721276
378.302612467
153.314066528
0.573193143017
909.723848526
0.21694320178
69.5621619476
1.2999004035
6.99187716164
172.987234706
0.653152276389
1033.18906775
6.16833343835
539.033659727
351.462980932
160.026711579
25.9455064933
0.731305302745
446.53187117
118.689700502
648.939078068
117.701599394
69.1456457876
394.155011662
41.4321223405
41.3981262034
114.302021788
268.684275521
489.919890405
26.9524565877
0.0
33.7643628402
1.42081870811
0.409447323505
3.5163932718
162.983951048
511.82114489
0.901385566507
45.0920780926
1.60490096901
2.13827387112
1.06286846214
40.4542193263
22.3050731275
247.960681229
6.2515898684
1245.67371947
26.5480105998
9.2275364227
79.8074788832
0.0
7.17043280976
0.477241685081
1.87630869086
216.077434237
7.30878234984
1471.1673443
159.356261254
710.654843959
2.24482796142
362.67682929
25.6978818774
490.917221206
70.7825923977
2.2636757026
41.7960385899
680.616132614
166.895418715
524.702982245
9.08524854861
555.647502936
114.21633315
1.23067957835
178.80835994
4.64739590751
371.674580605
0.0
215.123613065
79.6148490435
64.885713981
0.0
3.37273868134
240.38205703
29.8807149462
2.7828449609
36.8813114598
797.471807992
176.772251232
102.009590219
99.7973033019
223.13626681
581.194291701
184.379605104
595.264247492
2308.22431549
323.190067181
1.69040663089
370.994255815
0.675020983607
536.805638146
44.8398990001
1450.92238579
306.957506732
21.638207632
23.0200637199
185.246786663
48.7387189398
222.088292818
2.40955463023
85.8703436381
15.4454575187
2.63915676265
13.5328673617
28.9994455034
0.0538595800136
8.26159155463
2.3431742849
28.0769256219
12.1994102119
853.239096321
234.955217032
501.588954904
72.9682084289
2.04311779732
4.17433403454
17.0255683931
0.0
1.7341241296
217.229344647
151.779242761
10.6653668913
1.09227153584
0.895800451285
4.61316825022
35.5921618118
40.0395926703
149.375783586
35.1055821427
2.85774674567
102.853759161
7.60452832841
452.621713016
598.348849245
757.320459494
707.655374449
438.410087983
925.475490352
544.565216592
1089.97315824
1274.89977602
4067.26636756
0.237106625322
15.1631036183
267.250491678
15.8086306627
160.901152419
0.0
91.7831957083
30.2359504304
34.8807099942
1.88623294394
78.7714555692
1041.91680918
2921.85851729
15.8660464438
282.061492805
0.0
291.393045308
37.6248549736
0.662791485716
0.0
45.7556027258
322.738628804
40.1932524215
25.4917666046
411.342535949
67.401448037
437.759864562
496.651019734
19.680421234
49.1459842471
0.0
23.4508967944
303.728835892
13.8075723803
26.8775448451
74.7188899914
44.2743186416
311.166847627
581.514349797
193.617716775
25.0634005902
879.674413809
98.2150863398
6.01909871161
23.3930416227
0.513230639022
98.2388009858
219.71087096
14.6752381404
93.1078140119
182.976805145
17.5086827265
4.51198144693
11.3098135079
0.281400435231
5.35048063254
644.63816344
55.9597488855
4.34729958849
447.561832637
0.349942881106
232.68283069
830.780624837
143.476628554
220.354855781
204.345919013
243.495525378
194.822598025
829.975719739
128.767054464
1.76950067509
42.3086107653
141.75839966
504.790920005
29.7802451089
10.9691625557
52.2052121261
1.91974736946
507.332576863
433.082629924
73.4684689538
57.6142648963
356.992647047
7.90434582732
33.0865810397
1.29635167083
16.9393967992
6.75037040657
4.25396580323
202.747524261
92.0655745032
0.640432353854
502.670620074
18.8197757657
103.475872785
25.2124249571
547.033155405
116.910695049
2.72216673565
723.480307374
0.0
3.92261300365
6.02551157401
209.646322808
323.199646645
0.0
364.076026992
91.6584834586
444.211013696
8.3183799905
220.56091753
3.24161107986
209.643641653
51.2832984294
51.0213145781
644.297110439
645.975933588
121.607113506
13.0992037654
5.77700942164
245.460364431
5.84334371187
568.37125925
0.752271578819
89.3492380952
515.834826266
5.96719958545
27.4950977688
686.662495948
114.16652393
9.8602004003
58.0287023529
849.572101606
371.317697094
3.60432118333
287.111198738
44.4887487283
662.735837456
475.605516429
524.087763194
42.9034498085
551.691135273
0.0
37.1742605242
114.222855549
20.5001461176
225.824855639
7.64792344136
44.6732218352
291.357572918
245.022478702
20.3062615874
271.224159878
24.101845894
102.93990835
169.594184477
264.168253672
152.387990446
0.0
510.884921747
16.3855480458
856.976810519
6.44398445365
14.9608246114
145.93172546
111.341237321
0.0
11.9110255819
1775.18001034
566.327006256
109.738749889
0.0
187.18244047
187.881316754
0.0
0.0
46.3691028002
52.147762737
43.5695398356
0.0
0.0
6.798902531
98.1926687053
458.904446094
2.11444471004
624.370855759
534.921866038
215.352391184
442.429100547
435.754534357
7.46397561158
7.94002982179
27.2315380861
5.63840969029
0.4288875574
0.0
4.78077149609
48.0028965025
0.273937018504
26.3018572578
77.7418575649
53.4862274465
87.8023441554
5.31982909203
89.993408381
101.511631204
5.07945877782
79.4150458096
38.1177217871
4.70385199976
22.111957842
294.930770806
2.12835708642
353.516702607
25.9670391228
41.2277584064
1.2017594609
142.612261335
7.31093200304
6.47042008483
720.823831402
2.65975459787
50.5341386821
14.6298875525
24.2925600903
0.0
1.25343577992
223.89561096
17.8177797071
569.333100235
0.13718944929
56.6038108796
452.263950723
1015.19700557
123.691888769
8.11342854268
11.2811448264
0.0
61.8527400021
5.69838713109
0.0
91.061835819
19.9177270164
45.8528872923
48.8489362782
130.359586525
41.7564050589
52.6122807656
129.836482667
12.5203159706
11.3318602119
152.949585171
18.9641510564
72.074072185
152.763381886
8.28258894903
14.7428321
0.0
9.11496902913
23.4004141739
17.5164299424
66.4623508067
100.350613086
0.708775642511
59.3690316715
22.7780478692
32.5034561753
524.033148062
10.1844806292
65.7726394887
542.191405703
249.582432143
70.0502564564
1.78288155064
10.3197830639
10.3773021577
9.09938871106
2.4510527707
125.934626824
11.529795102
106.16191987
3.80302033926
1041.1963094
43.2474092598
343.851172163
7.83540755646
77.191632228
291.8086914
320.900634228
0.0
4.44480820692
44.4014245121
15.8092853921
7.1973115657
9.71896930423
26.404846434
3.52871239044
4.20538015529
9.6534129719
0.0
3.21465141627
47.1575898743
55.2890184952
135.262005739
0.0
0.269875456
74.7945921395
5.60962649344
1.79724700969
111.275556516
33.2291303077
105.546587549
2.5635268093
656.367540213
237.238830862
62.6214383172
479.834750641
1.97947710845
491.279925086
49.2437368332
0.192402053651
67.0023680914
452.310892081
112.865699935
141.771250279
68.6948559152
282.753363733
2.95949741284
51.9946183053
0.238993639957
1604.06536383
5.6078614626
731.08279683
610.305429551
58.2283910711
48.0280102276
601.583589402
1.77893076934
168.678444654
427.356786482
1.73829522858
12.693270322
4.46790048629
2.20917881948
332.268757235
94.6062169037
0.0
1.9785049723
1100.04419891
98.2276544049
52.7196638477
2.4122669026
2.85596179911
134.856140756
55.5951542568
471.676067355
163.579027835
18.3597599353
11.7353166373
38.9440437535
5.9056363553
268.394793036
11.9149502239
14.4881050398
146.461087834
402.971156489
221.123885195
0.0
107.518607465
0.0
20.9632526191
4.42418921124
1.79620018957
57.1100959106
173.820112679
77.7835175207
0.0
75.062924127
0.0
3.56608673176
6.28363924366
262.792995911
18.4859608851
152.234781288
61.7378225534
490.890148272
72.1430428189
0.0
89.5878346655
18.4239719564
57.1126065364
0.208186507871
539.249353217
383.231212142
31.4935822039
3.73423641526
252.038960492
38.9533070536
129.613234895
18.2156821357
1.27747405608
0.0
1014.29538848
5.43382668333
38.5079168313
339.775119726
90.1092071004
2.49531421757
13.1232719151
67.7639079492
0.0
134.888023337
169.928123831
0.0
66.1095624668
0.0
17.197696242
290.995609654
102.422199163
67.3807767626
41.933298989
2.55184499376
519.186308648
72.2176334205
798.052770756
87.396475438
0.74282903724
0.190848627354
52.4584504861
220.835745777
3.30334981729
0.384069715062
12.3820174646
2.77584707417
190.360265228
0.169589839116
147.300701055
83.3789615308
13.0591208859
7.02989378502
550.524503411
0.90399203659
732.78598562
395.366829808
1237.03873552
8.81156047663
1.23308813595
79.6607373557
20.3918145491
73.1017595247
160.01029729
431.537533378
1.77374770275
373.189290738
0.660100373815
14.1957945234
85.8527306715
173.052274474
4.18264262471
161.278424649
1049.39346115
18.8828575696
63.6500554722
28.2833371412
17.2804286396
201.77926668
3.46665873566
711.005953155
30.6087914125
79.293791427
72.5797883733
8.93125396434
43.9501031389
3.72998440866
405.254277405
0.706479110845
0.768308713761
0.302348040316
204.553453281
178.010812457
0.302177511949
2.75771878844
0.0
62.5555645781
171.248013396
46.9993905832
0.16832768025
2.25069314148
43.6822329471
13.3833899122
92.3810345569
43.2939523016
38.9015884138
9.54143309213
0.0
0.0
0.0
157.68518532
1.73829522858
270.741579535
98.7887226075
11.6958212716
6.70087610381
5.27733765493
2.21025302372
0.266100181995
309.832821634
5.80042284201
168.747872105
45.2381499537
45.0405050864
557.214012618
3.49565976072
165.733881544
4.44652967212
0.0
506.809850159
98.5400822901
508.837154873
0.275149388066
74.9592827111
1.79724700969
189.732099714
746.217108539
4.64088969016
29.3688983234
46.463574271
44.0356050666
7.79506452787
94.599436845
193.359070052
15.6032186638
418.507467041
3.46029566255
3.04099379098
9.62723002147
47.3685683173
4.47782598412
1.57098947379
9.4078222491
31.1436704412
1.63555997792
10.3055632385
0.0
3.0815359768
0.958188939142
319.703871123
71.4137265989
51.7098857209
283.863657752
1084.52126675
208.722550725
184.541112895
40.6439452048
12.8861291925
6.67024447902
419.172308602
171.046466292
201.976853045
335.219743165
703.108251711
0.0
0.341336799844
610.030455671
487.788538492
54.1072332584
7.39623352881
29.413733592
2.63796181934
40.0289103751
33.0649065108
0.0
17.2802630902
39.8484042311
195.359458667
237.261690376
353.372697002
56.2574192206
11.9769652919
528.493602557
2.34201543884
0.0
0.0
0.0
150.950133838
0.308892844377
553.883011065
743.697996278
2262.07025768
55.4036135581
718.491549772
93.1845032326
33.8021292723
31.8210140958
400.709707613
169.622362734
88.7936977501
33.574919516
18.3361261972
9.16349617465
28.9354438421
0.0
8.9591197933
1.80568131785
2886.99550614
30.8379964753
41.9986300246
0.0
312.480356692
26.1645869009
2.35481129007
57.465875343
244.685815873
6.17717228461
499.617844888
508.66330307
468.938123633
13.3743133219
1.72976383127
34.3743502793
2.28986612144
0.852136476076
5.09794679125
1411.59326534
6.7404934533
199.060978531
0.0
24.2636536649
293.533704086
140.606948557
5.45757244733
17.7734908762
199.01843357
0.582548553314
194.151936095
18.6377597609
280.263689399
0.0
9.21319959249
148.818809309
5.40352117849
235.283206564
3.33325451823
1380.92358036
151.85566312
565.533485483
11.6670007328
0.0
0.225767111249
19.3267429103
113.537973794
148.888628851
2.49092777984
22.5939867688
20.7419379164
0.514233893504
168.505745473
277.044051584
95.517993498
368.509377436
2.90106219575
151.461755038
1518.80289283
0.0
85.5087363676
0.168750889337
63.8728601198
46.0672725686
3.46650687827
697.865324688
200.144207084
74.3494794923
201.802695037
10.8993728878
342.770611072
8.62579782672
45.5865394086
9.05087899182
2.35460839865
2970.02332113
2.05873172316
3.10856161123
1.99834352062
7.05859109534
28.9611836678
247.066369478
24.2117620071
0.0
85.732957521
0.0
11.2564779603
0.0
0.0
0.743598281993
143.066624834
0.688573632255
106.354870851
20.7422789733
3.28016293823
62.2262095744
0.0
0.767151112431
1.46710657967
312.091789758
1.88453886286
194.332200761
91.065532675
88.693235381
0.805929512146
21.3051570171
821.864155806
343.54955976
232.881585859
0.0
180.762310072
1738.16374747
34.1864180604
295.621710675
111.847624421
372.476503323
42.4826430551
384.810828858
0.417180847208
8.02677274788
435.662407963
18.4727692088
0.376910013091
8.46912706736
99.2457398772
221.848935717
0.0
10.0009049745
6.87393252322
0.0
464.501352664
173.032381158
83.7400733976
0.515970295493
59.760481406
23.7980240904
3.35697787703
77.4774016747
1326.4909516
73.5801276927
63.9574011139
29.6811295407
29.8531690136
101.865603284
3.38293428614
2.10260854765
0.631003504333
95.2895900429
3.1791006082
3.21465141627
65.2725619393
0.112836255785
15.7430954908
346.825254107
150.379620604
83.1796922873
509.727663966
76.8592662161
658.887363216
90.3605995219
90.3134117087
175.335053088
299.189831301
6.8319203082
23.0433713381
228.81774176
0.0
201.03868563
17.3098167766
4.89207299657
0.0
174.249666169
40.4063170365
9.06967445421
47.8131494635
20.4419623365
804.599478012
257.628774578
9.7834489429
5.5960887816
297.016474641
380.164411309
144.405273765
9.07428743326
49.6381564998
227.174016336
423.814138064
296.123286883
4.63412705789
2.23609242797
201.05481363
23.8628447858
0.0
778.897147461
468.6265459
390.047440107
426.466353317
120.34462354
0.0
24.568740117
3.06613241076
49.6464713136
16.5118411057
243.198188631
85.7076595753
1.25387268106
16.0114922045
18.1075696402
454.767956909
54.0621453091
71.8117248719
45.0639521144
12.6960560336
55.0783089143
0.0
351.189755901
45.7424571047
112.417475457
104.719600895
907.646459507
290.197799533
34.5578051949
69.8867471359
392.546213435
594.06923946
1.27921045807
1.76327327786
87.0929772648
10.932139229
209.589114897
42.2492917881
9.19864493406
3.5130075991
682.867928589
7.49200076629
5.95843044421
0.916726895919
304.587773587
5.20748699509
14.0417576182
7.95315303765
47.8515581776
453.647295512
1.91974736946
89.5600074232
17.7691218647
48.9964682108
34.9488155389
32.6668148829
19.9924906359
0.0
0.0
263.043688793
48.573237963
296.337857624
1853.72124889
394.566204101
11.397613212
310.009437989
2.66830715563
454.367231427
2.13058391306
0.866810628813
341.706646
264.840248711
236.743275426
8.16845692657
62.9163702407
539.044473965
509.597665337
605.926386791
558.18112131
216.342193841
459.432394451
163.494297641
428.5247639
247.017012096
0.495953750402
2.70284101714
3.26160148556
4.08638869675
271.483036877
8.38147673118
84.3791278323
89.1725980905
804.182778877
4.56508796371
116.020322876
1.32329764236
122.349259185
174.05409876
238.361969277
1.6148899482
0.654247641085
5.50712774198
235.986571354
506.979911751
0.0
51.8134823265
136.381173457
1.92429064348
114.979161306
34.1617474601
12.2606211827
5.31174455371
18.9631677176
26.7473146958
10.3693097297
76.3823058406
10.4826052918
5.91570126317
14.4482798201
2.08876338684
1397.53029001
1106.41532419
12.5617195114
7.55498423636
5.84966944299
166.110115666
153.588592306
140.023666856
78.7483209687
106.857759007
0.0
250.957774545
621.559502687
0.0
0.0
283.02444409
5.59635639909
37.6000723474
105.931964234
75.9279074884
154.751002035
50.3903347238
445.856795419
49.3559171149
3.23757192254
56.7291454957
1.73765792548
2.62137575732
0.25089577317
66.0283785165
0.0
557.67080957
12.3237627337
0.0
60.3464977846
61.1557806063
209.006734382
0.405019809612
455.62228287
4.09294968232
104.001568176
713.999650841
70.5500925277
85.1225282019
49.1284721039
0.761325763821
9.4790869252
437.920230933
4.3858066365
56.1582999182
7.62191973241
78.6826015765
423.151215882
38.7423248764
1.77037074318
91.0726301403
230.601102532
5.1011818513
37.6657494186
2.28386651025
13.6281304826
5.24837521656
6.90435254346
2.11752293378
143.484272457
6.19795682972
1.90331689901
0.69677890962
4.56594558448
92.3437797099
43.5473238479
0.0
150.091064201
99.6403462539
1.12916914458
0.0
74.0690711092
7.05509962036
5.04826453388
71.2854432114
222.296932409
192.782777525
94.9554689581
42.6488957661
3.21479456052
213.150143036
164.943599564
91.2269782286
0.0
143.481148178
0.0879814350385
41.0862696507
6.99388989428
430.947637168
290.905869412
25.3346801045
111.121479779
0.583192080069
11.6792190281
233.319099414
55.9308486837
13.8454433699
247.986785762
176.206942225
108.63816105
13.6836368438
87.1465293958
52.2809254765
525.73829357
61.0202727909
36.5122046754
105.352531246
2.68984725344
31.3520212538
109.455069104
174.395326023
319.083073182
133.583578416
36.7546163511
0.803427599604
34.1818847442
557.232397318
393.692320901
57.9736030192
68.4771260423
332.685104111
1217.76215534
40.0322636847
6.78462171379
31.6488028498
217.161877649
21.4019872563
8.43300741649
124.990967649
11.730723574
7.33939281416
44.2318969095
330.284395795
129.37596272
0.574115489881
198.909092524
1.8410939606
0.0
70.4850228858
64.3836236987
510.164240237
648.976782263
44.6884722992
0.529566509789
0.0
725.903409674
4.59492047017
1.84994525419
74.3667650942
0.412077443508
108.823720809
465.627930275
522.1117091
531.643290134
33.6863131267
0.491772693565
5.28356754164
235.088094727
822.170134732
11.1495890369
735.57502935
9.23340284746
112.003323044
142.170324001
0.793378873246
45.8455881803
5.47965773801
95.6497123473
0.628525241707
10.5038765273
271.276732406
49.425924611
0.0
31.8737895137
191.776634017
145.787195823
53.8060453089
41.973146614
2.03846374209
6.76058592707
599.299068162
0.677015045247
1.72441397051
10.3341696834
442.86417816
3.06587724058
293.283575069
1.48077872265
164.088890226
2.49239407487
5.57140946814
650.070493955
4.51343404988
92.1703473812
103.042592566
90.5880358196
5.50379559278
92.3330774989
0.0
0.0
250.331547081
16.5056236663
0.518569297184
43.1077303453
1168.11860043
8.10961094777
51.6458952621
1.99042826595
4.07745151661
6.41978187282
62.3317666339
56.1316464587
555.781147387
5.58027569849
42.5578809177
871.066283717
249.621475672
1.65419984874
0.894871880759
0.0
117.609780448
0.0
8.07296726446
0.0
9.85908263042
54.4392918214
36.4386584045
294.259039651
82.8074786503
1.8683025707
19.9920400427
806.88733887
1.49249663544
402.599595092
10.6565205767
2.00089522247
244.698773539
47.0787198819
173.66246356
204.884636797
2.63808255841
20.5021464029
45.3408889385
197.780249499
832.632693605
113.646216986
193.063173461
414.507054515
0.196383953269
0.0
10.0928820012
654.363510754
312.48532193
6.93461697214
439.46257662
0.0
6.10618144968
20.4788699031
0.115653085681
1035.04400439
221.661975634
7.8987793831
303.734082441
392.955206431
473.64338965
98.6990408679
221.375902472
106.129738553
839.039632326
0.0
266.963919379
50.2610692422
666.765461366
189.28950765
123.589810737
161.019639761
217.412845618
2.44784882896
22.9434541619
111.767115115
46.2350314061
118.902692923
8.31748378301
36.7730060307
38.0012334858
3.29565985922
0.0
431.528762992
135.43340293
2.54342313292
219.529987662
48.6976091559
56.142547827
11.94005897
4.3733593104
128.407913009
0.909066811442
138.850501392
8.31920898241
201.919412369
56.4671106102
0.0
9.07567531011
2.43925270556
55.8862013697
8.03308603166
0.24229591557
8.33357942039
8.52859790198
198.519158873
3.08679621681
137.201322795
52.6778122033
9.20614818227
21.1220406687
240.483095711
106.549594331
11.3062996277
47.4552838594
354.772349032
14.3813791764
289.817104288
340.589920447
79.7089856812
1.74604742326
392.454148033
484.863548801
42.340127395
196.006498063
0.0
714.291515744
36.3929904098
531.856609919
822.915321291
232.359471563
6.88622301302
9.20614818227
46.4854504466
9.99247066634
208.626199708
130.609354571
0.374011030844
0.0
0.538557213426
89.3986290851
16.6057512022
155.233840037
688.131300343
476.038180505
263.367213469
571.17956646
337.97285022
0.358500417797
58.8438852071
84.3536083245
422.55776845
95.5090787229
142.894103651
902.266761265
2.3507932932
103.701571436
11.4512761242
140.508439173
58.0561126096
5.7974603784
195.951869238
542.043048513
2.93293357423
301.984915718
44.5564435113
13.1132816912
234.76475925
2.21888026544
421.856736289
129.388593022
314.546848077
1029.19660409
1.67411805996
1.6301466358
1.15769717126
0.0
5.92737561034
85.6892985246
378.712491712
121.350184513
42.2492917881
3.15743354767
0.0
0.0
1771.12496899
3.2312150731
301.599659772
904.666177549
15.2574518607
32.8360624205
8.65656388261
96.3590219802
0.0
27.6460913027
9.82441184834
46.8205137941
0.0
772.177350176
64.3100911198
390.395941586
6.63818016702
19.6801573507
42.6503197402
561.985260664
1.46710657967
0.69811948664
4.19162959415
235.328382889
44.3631278239
17.6826253956
322.676226624
135.570391977
8.75738473455
195.549910226
618.560516133
2348.51961732
1.77342780647
4424.8887074
436.711669008
3.00086983532
6.69608388326
0.0
0.0
211.836411163
131.76999429
29.9737935613
0.0
87.1130149703
323.438482202
14.8030584873
19.8962143028
121.013398456
173.443294776
5.87240697357
328.966272506
8.53759358453
0.246954949728
7.81786678454
4.08749401931
43.6871147884
105.333453229
2.15541881808
91.3690345823
106.98990231
78.5976747156
146.814738773
62.271109569
76.6442523499
0.519075903355
151.261029457
43.924206477
40.7210314954
675.379886072
2.42434329836
20.9070965074
44.8966600518
46.453584047
60.5391774136
0.0
0.0
0.961950521087
71.8121269206
0.895800451285
211.814650748
0.409447323505
1591.11994926
494.641854509
42.7552718597
0.0
0.0
78.4523198201
52.744735252
71.5492281908
6.15331822888
0.657505106324
9.07240166337
3.71844075844
233.910667299
39.3405072712
10.6309326085
495.464499536
44.591139188
274.658784176
136.524900242
43.3340999072
52.1193803443
5.71170328055
42.9955264138
459.062171142
0.0
2.65758005
16.1501043832
101.728702613
96.3427707512
34.2694056282
2.85569293687
731.338031741
120.815278101
271.536111031
187.42334104
91.3325203512
120.017236459
145.507733436
49.7911963742
14.9886182459
2.29283729816
160.097982479
4.86285289856
31.5143368754
87.3727358977
147.396153375
4.4848524997
378.837409343
3.13375499925
20.81223668
513.199168446
4.90895530495
0.0
90.8107371545
4.39439778097
16.52762556
299.599568647
501.571223688
11.5659533396
589.113966411
295.484455255
617.285557682
1330.18393756
218.531382255
0.787385485729
23.9799915505
542.196314928
83.9814892871
2.8212872828
1720.84555489
0.897088749539
1104.13694944
53.5045623578
0.0
14.8080000758
0.577587049129
12.7197420504
11.9542700823
191.177816808
650.340889709
716.224609136
3.20564951003
3.52995836778
349.719305969
145.286895466
716.555208873
94.7433304242
267.335356303
113.550950131
0.0
229.748163203
0.649924684732
225.170605509
388.590104677
19.0091132877
12.7383196846
1.36567331932
239.252295394
10.3396938067
2.81664194071
1.2505953001
0.0
14.3011349993
5.4506666708
6.08439613956
154.612596481
62.4705953959
0.0
7.76962468278
36.6779308646
417.400129262
88.0625667098
10.3576092431
0.658970156606
31.5481226528
322.57381127
0.991779293342
14.2843124382
24.7136892294
8.54509185379
9.23379618294
3.11599390964
47.5545263904
20.7436531579
129.015316383
8.260905707
162.681762333
44.4890250589
23.2716478302
6.71660454506
16.1434550216
0.0
456.658145613
185.560810296
96.7199135294
255.674076361
1091.91176206
1.46710657967
622.806597801
0.583263029832
137.267952086
420.70992555
301.013301092
88.2389229154
1.03419853594
220.651664761
105.097316251
0.0
234.315481728
91.6371611889
1.27683177405
2.18839302963
72.8057982073
1.11225198369
6.39778246866
162.932167681
0.542305103312
3.45253848894
86.6714112245
313.954599323
82.856982911
13.8187475897
205.167965323
191.531820007
63.3738468166
301.459561383
1706.60363431
23.4657638807
2.57152795051
31.0489624711
132.540939348
547.521698018
872.597179109
759.697296328
574.427577955
54.1591635029
3.09906928034
70.9143846863
314.426814777
137.078748996
158.244656531
760.831896241
0.0
1.81389032941
0.448884186772
14.7241947187
18.6877556909
1.02331708347
2.82162709482
46.468574362
485.839981786
219.860135561
58.6937953492
94.0511931225
354.43809725
305.18463781
0.183107635256
515.539081531
20.3229459833
132.603662669
0.302151372565
1816.88244505
493.121789536
1.64872551473
643.630704251
604.771152946
0.0
1.34594555219
5.62589514867
35.5552094349
9.1620410822
39.5207221479
159.945746702
0.991133277119
3.21163791862
6.42914724093
6.28961271543
389.534458413
4.32886136434
35.0657619018
160.730457257
12.630784745
2.47045690735
9.37924816734
58.6722266225
139.062891362
49.9260855576
3.73586328078
114.176214174
3.98513343315
250.065321181
9.30288755594
53.1381093433
22.1062519877
8.27808550643
14.525159485
3.2797073661
14.2887698257
14.0935808157
55.0894629632
10.9369675468
98.4561549491
2.02389165743
46.8190848411
5.20087870966
366.961730434
451.854957728
836.145652658
34.0107514366
611.008653685
208.617930949
134.206890716
216.991387868
236.237121091
8.18446045379
473.443817936
423.149030131
0.0
33.3735641008
0.493820278708
1.90458777101
5.73058214006
158.12979385
206.532243298
344.345182886
0.437971615984
111.239046019
104.74604524
92.0496618415
18.6017583598
636.079253809
8.21274326812
645.375551751
13.9098084932
2.38948705111
260.070803037
79.1331051605
403.497358487
602.742964471
1585.60391795
2097.51724151
67.0964063953
3.96859716045
9.55983770849
488.292001714
239.219943548
0.0
118.790999331
2.6086944215
309.386767969
12.0116833739
543.9404131
465.951661577
78.3782532509
0.246954949728
4.19968052467
50.0998166221
17.6915227444
93.7061756483
9.44710974446
426.071225398
155.83394181
6.49581511952
191.034819437
0.254953601477
8.89790508829
18.2985738591
194.354276094
7.3630638942
0.358163095259
449.390745644
80.7485191411
121.828565129
223.469048563
4.32768882622
685.393396453
84.3411659773
17.2356892155
2.13308084667
18.2273963143
183.105438303
561.643076201
2.80638160981
109.998068768
15.9797689492
7.46681111246
192.048342964
9.64533714671
8.73226603048
309.225519083
51.8539473389
257.30080994
458.497043866
12.4606086368
1.88623294394
0.0
0.0
199.806493701
47.5521601535
32.7941472946
4.49405356314
53.4507650144
480.792503923
176.503974014
1.83725147103
9.62322322716
357.868168315
831.958097075
18.0617958432
7.85465361207
43.9906976035
1014.66740545
20.971190279
0.0
6.06563055075
13.4396182183
2.67983213487
2039.15202072
38.1872911374
7.89139687398
225.612460691
674.72470737
55.0370248678
52.2043022266
6.02600448811
28.1771253522
156.109450925
0.296923495604
201.007220034
0.0
786.535137936
6.69140866759
46.6184252313
0.0
299.862370287
848.771620288
559.121245446
0.410597456436
0.0
8.47421926845
3.5281460371
0.454776750945
16.7161079506
551.965977213
1098.01699876
2.62298893078
746.32715286
101.158199337
89.844915515
98.2489480458
462.232897189
600.033425548
0.0
104.141894352
80.9371471655
6.42847135114
0.0
124.153291232
46.3656748065
3.36001004567
224.770616908
26.9442027658
166.161702365
110.273748412
93.67672403
7.23248646455
32.5882448711
20.2751569642
6.48187660376
590.516935652
913.81460499
26.1692247746
15.7935830902
63.2886349117
598.228743751
182.593626659
642.846774141
177.35219456
399.049250493
83.5363753955
208.567408497
166.677802112
601.109178237
280.34631475
17.3668342432
253.549316551
27.6390996397
64.4554584624
52.6786710688
87.9868346884
653.883432323
17.65532592
82.1281869891
157.848901266
370.998934765
279.597671567
224.099542972
100.833005475
8.98659104198
0.0
282.539878399
254.637972139
0.0
188.80728579
43.3194755437
0.676415084126
10.3825623978
91.9433566978
21.750465087
602.198752438
77.6637132517
100.822058051
47.4310987047
49.5507613338
444.86599324
10.9400084285
79.030303939
8.91372688446
408.040621309
3.51435564452
736.690119323
92.4620305525
150.569926528
6.18359634962
25.0487563111
59.3386801116
18.2560986035
54.5105577423
112.724960508
0.760732026365
3.52552836442
121.416298486
6.27040275708
51.298140621
212.480301384
0.0
352.026117881
522.617742696
45.1319219833
600.331690866
21.1371828409
66.4284704297
56.7470808477
201.948267761
2.22431227855
508.399389883
412.068963145
1.1122183759
0.198285904695
67.240707002
39.5220154251
0.0
47.6146183464
44.2318969095
298.681072986
40.6007131518
239.243450324
592.369382819
397.663958944
7.10827584217
551.286460255
1.35482920882
7.62035385878
325.064333266
4.8642133913
5.91034019985
0.0
683.846818676
6.96147207821
3.7866085398
9.65207115014
3.60902502787
70.1227173205
2.23762095961
42.1867004088
3.6985063657
433.492800437
0.238580388732
7.89051311382
1.28360560891
0.0
28.7345079017
40.9086425731
0.549642802048
149.085617744
217.412816989
126.37846611
44.0395931899
46.9014786714
230.265691904
65.6177088655
734.599816203
40.8151880489
14.7238013832
55.0118265009
46.7408384598
505.504118183
17.5191484383
0.0
0.0
0.275149388066
106.922727825
27.8829688973
66.8303734289
119.642814667
112.576939396
23.0511085959
47.6757832621
52.2921965301
168.793652126
44.4674588217
78.4541396192
198.693252155
66.2225418667
110.821419557
54.8689610708
41.5620923406
691.60358527
3.90062853629
0.4288875574
90.3440732068
10.7390127409
264.166222268
99.446465458
290.18871174
22.5068380598
719.205072824
499.46445151
14.9446891426
12.1422172379
605.268286703
3.7582933624
88.522709503
234.363435052
1.08782908515
49.1648543934
26.4308414299
1.7341241296
11.1387847579
80.863044499
0.13718944929
0.0
0.0
62.4794155712
114.083820161
550.645666928
32.3819690278
0.0
1244.51191967
0.0
50.9187249612
5.02953628704
7.25156946019
1.9952852126
774.688773725
2.27661469806
123.507092032
59.7191923808
368.070154863
756.05668372
85.2196409953
50.3657475205
79.2864960494
0.0
339.862878354
214.661580767
341.517900971
10.7167992428
0.0
62.2745151575
4.03396553816
0.0
313.798982852
163.956056097
2.15502921678
6.43843792514
18.2707192328
3.77380895437
5.72652057751
753.425958776
33.2094971402
309.481945203
73.4500643377
201.391541185
231.016840734
86.3699618812
2.80986188219
14.2450137402
52.1026436696
0.982267046741
241.272965683
0.68945365821
8.82887346249
2979.16725509
1.28181568342
14.9159134141
50.3290789426
0.0
0.541387735381
27.5171855489
0.0
16.8674649465
189.552554503
149.996679862
239.372079747
169.023702362
71.7270606493
4.38417852625
141.92395781
3.25416545295
664.619050679
186.331043365
1.91974736946
0.0
167.344877968
56.2037027849
126.024222677
124.197485463
83.4709783889
4.63559459764
33.0078915336
538.510041794
108.642734197
12.2729029593
855.556351538
866.425886942
795.369321428
0.0
0.377740249743
7.11804699315
0.237648084007
65.6498540852
168.414841406
1.33366004133
54.6028696019
1538.23725532
263.124806772
80.7210429134
177.676539515
0.407671090071
75.3496893598
44.4245217704
1.98062475192
2.00773253869
35.0269411812
188.140582109
74.0276650791
46.1661528823
241.582250618
309.539912401
118.520326002
9.64718681939
95.985985575
17.6186959288
0.0
279.827449206
385.685868414
6.14702610555
7.84526085983
30.1001662842
5.1308488083
944.718883477
286.805691567
45.7755819289
4.71356091411
159.762269381
0.0
6.88500068561
107.314854694
2.45059221964
206.93769005
12.036727394
555.795510357
5.18263466381
0.0
129.151612114
78.3503563036
69.784730096
1.46886040791
133.335519387
127.876800541
13.1042411983
0.939093496181
29.4252013135
4.03056368394
62.330383736
387.60483409
0.309406918945
86.9823168015
5.29854167494
1.05585314915
307.438655633
4.95809112472
312.433422803
174.382927242
6.46520465521
154.28474636
9.96267052293
3.47060827223
62.0736464326
1052.38192473
147.979691491
30.1278130402
448.413193644
158.55241169
52.0030725292
435.058945412
43.6594891929
37.5953137346
2168.58837289
565.442449474
17.42413053
3.45574243067
463.743512151
377.738268129
24.9540271806
14.9844035812
22.6690142716
1.69708586607
516.689818159
38.7464735702
710.234537589
75.7321135384
44.8361137682
13.4840402357
338.948241364
578.452539098
0.0
2.32695790846
3847.94764338
363.446935398
189.016868888
0.165497158297
11.9098866516
1.26835887918
485.600418058
184.976850216
18.2069702522
149.325761517
5.08023673568
78.5172463177
194.103192366
27.9759802968
1.44308448505
116.273674507
0.0
1122.05349619
31.1716819037
720.013906298
2.57839762979
17.7107762683
451.312824398
139.812759362
691.441133973
2.14297273672
294.34911846
20.1876833801
7.91236439477
104.178737193
87.4525767815
339.72098506
364.351635688
0.0
55.1646908679
1.9952852126
45.3603030331
0.0
3.31987862161
82.9181104846
2.06366957744
243.872737861
49.770179064
0.342300222884
53.096614937
0.660615693114
4.26906316505
185.62430784
2.27390118099
74.9562281372
23.4470966257
73.0499313483
0.0
1694.98151365
655.666367397
12.6447195266
8.89732130872
177.352276714
82.9356773957
541.315751249
9.21906726201
132.842340147
7.04443350662
0.160975044726
7.24746184255
5.90413022885
238.776451544
12.8558647639
16.3620138863
47.8234558495
62.4407131002
16.6305736599
137.620253736
0.0
3.78756698391
31.4903409202
12.722364702
0.878684133175
664.217904476
0.0
817.656094496
322.229474665
453.662807369
33.236404525
393.050818077
5.63479125261
4.48207799072
0.0
518.717450237
253.580742316
51.3625617573
3.53208561581
556.957627574
5.18865294596
29.5884990293
63.4538905918
7.52302572659
26.2688693542
59.9038808265
187.656907646
0.416531096785
253.571577349
57.4362121202
84.322900771
9.32212738787
80.4974926709
5.71843728396
29.3232813628
319.426847168
72.7118457901
125.562296182
30.0034443368
1.28748544046
48.2286885084
0.0
0.0
188.693018091
2.87773217245
41.9120215297
26.7402632856
701.649233403
131.046300527
18.6161997474
285.089547599
919.53941904
15.8665891472
235.696975599
6.26174564176
1.58911402532
6.97167266194
1.10589388952
10.4214465997
172.683919508
2.84221870637
97.7472834621
3.1161221171
229.186767637
0.0
244.901887762
528.887504415
5157.43207224
51.4725040097
571.356245053
45.3231676805
79.6683663219
7.14527925317
3.53229224142
85.065563014
465.115035714
580.1085102
317.739520005
1128.64626851
10.8037637313
29.1862387919
131.102151679
39.2880430365
21.8504021789
163.974455734
1.19169081883
11.041236308
3.79749248174
151.780849711
18.4825602756
44.3902368554
47.7693448335
33.3592870177
48.7934821957
2.03495484087
15.0565520175
12.2224190941
132.580394882
152.907930194
6.04372948047
6.54230837194
2.13121623722
48.5229868629
102.373052141
192.690881405
35.5913813644
217.767384052
0.0
62.1544420263
68.3355314845
719.912621161
2.93482307833
890.956189715
0.0
0.352798297713
58.3591701475
84.9109286371
7.06667314418
0.0
434.268597462
93.8086246104
64.5857296877
10.0532646517
2.89911294449
15.1526827169
175.262516296
58.6959798549
216.867817038
241.484086025
211.783841126
46.6572683571
2.2961557553
77.6996325006
280.853535819
16.0798043749
64.699220673
366.741458817
7.46681111246
90.9062218376
1.42621088978
9.16091459921
57.0454930435
5.73541917095
179.960269105
0.0
6.33400983816
6.79363606733
5.33454432096
7.11708605958
0.0
1.53112068832
121.96669933
3.61972474938
0.0
30.8644308617
116.428908845
1237.18246107
0.0
123.019587526
72.851229703
1.07866785315
51.1502253108
0.583263029832
752.985399361
53.1076345548
421.696824245
73.8867053346
117.737819868
479.390256626
166.717828979
101.876137457
69.8890337097
228.276483477
0.758893556299
3.49659455491
74.8250831095
280.058690652
168.316485125
185.918434422
0.0
41.4890813047
634.530357096
848.197796067
1084.47981466
3.07290375616
148.56922175
51.3611937961
35.6394131065
78.2399535001
51.5798385473
4.36236334253
47.6858506595
405.07244562
43.3206045162
3.41594459495
120.675904146
196.8802543
190.182666779
6.49561596233
20.9911545453
44.2318969095
13.0345486194
34.2282485445
0.13718944929
11.5156586737
0.0
464.684822516
303.445260909
40.6633256916
38.8046361908
98.1108636337
7.71726376086
0.0
1175.14932321
22.7418746949
5.96954466168
7.12129823474
55.4894727241
53.7370049698
120.721542267
16.7363136951
0.668416432379
2010.68341011
1.23757539701
11.8949834681
57.7472110519
227.608513903
11.8171354012
16.9818521391
0.0
0.0
353.603140574
2.8821161207
22.3901157488
245.321727358
27.409442739
6.53931603476
209.958099697
94.0434359487
0.597523931335
210.742876224
0.908373495377
0.0
459.570699181
0.0
57.6768799255
23.0286200118
57.9892493081
69.3233500386
29.1297764759
18.5312156286
168.84199754
3.33344994125
1446.74026844
434.857680862
8.15167419682
0.0
0.342663684806
3.5636296296
254.464460148
177.174240118
1.23614519924
83.8167576394
448.632907621
0.155310266619
33.4914228525
61.225873989
167.578439595
2.09723752644
6.27037537293
6.14702610555
233.912575474
0.0
0.355494388545
123.929432296
92.1862388824
1.28180199136
44.4014245121
19.870107281
161.818563918
235.287248211
9.37848016728
89.8141183408
0.0
366.39076785
6.99614534975
470.236583881
5.04108616091
8.09246351133
0.759651598458
54.8176021586
0.0
85.4174738173
268.555093437
30.5494027303
3.84674530637
7.37346985883
26.9064039706
28.5025121484
38.8371672776
120.040442009
58.4029249882
1.64294124229
88.3902960928
275.952205747
221.755437627
5.85037396163
0.0
173.115356278
492.605328816
94.3399648641
170.462987923
419.024547638
4.116324516
12.3677702552
192.904214883
113.110609789
0.0
5.48040582232
106.734642504
6.518594971
45.0498667203
0.0
59.9291700589
2.66808310376
57.4524210283
6.53124767796
19.0100518161
66.5671062582
34.9645477144
0.0
639.778788325
25.3493306074
139.46382347
99.7917455707
582.291611872
426.005801007
44.1687951899
662.609385071
830.492496621
2.79405751225
1.32218983033
4.66789789833
294.472353212
20.6400553076
0.71443668642
12.267536917
331.130928485
3.71897972766
3.44698573675
3.55250172007
347.30425211
11.1328100414
173.930505525
91.9987174253
250.49917771
3.47538057705
436.814159046
322.19919281
31.193574261
1018.27108684
2.37303293074
4.07103616474
41.4117124599
11.291769864
62.6789275376
15.7294333057
547.665122331
502.210365255
4.18534369447
210.588663811
0.0
48.1304268268
0.0
2.55192216718
29.9261066103
0.0
183.894860171
5.37174191023
2.57126904613
1.26655899582
371.53285535
0.993708628889
0.0
2.37173467463
635.645203101
42.909456888
102.791725422
128.557427801
590.59471775
0.399225579316
172.458301765
89.3777598982
8.36766642289
57.7628013281
5.02890022867
10.8042255271
1211.62874785
44.2318969095
12.1465451732
4.19533640785
6.17825769142
209.219007347
13.1136625794
0.0
15.8886918642
3.22216711176
5.95922707308
37.8859836936
19.3375471893
16.8969725777
97.1991530103
379.684671446
3.38536898312
269.731597273
2.19046426471
513.440235811
17.2590130151
0.0
5.08560775688
7.58744561805
34.2053031435
40.9688316184
10.3761706958
640.16083037
32.9109256186
461.787861716
668.787700019
58.0102915127
9.53665954257
236.961698614
83.1687846954
690.052449282
122.861621
2.49586687883
27.4195101363
428.469706887
192.615746856
32.3227782581
3.46150429793
33.1859144362
152.715666306
125.351706096
13.9024732839
3.49505855487
1.06834030669
21.4303771176
1.46710657967
2.12295868109
27.839583742
14.2360778048
1443.77171311
0.764466224194
289.823800949
359.110141352
1.69421426794
0.219390346091
1.00282131632
325.092892411
2.44784882896
125.756778184
300.674867009
0.0
180.191038797
23.5867406877
393.178818911
0.0
5.72652929066
91.161059679
9.88823675762
25.2543599987
329.983080883
45.186453719
167.383999914
5.94973225273
3.28307934674
20.3367625153
228.168266424
2.81425080936
101.68998894
2.79302313945
9.49507924977
153.641375192
1.48237695932
29.3864839058
54.0057103773
169.478037233
3.96009688145
343.658380508
266.394317289
11.421945245
7.97676188106
8.60596674676
8.04653785697
40.491996961
765.947203317
20.2277612807
1465.50023107
4.34729958849
2.11983938117
0.0
43.5328861944
97.969035066
1357.36463455
10.9449226329
230.561767737
59.7369858335
874.11913981
524.391750548
0.253085257829
0.0
30.4974177176
13.1453435138
1.8003775122
0.0
7.84703335902
125.511839701
17.614897005
4.8636370801
8.66851829463
705.536866932
32.5714135968
0.862904657885
80.3855277281
46.3340212562
1.68472318179
60.0900168961
109.648254094
250.57900988
4.84562455452
5.61472491822
0.0
65.4659523105
85.3945433533
228.044215126
98.824933124
57.9648425911
66.32300797
448.050314257
12.2574720092
69.1661639598
263.025394958
1.95293318556
69.999865946
539.282216648
143.151053803
258.779767619
16.3720451864
23.6160143093
188.522660252
133.054406485
28.3273882281
9.09301319063
5.71912313166
7.59612887274
74.7757331957
479.39221708
24.9192045411
43.8310071228
368.644052525
145.654265848
18.1565498684
555.0916178
261.32196967
2.43293444284
0.0
632.414459783
0.0
12.9287152293
49.5899081744
745.124401347
6.39157125294
56.3286004996
0.0
47.0505416251
480.479788505
54.3004070463
13.7076128833
173.442177006
54.6402078462
536.371072119
2.3431742849
11.539309838
11.3702788838
25.3469556575
26.801215352
3.91044574239
221.259313348
144.471786051
9.48359285723
385.917341379
0.0
527.52532506
452.698593924
0.584247613322
664.477062786
318.513889322
181.484542519
2.49697095667
35.4116270389
72.0370986476
41.4117124599
120.337473796
0.0
25.6094311782
69.0054615116
3.98467910576
14.2018426791
72.1616640188
45.6917529218
1.49224644419
14.3724942751
5.95755166299
636.530709614
47.8664999479
4.07626155224
71.9055864237
10.3451382671
61.267612363
3.99871595539
0.0
2.70116436233
148.318174119
42.6144726858
178.367661115
1.99315796457
4.57701623631
442.808702917
6.8673578456
20.2461609181
2.65503332708
0.280305070535
0.185336951358
74.5708166004
6.17255308187
157.342601298
32.1774756416
1318.10178242
512.05490194
6.92044569141
2.4915364541
731.841965473
754.079911415
44.000666667
9.60881420249
256.076615418
2.56126637488
7.845837171
809.551705202
59.4887114671
44.9594480988
509.5366946
553.378311823
868.421022786
1.30179862073
0.250984149184
11.8746532504
41.0752649698
2.11007071965
31.178235421
55.1755673415
432.606079065
183.133565525
131.004100358
6.69554491403
6.19449273888
3.34790377632
36.3166123721
47.8659771602
148.543496861
47.9806282361
5.06339425874
4.31146747085
137.469066024
2.35921390931
4.25256547905
405.010918487
34.248430639
61.2595178667
48.0954373931
2.54744859818
5.08563887519
2154.396742
198.7132687
199.417279506
61.4198792584
71.5305684043
399.562768665
27.0931387566
0.256109958071
490.709273687
0.0
68.1107763408
165.635318636
298.704444085
256.539383353
81.4546248322
0.548525032163
55.5968134854
85.3064685633
1.7127483365
46.0894649063
12.3850882199
52.6538461217
364.733237098
1.25647043802
581.107170377
3.51747245497
0.398062999057
67.4025085492
93.0512745226
1059.34460296
342.198910363
32.703459811
127.728409743
34.7080431761
85.2116473226
406.005617924
57.4804075962
49.3394729524
12.4670239887
7.07712142968
78.5967536133
9.75902479962
123.053424337
11.2515089877
13.8203806788
0.4981905349
0.0
434.259952794
0.0
156.729174663
150.893223419
3.50367334926
0.0
673.610733922
11.1275099699
31.5266497704
22.3154915394
0.0
41.4498236829
451.154765761
14.4799980964
7.89977890338
4.66460807004
66.9942014007
83.1345831775
205.352361257
112.783781593
1.92531879262
5.37845724266
1.97004203528
836.465496662
315.266363273
6.36094958599
1.40799671751
7.14995073467
7.25453690271
1.79326137587
173.477960579
0.0
15.9606523458
118.267575577
39.6286466888
16.7215175585
0.0
0.275078438307
52.602665206
306.673172462
0.0
5.5577086963
373.03964276
11.9182425416
14.8677347937
582.396071077
8.26222885774
77.2292791659
51.1778247671
153.094491963
118.167049727
10.9179704377
0.742117050186
3.86795928422
792.59424111
34.6813000959
560.190281557
1753.2434428
2.31363926954
185.709751266
219.608378432
13.5087133254
0.0
490.918019079
7.28186874135
0.0
41.5477069659
41.6395420931
2.24894802636
241.686111107
23.4890105069
238.186328793
71.2035174005
302.036468808
63.2124224235
355.573478855
83.5737323107
174.365456175
711.463554204
19.9879486066
17.5130380461
144.752589014
61.1240971824
321.837635329
428.042565689
58.705759719
82.9697494618
158.215211136
27.5131936915
6.02551157401
0.0
642.735727812
0.0
0.0
122.395102687
1.11738152677
45.9552379206
0.0
1530.36615506
84.3896084809
129.907866838
0.41204010153
207.321198391
0.690565204432
87.5646350794
76.0686307336
207.781468146
0.534336325148
2.13771000725
126.724485594
5.28166683497
3.40961388489
138.595547791
15.435192209
0.178789657833
19.8416589172
0.0
0.0
0.0
8.284809552
119.517702858
0.0
123.41008504
442.260492802
67.332454998
6.44572956878
58.8157044611
97.6920434736
44.84271583
13.4486972979
1.13535173145
110.8807348
106.781029954
1034.05318603
111.944231853
4.49572897325
6.34323081731
58.8270103672
0.0
467.68798266
166.383631965
46.9318277419
3.87927888257
0.0
3.7057245701
112.387888163
14.6480842985
60.4569105459
148.205721241
136.792685792
397.478483827
39.0026532332
188.14788869
87.7654453017
1.41449422174
1093.49507314
551.120427861
8.8925378013
60.2692608815
395.434090179
27.1741770732
47.9773508551
0.0
86.4511483209
29.5737377453
0.317974413496
31.3036136026
549.889106001
15.9081769084
943.634411435
5.81880629793
660.706500094
136.450618334
164.656859228
1.47721007426
39.6251402771
119.486216102
43.6994637806
451.795744552
6.14344998874
1.21679458609
9.5610326518
79.33569784
36.4367689004
46.5751072917
8.14287144781
198.963738775
0.891491186992
49.2772325877
277.245446831
6.42605283567
71.5837645417
17.0292565358
31.5655364618
276.312026826
239.467271919
105.751725707
0.536558172855
467.506087394
139.215654906
6.4150718046
0.970176958906
137.797145176
58.2403317911
70.8596986039
5.68001736722
24.5925132651
8.48818641308
0.310789816874
0.264406100913
0.473018307337
1422.09723274
232.48450122
7.90558807045
0.491772693565
43.7012288115
176.343852854
6.09772100214
555.65798483
0.827114861162
1060.74432967
140.578267428
49.6767967341
301.22109302
11.7116804098
27.5580302048
2.9731956952
106.70037875
446.560211242
71.5827127427
0.965464401247
57.1523981485
0.61203004517
6.81193488141
1.72040842098
6.40133742498
14.3209150452
70.4753749634
10.6687675009
25.2151969766
4.75264551804
10.904361776
46.3328798364
664.276799001
3.02854397543
217.069827184
7.96699446429
52.8727858744
244.67588913
0.0
6.73364368974
472.96802512
168.523608631
36.5487301092
3.80649314324
50.2892462543
88.1824282365
2.74568097937
164.710208467
90.7427436357
247.357506212
52.6218004805
1.6361736311
214.741796316
270.936327911
15.6884965396
2.27629231233
26.8969863237
21.7590014634
1.254557284
119.227357774
229.827471341
258.275475405
148.239540626
0.0
625.625551209
3.0619314382
92.8874191666
4.63975324929
634.94591481
2.18839302963
12.1735508919
107.573530046
69.0020982441
153.407085397
5.08304734191
39.8449264482
1150.90221329
2.08822192815
269.69097169
408.786368
32.1824533273
10.403481374
3.2543583865
391.673243869
3.12701975109
0.409447323505
53.288443169
0.0
10.8232948307
105.016943866
131.458192506
0.93972333088
14.8754135492
13.1132816912
0.234797646331
6.19255593493
327.552983186
174.935782699
160.624198169
266.098525256
474.438472561
159.636029845
6.69480180868
157.791525316
4.77030329484
1.36683092065
6.90792741555
84.4087176159
54.3314606355
5.31621189906
601.757118818
6.00301303209
126.099112015
0.790047968785
4.99216941409
0.410597456436
0.0
108.262768366
2.69352543831
1131.13202567
488.794694447
94.071635366
93.6038299989
1529.86878107
21.1750476069
671.385764425
157.212020134
124.592749058
73.8362600561
56.0678663598
0.0
2.32186570735
13.5281585383
0.661424769311
398.246929462
7.00366229
1.80189359652
1.93758065356
154.510169925
186.466276096
364.217499567
1.99315796457
118.163433779
0.0
584.744381129
864.109526687
24.118092144
0.0
27.529386418
282.668950947
1.02724670432
9.80884148813
119.118006769
0.680360886499
56.4349131118
2.34883408408
175.149935209
195.455146243
0.0
162.573348612
326.895249048
1001.15136563
261.659239927
2.64492858776
59.7897326225
0.0
57.0288708842
5.52908980414
496.088395616
470.939200587
162.557342595
11.0608010152
6.48077626013
155.662469935
0.0
1.86550441181
33.5147740363
25.1714421359
471.434356463
76.4272332194
107.597677859
26.6733850472
330.249727503
62.1603781562
5.69531637573
751.488929538
1.5577405399
156.046512266
61.3784445994
9.29640623324
501.120384027
144.096557671
0.0
0.541387735381
6.22572183531
501.790556777
0.340339769024
2.1668554213
0.700770767099
235.12692914
12.8596848482
577.564391263
13.6807876509
51.0732385989
0.0
513.114122091
49.5950451859
230.764239677
111.238536923
71.7551119434
666.756626254
484.348116229
71.5815650993
9.58033098619
34.3646065124
12.473227736
5.5004410384
418.548001759
249.84046148
64.8648086968
0.0
5.61176618882
90.4310364508
88.7587332111
13.0118658571
0.711199136903
5.21930199702
75.8630631431
36.7021446479
0.711199136903
16.1313972968
4.15122183944
2.57152795051
924.15539914
564.018481593
1.00382457081
282.176486182
216.007721743
134.187695694
15.3313528803
559.955364416
248.294742567
8.24805633225
16.9252566368
139.471620475
528.909641984
119.094981706
70.8801719658
48.0503967436
71.8027615523
1.92446988498
0.0
4.97808028569
59.2985300163
4.89639844239
479.07161877
3291.06468234
1389.28781257
887.379331067
113.461471283
272.396780149
46.2188486374
4.57755271606
2.65692532065
175.320899233
332.677681771
5.83047566617
728.621890757
196.157954637
484.594965378
0.0
805.894128135
40.4837755021
3.21110143886
15.8800235463
8.38097634871
0.784075741725
341.673864722
239.628967662
42.9134412771
1.32688371702
486.859829799
122.457987823
14.6858806042
198.61541778
106.859027389
0.239154210465
2.16388797876
52.3692180947
39.312340217
328.892408829
0.0
12.6274550853
256.64085271
4335.95422666
209.991136146
510.850537253
508.199355129
158.581712695
10.833576322
150.827584934
101.804679847
3.40554111979
45.4228408888
97.3488520222
1.94344583361
41.9092694259
4.11169286596
6.17488446609
0.350256553724
8.33038543651
1.24044450567
14.7654613389
561.61098326
151.058901063
30.546610795
199.034036294
12.0191318538
5.72447921605
45.2840644056
95.130264269
141.971429422
7.03138372996
0.195329664749
113.726927938
74.1275050815
139.02245
2.17593325622
8.16991201902
6.33220248639
86.7354838356
9.5611658382
135.443309757
92.8300656222
128.516039197
119.470434137
237.280626493
445.236782903
7.21791437988
20.4685411119
54.8251340357
0.0
1451.95140375
48.8091695608
279.549658496
232.946809848
28.4831167249
139.51505044
72.8441409506
3.55612140249
101.250222419
27.9195391413
406.800308745
272.941358134
8.81168494989
545.64651581
5.95160682004
125.326950854
16.1503732454
733.663650318
0.0
578.300482563
663.352967171
6.28793232639
444.767381789
112.706651736
621.808564971
323.611426597
285.624330784
12.0167245409
2.67074683155
9.58545306086
29.9323750837
957.187540555
488.545303555
91.9585511487
44.9265759553
0.0
82.4102421536
369.882626198
109.201205888
0.54238974513
0.500012823441
17.8993868665
44.1028592142
0.0
651.185974775
153.310177984
209.478776819
11.3177337415
1.17892733065
0.0962402359027
13.5318205416
177.424903126
470.698936075
51.523187032
8.76214210258
49.5513339108
200.671079993
91.1916514726
21.5055614567
48.9200329154
250.334331548
1.66479999165
53.4867178711
766.264302684
0.0
9.1846441817
9.75996830694
204.164997128
601.403704379
118.544870884
156.762131448
1478.05233752
207.543461579
608.108288541
0.0
56.602542497
87.6419628478
94.1954153109
45.6745146199
592.237753592
55.1326178428
11.0772140594
224.019959748
40.5109517492
477.775967883
551.382491376
252.941075472
526.391176986
561.7844131
252.984292589
64.4961612188
1467.17224927
51.0675675972
58.294592175
219.093687722
875.698476461
71.3515322893
357.371617093
206.749742894
368.649884097
0.370258162026
13.9302967919
16.5677208867
257.385345955
171.656233413
2.02444307398
2.80191799868
130.507473207
87.1167105814
0.0
411.529696434
6.61056577406
0.0
91.6189594641
0.0
0.451473230599
58.3304056216
1199.66657994
1427.89121907
22.2965454644
161.104289047
69.5006074306
12.0179269527
10.1719934717
2287.19431906
283.411923127
4.25279575458
122.663154609
347.529339597
736.510908947
100.400270449
391.000253045
0.0
994.28534089
319.330625603
290.410472057
142.349910287
0.0
0.0
2.92708333096
523.112643402
169.767474907
46.1604881042
3.08530129295
79.73934222
202.76258926
569.588082465
5.57119537413
7.61443266576
4.93332467999
2.27661469806
0.301065965729
6.70547290134
11.7577840609
96.4089183316
3.10077580875
339.915397357
359.956130094
0.295226925057
44.0844620661
1.254557284
2321.07975456
26.4270250796
191.15006176
1.76734106402
1.70974479671
9.07789715783
351.406211167
108.501620106
127.169053048
517.684167824
2.51753269464
54.2703666695
0.0
108.022416723
12.9138879745
77.0057575523
649.681824953
813.388879759
3.25416545295
44.7386325339
52.6598718722
0.753653232012
10.0020800021
878.031766324
123.018418722
0.0
46.6931602219
46.2373254483
105.058165676
6.43720439514
575.443495104
858.202219899
235.855706391
188.968447544
3.45453130585
216.340118873
2242.7882766
46.4225142764
0.653848081917
774.210101841
241.842522962
368.074380731
2.87645881099
31.3567238534
374.783620194
988.92567413
10.4329329923
86.4790801207
2.41566626734
3.47888698881
291.448635066
95.4866249914
139.478419204
361.259433597
145.627343527
40.9149048228
235.175238457
294.305306362
70.7764297264
61.6809146233
242.688634932
9.23515543098
0.341336799844
6.62815758004
72.07244283
7.99445948932
2.30726872804
53.3332921296
60.9655954215
0.842738744876
62.8689583756
647.600506312
11.5685585649
458.90295117
81.3430482456
0.0
0.357351529599
39.2788780703
563.896807735
0.0
222.289030846
824.343467742
379.245033133
171.958173181
729.589169977
199.026737182
434.610748317
97.9544542682
0.272748298863
114.492754655
5.64848829023
20.9691476728
65.378396574
12.8920815039
162.322886006
344.065335877
163.621703492
52.5313980406
129.806892884
197.138664524
0.0
297.799441326
246.108628643
66.6759680828
44.9349480269
1512.64038225
106.094645807
19.188263918
237.102021056
5.15522814122
124.975043784
262.617279498
8.8054625316
433.476534271
803.651019148
9.20053568292
75.327432296
241.061342468
398.672333013
61.1061145306
129.597287381
89.771117808
16.9895159578
57.8275510737
151.673718065
159.896537443
17.7627488337
30.2730185674
624.444036079
7.59290003636
88.0663979969
58.6879861819
307.026569476
923.552754379
49.1561412652
15.7852745
144.502761222
3.87194367332
463.062139298
13.1653575694
56.1409122485
89.4842305917
5.02349684441
3.08780071603
8.46422157614
311.470120503
4.28093542468
2.39223293123
74.5627843409
0.0
84.5415181382
53.908811678
81.4900125801
19.8813795795
485.142528231
7.49029050369
0.74322361748
493.450164934
756.0719541
465.569846073
76.7021958976
1.3151645595
29.4832170557
656.250476845
234.119895648
125.493810994
276.766074163
1.76634901212
5.60412353057
57.7529330878
60.3519609161
9.42912709245
216.462467375
85.2510306623
48.0864143264
325.751438114
16.1981186989
550.732591585
0.51271034079
0.0
103.749967885
257.057545623
129.366283679
46.2238848254
448.834752216
45.6917529218
64.1829093208
0.95910008341
1493.40453967
409.064641667
0.0
4.87724947592
0.367349221919
133.880894001
8.06012037922
0.0
1510.30052767
0.0
19.7958415546
92.315354996
52.4602690404
97.3139434963
491.346825729
0.169079498746
676.970788777
49.6767967341
48.8908837672
677.375845929
1342.28618768
0.980726067769
261.579305688
41.3827027217
7.80214083275
549.836807316
21.0895631054
27.1180408772
130.521496364
0.39689046094
1.7197300417
0.791347469626
1.75260218518
215.323586827
85.1891002361
1.02429668803
107.775728146
120.467675317
59.2551075194
107.752604748
8.54658553292
7.46609165703
26.2678673445
288.019111683
3.97257159167
246.877079256
131.913611539
0.0
11.235331198
3.68304056302
15.0110918931
78.4558498819
5.0579871403
793.241942701
137.307493507
55.874087632
246.341402354
342.069012557
183.74243395
686.017934817
107.504869351
1.95742667029
18.597483948
218.49146617
5.15455598561
165.8293015
39.4380134002
0.340339769024
501.204392275
7.63065028692
42.592020199
82.1999259084
0.0
671.408020244
7.23090689886
1.38666573478
1476.95430287
81.9170728702
72.4624324934
209.306544413
0.0
17.1226575366
858.461149177
73.4332081687
889.277227156
2.2016369846
41.1234199402
245.86417934
0.074240831762
170.93210026
207.393985375
6.50788155744
9.94137314798
39.495291016
5.47055002951
585.885204705
61.5949683261
6.2851229649
43.7396499729
192.093147114
9.56004682358
8.29070585039
164.427160006
128.87949614
33.3592870177
0.780073926384
40.0544236594
0.0
707.397358805
27.6080174217
498.326500777
245.476545955
44.9005249466
4.60736281733
41.1690729982
1071.97181781
527.106068
46.6986133954
117.145683139
29.136824152
93.6635771642
10.0146667382
8.17681655082
71.578773164
111.889977692
0.0
311.808735073
44.7109334991
44.3498627084
122.688176224
49.0052286389
46.5372487494
44.5710840562
70.0485773122
555.262759821
39.7872853705
74.6692438315
57.9492535599
19.1034042723
341.562972739
480.156191634
8.06389938738
2.52974850047
1.00197863234
12.8857831569
13.4899390235
213.937765021
220.603636754
263.042811257
4.77836542796
734.89612729
46.4854504466
239.810607758
451.458354799
257.551304909
166.557307017
160.963708946
79.4992756205
485.180951882
20.8195320578
0.0
701.833305706
1048.9480174
46.9041859649
490.123147772
7.34390123569
56.6081836253
497.492563536
0.372991594837
82.8270259312
5.01407421856
574.657580892
801.626393099
28.1523252998
0.474124874627
86.3639734726
7.64317105226
66.1256269858
2.39678118419
167.993844209
40.0049654539
0.820866303461
30.0790058299
0.0
207.561357101
7.32712846377
139.407873984
1.04124372251
2.0212528243
215.513742138
10.4222755917
22.1539314704
40.5273237172
5.85881449347
443.493639441
6.09780813342
263.706490237
575.283957725
134.143963259
1065.26013245
93.8043501987
77.5544369312
7.60330226679
236.604195227
3.76431537877
207.202010264
522.739172585
57.6385707899
239.161128687
214.800468032
0.0
21.6699483135
174.920674134
28.8337006433
139.757738447
107.164712558
231.991112863
53.4646051963
4.64830456232
1.94429972018
479.092902453
517.440413081
1.95050595698
43.8186108308
31.8441462066
627.311895033
0.0
424.833962428
2.84823698853
43.6573295818
12.8445713049
230.10427498
137.086925644
47.6606124611
6.89990013494
720.033447355
195.380885496
246.318509232
44.1354911243
18.7284024343
59.4685355963
26.5261929266
227.569693183
10.7944469077
13.8485825856
122.38167949
23.4397900453
5.44073992826
1545.74127148
0.0
4.00814604964
0.0
0.0
66.3778110573
76.6522298413
4.56963497193
59.27998599
0.285078620092
13.3206889964
804.580778394
44.3234046721
226.122888192
72.3748381702
429.797672277
1.92674525619
16.2515301752
521.716835106
118.809990217
4.95809112472
20.8884553919
480.081940845
53.5988209794
21.2383036734
0.834208592305
5.17119681585
31.7190841871
28.0984395804
87.514934151
0.0
82.3185277656
349.367151198
2.18116611211
2.14739527168
548.325191588
44.8468956421
109.516262648
49.7979926142
2.69757455348
1025.71234732
379.46190663
15.8738322463
4.43058215792
64.5106162985
0.603592002809
4.96271281689
47.2302449166
593.09508807
9.01882339293
31.324349603
148.308653159
83.0894964729
496.460294335
5.53057228068
168.808723348
215.836330776
753.85106608
1.99315796457
968.065191614
0.0
8.00535961279
65.342966505
17.7038841839
457.023734783
0.0
0.0
87.2104999385
1.60732570813
30.6037975453
0.0
40.5782146099
521.740206206
125.882447633
110.391391825
12.6053486341
5.23551090506
54.8755345039
6.46254964053
547.787447185
1192.0968867
2.39223293123
591.899379254
7.99447193663
3.26079614357
20.4041249547
215.590468701
11.0773696509
0.120567290023
5.91351053381
5.21784814933
1.70184945777
4.40671441015
98.336034518
121.72647216
52.3240616851
535.150552048
142.534109554
0.0
1136.55214411
51.2455245289
0.0
74.5012123973
35.0413240665
344.474076193
73.6941837866
196.384864413
7.49572874044
341.728657851
7.24746184255
453.125797358
67.1201720748
582.809172936
44.3351263191
8.2557500245
243.540177671
7.32984447035
898.985489271
30.1748850933
2.98893036012
103.362717878
648.139781736
0.965430793464
36.3959715444
3.12454646739
0.325333272685
666.540869283
54.5187841801
0.0
5.32612992851
10.640268103
471.706799803
38.0992698709
57.1052539009
43.1338983591
468.944618648
5.2244352743
36.521312384
2.61745733908
72.7085099066
48.705029007
307.149788046
577.123445981
1.2240053221
19.9304432048
41.5608127555
123.363896747
186.46786313
77.2426587967
278.094430399
135.598341203
17.9489882162
0.979338190911
2.44784882896
400.546918993
0.378441034201
53.6032211092
193.539881155
42.2492917881
96.0932379602
0.0
1001.9443773
496.478279478
121.755377341
47.9662254351
428.23407278
15.620059896
29.8812041261
5.46763611048
27.9417377027
21.0042566008
384.552935198
51.7326431673
229.965500985
201.563045423
17.6098807324
69.9714449666
499.3056896
21.1444446109
185.190254643
117.089690087
3.71721967575
45.686887262
2.23762095961
2.30582857241
44.3750000835
422.908219182
341.30672337
5.50990225096
1.09603311779
0.755894995443
617.20254024
1120.4693835
133.575190161
567.945156159
6.28404502646
428.73780362
4.72446477176
804.260190042
77.1381211732
0.0
127.011270742
1.6472592197
44.0885186497
495.547116172
20.1622472692
368.430578393
58.5428628072
227.384841677
2.31057100365
874.764451516
119.324097147
3.90253048772
96.162721424
14.5685869609
317.710794067
1.16481455232
27.1568068296
44.9643598137
12.438859424
4.3336921716
1.12957741688
2.2355285641
2.90882559304
0.0
660.694634058
7.33302476217
86.8930744523
82.193414712
18.6606454148
833.48376459
51.187274777
1086.03879247
15.0431512262
2.20001136381
0.0
261.720228091
85.9690384866
216.868657234
222.359609675
520.727659793
3.54644360645
352.455514534
44.8361137682
189.79693659
36.0848481391
38.5309904397
7.2193956117
239.612484913
56.5916037869
6.81204815211
114.619872973
0.0
8.48847270158
4.75212397508
0.0
7.65552004448
449.339621986
0.704555998963
13.8002297026
10.9637230742
184.899989222
223.919299466
3.17185501968
162.098664852
0.0
644.073019984
11.6336082911
2.96591400944
23.0543224955
192.459583947
760.2998913
35.4774422757
560.024167011
19.249566999
78.5779407245
0.0
1188.49461808
14.0295891122
104.603000568
362.759816858
451.792442276
4.66822650774
45.4139647006
0.261930327752
54.4913764126
41.6874979063
0.0
1.82474315304
1.63932404933
69.4765554624
28.6204318922
47.4531566114
0.522837485302
104.296724152
45.1162458209
29.8600698112
34.2648237675
79.4160142116
23.5725084151
23.422027711
431.90762848
1131.10231888
6.29925441421
849.849562463
0.358163095259
363.005700093
1.82709320821
422.656149626
13.2263693829
18.8635729273
75.1176786697
1.02553395225
62.3590088518
