#abundance	rearangement
0.449531022071	0.516845005991
9.18731813809	0.212675202364
0.0337612970678	0.638851877362
0.169954691067	0.238467771683
4.73469449444	0.224763231179
0.0	0
0.0507288502946	0.400472016642
7.81137010437	0.216340467512
6.47451617803	0.222747255564
0.463797480274	0.506093262495
0.0782028846686	0.430801486547
0.937048700759	0.507510806373
0.431519519952	0.363230038106
0.711203765792	0.402554800682
0.0	0
0.441569015308	0.508147235969
0.0	0
0.023098958078	0.338774330169
14.7865031405	0.249701824836
0.0398026670664	0.0220467932274
0.334506318044	0.333543710826
5.69187668872	0.267747256621
7.17367687223	0.21804817384
0.441569015308	0.508147235969
6.90396176391	0.225851403101
0.653630800226	0.394511844873
8.34031582	0.228390715292
14.5588588225	0.183873759865
7.31790163081	0.246605608161
0.65328682657	0.0903306179236
3.72259484394	0.232037621022
0.000304507860499	1.0
0.0412988084397	0.280430451705
0.023574593626	0.152067314938
0.425125170696	0.238576192143
1.02396349879	0.267804012555
0.0156292690676	0.524876808812
0.0451546774	0.20357151756
3.01558292047	0.232153610564
5.65725386965	0.234195734049
5.60582004887	0.210671018598
0.0412693156192	0.159211323672
0.533978518361	0.467991732686
0.371919643554	0.307567715965
0.164936148066	0.0907319140919
0.269699387587	0.400305690145
0.0273269635823	0.304897411868
7.32011003656	0.187530756099
19.8245439728	0.220926074849
0.0305133026104	0.244796086044
2.31632307045	0.238633246389
0.0353293141457	0.706163112529
0.911718642669	0.517294469668
12.4882523181	0.203569478527
0.0252017751335	0.268089884035
0.0414483900994	0.247813706166
2.30382234469	0.290093190902
8.9689258475	0.212384253933
0.628878200153	0.268509886642
4.69052232225	0.243861224671
9.58432949763	0.206603224412
6.86491460428	0.208294397351
1.10390354182	0.30936904316
8.54340757842	0.235483469241
0.0320818530579	0.159103985797
1.08184040209	0.112637392342
5.75974661181	0.194626862923
2.66021388318	0.295277845467
11.9052522551	0.1775705888
4.74775898495	0.240919685002
16.1141512197	0.232867796819
0.451235878733	0.522737471126
0.735516963187	0.488484731633
0.0216185305194	0.243160605175
0.506512390073	0.506861829048
0.435449799313	0.490749563841
0.560869165196	0.431653764552
0.0818199277267	0.184445112862
8.53527651652	0.20151669014
0.472755039085	0.478917497041
3.44681473177	0.235891107539
1.22099183045	0.168147221364
2.03730216685	0.269637479234
0.232468301984	0.293223832403
0.0665095225969	0.487605163099
2.83007150744	0.279773167032
0.00243386189771	1.0
0.0244511046805	0.404036730703
0.304560810333	0.17882957542
3.29047423229	0.267322938094
0.0220962925609	0.133045966124
4.11673865778	0.232851963224
0.653790679648	0.194262769251
7.18733546891	0.225425157946
0.000981136374549	1.0
0.781570045271	0.25176091802
1.61937421673	0.285465120975
8.16892524758	0.17223581239
0.0413898166438	0.199970608639
1.32948820025	0.197565256132
0.0	0
9.59015689112	0.216983398812
0.453484731632	0.510212372608
0.0447702824751	0.465155551589
0.110268410097	0.150485697474
16.4894990724	0.204375182224
2.14354637306	0.458993806329
7.01988788501	0.220107713665
4.16299288179	0.262919464893
10.3644836877	0.22488192773
0.187565934448	0.733072058449
1.07382013079	0.366761856551
1.28228562613	0.348466572083
6.17899714702	0.235366259868
4.59878967514	0.237469053255
8.09505444539	0.22239458461
7.44843661762	0.211086569954
0.705238639727	0.273684106676
7.49686930271	0.236506148457
1.39625967094	0.366818495229
5.38193907911	0.175213897701
4.31535015516	0.246203146872
15.0495350778	0.249832729078
0.481028582759	0.464717902387
0.984857382379	0.202163881933
6.96148441457	0.263498885616
0.0729142977029	0.44949770107
0.0192178621959	0.233838647367
14.233491661	0.214765233026
15.269216412	0.22441013146
5.35764958409	0.164003500254
6.23428952126	0.243051589276
0.0987105854847	0.468855344068
0.0322747035635	0.0762819434153
6.94178073631	0.230417746069
2.92575868646	0.48473864854
1.66509332097	0.189379504749
0.0106560647846	0.241412119392
0.022834490094	0.160009083966
0.00398323019202	0.277768482635
0.937999245824	0.623734297503
0.0401020240658	0.241439452682
0.531024678392	0.465970375026
5.83557353543	0.258496587435
0.0348090013582	0.0734088740941
4.8481214344	0.216204366279
4.71111270908	0.213635561749
0.0193207314966	0.328273492908
0.0372693972625	0.524305262306
0.449429739946	0.510891605012
0.0425809724143	0.105536064611
0.472645694955	0.499443886807
0.446936666943	0.494673591217
0.478701145865	0.260458835662
1.88706247576	0.13512870288
2.82310251779	0.264100573448
0.268373782971	0.395105049442
0.0455498319342	0.206786505344
0.24822516766	0.265236676093
0.654287793667	0.280344911245
0.524109019126	0.402322844926
2.53823300237	0.180938383768
11.366989759	0.246947409849
0.0351924874841	0.049992286605
1.62305723774	0.353981218327
2.01103736583	0.100381285449
12.4791558129	0.2271091115
0.208395625921	0.220985576648
8.03142968791	0.242559444826
0.0410701283354	0.178595356697
0.00916282859731	0.76608839291
0.0793392313012	0.427083991084
3.76454425936	0.279117002554
0.540253241593	0.461090201226
0.00170685403615	0.447415968513
5.67310308911	0.243160976803
7.8732723536	0.21246481633
2.54201000519	0.290153340755
6.15333533578	0.235543943385
6.40969934208	0.227975566792
4.30406777273	0.193424723812
0.0241415214407	0.113429011124
1.24727253095	0.242468693135
0.0558619816687	0.288271704764
7.47031741702	0.19748314155
1.502961766	0.382883203644
1.21575777753	0.354632950601
0.040848001529	0.192740919065
0.0188121685558	0.189222539874
6.73909243207	0.233610973189
2.09798640846	0.131684609782
1.42333165284	0.179600924468
7.18774996834	0.265383101154
0.0976814932367	0.370016035427
0.993715340612	0.483748694021
0.0609790962914	0.192387569216
0.0241750368225	0.441289465784
7.93347375481	0.243675028066
2.20801096788	0.274433528617
2.42499123637	0.252313893062
2.43688068394	0.356003986817
0.0140002004324	0.431890718426
5.88648250414	0.187293010911
1.62348962031	0.295728397783
1.66072798819	0.163286367902
5.15295344791	0.215177230813
0.464458763468	0.494860574619
0.488263097964	0.520124260776
1.09306758712	0.210854636695
0.4532750549	0.519298249948
0.656270313351	0.433536846067
0.447144797224	0.493039888042
0.4532750549	0.519298249948
0.628818680132	0.223413398479
1.65500942628	0.296881473708
5.02993308569	0.217561134974
1.08821324603	0.336220741745
6.50807356507	0.201733440116
0.604249209884	0.286495497325
0.117424136743	0.220171107083
0.0193625532166	0.198253919398
1.38765547477	0.356580972859
0.000221098818694	1.0
7.87242698786	0.264086765666
0.00547145456653	0.411751102096
6.16867463483	0.25690591931
11.6029625996	0.256682004759
7.94092089733	0.27328414526
0.0374803254557	0.240103996281
1.1025453713	0.315245839786
0.06367672794	0.242425342916
8.97988763971	0.227596852798
2.51079011945	0.373268958776
0.0	0
0.0	0
8.92546836985	0.210609928985
1.13582378727	0.167882249862
6.32180140339	0.211454812008
4.56007847086	0.245090448364
13.1916092143	0.274746533481
0.0218852650436	0.145015662051
15.3899573574	0.206210780651
1.55678932404	0.142729831824
0.041718113224	0.767516195572
0.244307688945	0.420820676705
1.55605486105	0.320304862844
5.54130323505	0.249767242533
1.19877917464	0.173778953195
0.772339116227	0.19817571517
3.02181336854	0.292426103811
2.50341417696	0.206470728502
4.23650699999	0.284481282089
3.1131122962	0.306313801747
9.45674687602	0.286780764269
0.581177826725	0.449579398525
0.0529540515273	0.132868039388
0.0301082923025	0.0191567036842
0.0369241244682	0.22841650914
0.509676818552	0.489688298565
8.4084098143	0.258061434461
3.71634422229	0.184866607627
0.143125080887	0.422425670035
0.524633979267	0.467116647128
0.0333714989932	0.287351496025
0.790957671485	0.410775663977
3.65726976101	0.179695173263
10.790792277	0.226195917594
4.42806798424	0.281472815632
0.0360634245639	0.3464484042
0.0987651105566	0.249051203121
4.70876424268	0.195034108288
7.94657072052	0.190424544415
0.0411780402364	0.196403245312
5.19459818066	0.216244112227
6.84428923802	0.224638774797
6.98012529263	0.208350845469
0.0	0
0.110734630862	0.313933910869
0.0287881116566	0.0744179540364
13.0775652884	0.220920701309
4.33365933277	0.287214980826
0.106730849856	0.231413336895
7.60776720673	0.219897235383
0.0485048518567	0.210403049773
0.128844187144	0.117195019712
0.0325324454336	0.449272507514
18.1991027417	0.259285550935
0.0276014402985	0.350884884834
0.0276014402985	0.350884884834
0.450910650182	0.318265291746
3.68449672058	0.241599468919
7.01401823872	0.193771270348
0.450910650182	0.318265291746
2.82699399594	0.242695270038
2.56797410946	0.248733025723
1.96276609173	0.279742194218
1.26369303773	0.258142258793
0.0644091925765	0.277461806517
5.19765007162	0.0740280178655
2.45996716899	0.205714925397
1.96702316098	0.225870833715
1.97589187974	0.320078907975
0.45851725627	0.510351782583
5.16318501424	0.237745991986
1.01781349973	0.499043161275
3.48306892813	0.250387322008
2.23123673193	0.195712255401
0.23615375242	0.210508696958
0.844167980972	0.190264545655
0.0284348304938	0.334640758453
6.19858673247	0.201040807498
0.0192763939347	0.172103769935
0.103947143354	0.0416894944501
1.27326002543	0.223231115198
6.91991130335	0.188660828592
0.0357753049172	0.518182274354
0.121905017297	0.228099420267
7.27117789134	0.251946371915
7.9774611873	0.251740220477
1.08600763415	0.162952808695
8.78122006499	0.248024752916
2.91060794409	0.22417807205
0.732314065114	0.460934890467
9.14547971835	0.249988213769
6.38709290237	0.186303350706
0.0663977102973	0.258806076318
11.0761809165	0.18716209302
0.0721202511336	0.416194150952
0.0420107500681	0.0616428207729
0.115853581964	0.0717113480593
0.0293387783935	0.421436819041
3.50939544493	0.151530148893
1.85934396111	0.258820023022
0.0640521729191	0.0617109633736
0.486961455851	0.446442650337
3.0387145386	0.180275015583
8.61206495562	0.21235545375
1.48315591263	0.308289161612
1.59860707064	0.241680222264
1.62306374535	0.25342749775
1.46094206693	0.338627556269
0.0930555332917	0.185453289249
0.817912918634	0.25016181703
8.27303018848	0.203454610115
0.0	0
4.11210111878	0.212185869849
0.0204851546162	0.275390074943
0.0455782411456	0.249321843931
0.00979799692252	0.260063627913
18.6136263165	0.218092801593
4.86523485173	0.225362039936
5.60395673811	0.20677142412
5.87066604585	0.232861273592
7.74095567931	0.219177360591
5.62994632727	0.207317937444
5.68585272106	0.250308135999
0.0415710434431	0.1179028014
2.69887672529	0.214997083071
6.56794484901	0.252979671966
6.81739518742	0.257128679496
2.0206820407	0.392546357342
4.6192611968	0.233907190685
10.5187532785	0.212416761186
4.98220082476	0.227810704233
0.867030909155	0.254698435148
8.75451237801	0.226155371127
0.670654846137	0.418787361759
0.794138694761	0.354755725287
1.54206048593	0.416173566911
9.19406232287	0.205336940022
3.73497839298	0.30460554183
2.87755061022	0.182500030962
1.35534178615	0.217784678919
13.9479966881	0.18124345826
0.0388554880596	0.32543812733
0.441569015308	0.508147235969
1.770828148	0.110425403591
1.7249631112	0.287714514443
32.6916003117	0.255549929125
1.82543052976	0.156309188548
0.045850774116	0.155524654946
0.976334714059	0.335063635883
1.8185475477	0.263932318736
0.327571683264	0.368017893855
0.0304148253506	0.0961227788824
0.220444697594	0.413386949398
0.109775847017	0.1277595142
2.11493598421	0.221415587745
6.98610381624	0.209828583715
0.0439574242236	0.232608580877
0.558902265015	0.454214017831
8.69741292942	0.230382774117
16.1568956571	0.238727839362
0.0208561241213	0.205333742423
1.96957227169	0.330542505869
0.10797923525	0.287225203088
0.123244055343	0.335407464359
0.0631166543679	0.382295853589
0.700003421641	0.341603372495
3.88707330601	0.365205265481
1.84379879829	0.312723348819
2.72443913446	0.293584145662
1.53047720588	0.315842480952
0.0195148751823	0.333053372551
0.0478225788426	0.215109222726
0.0475657636534	0.140581635387
0.0497393032908	0.137432463795
8.10158903504	0.206565142076
0.0590150506353	0.151620066994
0.623352718142	0.441087644184
0.0463100224412	0.228136832281
6.58547658491	0.266102083568
2.1332709976	0.113916873707
0.37662816232	0.171315169041
0.0173483775132	0.638197815856
15.1491788331	0.264320205916
18.3469240975	0.217621252095
6.22363405322	0.233527344111
0.0226208056992	0.172984419128
13.3547980069	0.268309569263
5.59468076036	0.23115526409
0.0644979491401	0.172248154869
6.73870116499	0.221725104373
4.71400864984	0.226332258406
0.0445873860658	0.228882597822
1.84141950718	0.242033726219
3.72780586704	0.209954635287
1.25359390695	0.341726439563
5.39142370667	0.201070316419
0.0384943693603	0.166271154963
0.0230070837804	0.207871845543
0.465830566985	0.499394229159
1.05455885376	0.499198138893
7.14206888078	0.213298679394
0.0483247732268	0.223064359068
1.39564522224	0.137804676635
6.19758159898	0.207308592527
0.041588194449	0.113795750406
2.77765910012	0.258592226653
0.446347816669	0.507757674271
0.446347816669	0.507757674271
0.443407613674	0.500838597718
0.446347816669	0.507757674271
0.446774972909	0.512794541836
0.459596114058	0.506427867467
1.40051126258	0.275673612656
10.2486027435	0.244737910096
8.1020116491	0.207537679979
6.22993308368	0.187594440769
3.77938358679	0.115732974445
0.68778468636	0.437480847086
0.462660363891	0.504646613923
0.462660363891	0.504646613923
0.497341599778	0.507622504487
0.462660363891	0.504646613923
0.0126310418742	0.486767136357
1.81752815825	0.227438908819
1.53423140137	0.100015625456
0.0469055283218	0.227535683451
0.068458883416	0.187513302431
10.1900866542	0.219588231496
5.83231462641	0.242697604108
7.58220932574	0.200284719102
0.0290166258912	0.320811128618
11.695730648	0.215310324931
0.0891747721317	0.228882597822
0.139550251876	0.221955866642
6.91330666046	0.228158718402
6.65438937797	0.217400537673
8.54742971393	0.204521865189
0.0209291638954	0.155178206906
0.0319097331385	0.409278852684
1.7210907775	0.123092689467
1.23878129122	0.238944757519
1.50332127261	0.221102511546
2.65820719923	0.339331615632
3.12527548642	0.358721763252
2.19500104541	0.328329202839
13.3072081721	0.236684479815
0.439695796095	0.501830968
0.0110411360974	0.710859517958
8.09931745313	0.244673219832
43.4643747174	0.221245495573
0.0	0
1.27157745775	0.436756577893
1.06552249545	0.287772861396
0.591869507571	0.489163670984
1.68774708983	0.253355493712
2.61725544151	0.200792619014
1.04347583734	0.175483554903
14.1807240712	0.185251717412
7.1758823221	0.236390029066
2.33193159606	0.174134655563
7.11083584382	0.219406914193
1.55058568496	0.432591639113
7.55023757763	0.231585188884
2.4685402863	0.4876865112
7.7249004142	0.237423094476
1.24812931558	0.138671459682
0.0763437394481	0.192240298389
0.0	0
0.999494231072	0.486776182419
1.97701535319	0.262060606794
0.644548454674	0.247829669697
0.54333550352	0.360137976892
6.20470876432	0.177583457271
7.83808854381	0.20019877242
7.46418217542	0.213148064612
0.0151321957517	0.650894622806
0.33631813311	0.09268187147
29.3348039937	0.215230138542
0.0418888118501	0.298932427375
0.0187817937513	0.250888872723
0.639077760884	0.141493074845
6.10842037733	0.224199018609
12.7409141129	0.251226665788
10.1610503595	0.220549178108
9.30873280315	0.226132830456
7.45814495917	0.221258406469
7.21845652775	0.20834005212
6.23649157331	0.213636742226
0.414680424445	0.21522576025
0.0668066825772	0.266253886186
0.446664114109	0.508106247131
2.49153828701	0.372415829771
0.0382920842073	0.153246444586
0.446437011246	0.507704374813
0.0116786385042	0.115127167226
0.0135390133271	0.725527307667
0.156845664675	0.216415170608
0.0199445969191	0.512832182324
0.0	0
5.27529462989	0.242541567752
3.85143444729	0.178352559624
4.00048222565	0.169171479449
1.29112725373	0.353798378627
6.32114961539	0.193284988138
5.33839897824	0.200680799958
2.19008876458	0.22297598635
0.500974737017	0.445916338712
0.0411743096835	0.193591284731
2.40394936927	0.260032730603
0.519529607721	0.505742614931
0.06533690934	0.231042704976
9.58104567848	0.256536954396
6.66366249423	0.208785679968
0.0800557775237	0.260526934183
8.12904226729	0.261554134171
4.41744914837	0.2296461314
2.10796076129	0.206327775187
0.0441145404847	0.421930548912
7.97896385323	0.249166326774
0.0415122405551	0.185630632124
1.03311859619	0.506680092787
4.95817933146	0.318875624866
12.7780772194	0.215392620607
0.451598482298	0.502190238853
7.14776507029	0.205253094629
0.00505643255704	0.346530413848
0.658940607468	0.367585864038
0.19311571876	0.10761931857
11.4751195177	0.221974530723
0.0524000376236	0.186713147149
0.136517267765	0.228197474701
14.6451289795	0.250366231939
7.86341096116	0.214976238156
5.39144371827	0.192780828208
9.22487840438	0.227932346753
7.68726957466	0.240780916571
0.0516991108551	0.143113684309
0.0525453146446	0.14822543191
0.237238840716	0.0791702007195
0.0130718321119	0.342227288496
0.695089712565	0.148556978777
1.00570331903	0.315593171057
4.59352696173	0.217402538411
6.22149256801	0.216179627774
7.25295853622	0.22621449315
1.73765123869	0.291237391806
1.46699408531	0.305886436847
5.25847003953	0.198265010536
1.29827462238	0.32430309688
5.27141371977	0.205477225497
3.34568891632	0.238036901999
6.78880004043	0.210411177149
0.0	0
0.0221855119683	0.216638642879
0.00041534977465	1.0
0.000473871579846	1.0
0.897640757103	0.122790782081
0.245104677469	0.0105309979283
0.569945068732	0.245493262946
7.01939943779	0.217674710221
25.8797269111	0.23020534721
0.584303492625	0.452067502087
0.499524842223	0.46752344194
0.0574495702461	0.255723754168
4.1688153163	0.185055731093
5.04159846755	0.235945510173
8.82997928149	0.210847384894
0.0299631543361	0.218387431198
9.96293089592	0.237556791273
0.0228931002966	0.252107562275
5.26453795242	0.208930277456
0.00631233864441	0.703679250849
0.0698859678502	0.389595544276
2.99460696954	0.228321011041
3.42041117438	0.244720154809
1.92661770174	0.27236986127
0.0357023803511	0.0876847012708
7.08767574961	0.212166255403
0.0409281378947	0.162872442155
0.0563368087291	0.166039607305
0.0261363948094	0.347986726415
2.55105437374	0.335554939863
0.0530188465415	0.179796504114
5.88954339298	0.213026804876
15.0309200912	0.216744189837
0.0263057217801	0.17799321659
7.6531588906	0.239342199088
5.62142352693	0.229404086971
1.94620249897	0.297597295499
8.62768106745	0.216589599741
0.0200277546774	0.169437577427
1.27956362176	0.404897982734
0.0354174042593	0.0413960884544
0.519824305496	0.495964706227
0.0994835578158	0.427975843063
0.346484600635	0.367358081771
0.330976308347	0.38679256675
0.435412290202	0.362898336357
0.0572001277678	0.261230574663
0.0195814103278	0.245609924833
1.98631794345	0.0910321049788
1.25361738477	0.187264459934
7.55981258472	0.225635850585
8.11432273154	0.25995661921
8.64613823451	0.232409048331
0.0910144282814	0.0495272534282
0.894261595493	0.250836553419
5.6895130974	0.241611474964
0.276893927463	0.275321448986
0.945342517149	0.508008419128
0.0410070357093	0.208245588442
0.000716034712402	0.575683259787
0.0262089598233	0.192262891585
0.0891747721317	0.228882597822
3.02262846647	0.191831001977
3.00981836608	0.258006745784
2.53779928386	0.349467857521
0.0406582498819	0.191925110226
0.561322375645	0.255029256443
2.30170444548	0.21546012487
0.018603550601	0.184430636696
0.0785677944985	0.106278365041
0.781588476565	0.264976703665
0.572897036479	0.466416566269
0.561540242572	0.424866033591
8.57452317929	0.227835175658
10.4090274365	0.213609531307
7.91855255759	0.246583499402
15.3210378073	0.232521771624
10.6442338838	0.227038102197
13.1422139623	0.227486711812
0.0421416074528	0.0723027902839
0.527617544477	0.503727291514
8.45632225234	0.2104984247
13.6274771241	0.236573580988
1.61649288332	0.392989439165
0.62103677887	0.263024998768
0.174388311025	0.28631696662
4.23196747737	0.233802850285
0.473923105357	0.503780614752
0.0562503137353	0.129931599129
1.6343253516	0.327454819865
4.43149667103	0.156594450248
0.0914839574845	0.235257585854
0.0	0
0.465047227379	0.485215857893
0.447144797224	0.493039888042
3.52537990022	0.354256137924
0.811803849439	0.278481986957
1.27212517362	0.469931463518
2.80663690278	0.184748073705
0.444949306323	0.496915833831
0.447144797224	0.493039888042
3.64744354852	0.114471644558
0.034708808801	0.0383551927031
0.247459997129	0.312275937444
7.07930406944	0.216811144759
2.97738849604	0.453211342049
0.0626431592204	0.16006380626
0.518286096087	0.50692166321
0.552128136376	0.478911734618
10.206902386	0.229770082162
2.24547488032	0.228581430948
2.7390804118	0.164480316068
17.4235316083	0.23004064444
8.26946955263	0.252292980211
6.12745277159	0.270893553716
0.998920141115	0.27842214362
0.0154354233484	0.40116389779
4.10833047361	0.224192188431
1.85811179911	0.15626463688
3.02073688666	0.193324753623
0.181832575459	0.161341959361
3.44527980698	0.240838089708
0.557955889522	0.445656018379
5.66476848398	0.190940200163
5.51268329164	0.211337354376
1.90028682452	0.257948441822
2.11806646033	0.239754637337
7.70795731409	0.233986355778
14.8300158532	0.19502970068
11.527355576	0.217130692501
10.9813563555	0.234868095331
7.48844965058	0.241207183247
5.49252067301	0.206206032767
8.83960569795	0.208959078663
3.64082969348	0.249523947118
7.24474098056	0.251541918694
12.7959816032	0.218808405422
1.51604384713	0.165149320808
7.94409922915	0.223969489567
6.35882200081	0.27105806862
0.922652668385	0.20610198338
1.06142304911	0.296532516849
0.937424648262	0.262076571858
0.526029946954	0.441828711601
0.345199102389	0.30543872133
1.93434683603	0.206024078197
0.0	0
7.60743524525	0.18589223698
0.531986438933	0.456644771141
9.61147571709	0.213099675998
6.79311281877	0.214654556634
0.00922783516957	0.155075768092
0.687284567795	0.314677164068
1.13774098056	0.265231999525
0.439131416883	0.203690215036
0.222095816808	0.263502940312
2.39929885084	0.21902417545
5.55355835766	0.202522683183
2.5899980186	0.206286338418
1.04895246858	0.288728035543
4.36905959991	0.193527174621
0.518890071192	0.497325339134
2.37622235649	0.209963742621
2.09992245503	0.239208000041
2.60454494562	0.194465436843
4.00364736832	0.158190234013
0.12964902414	0.545040882698
0.0162922824557	0.654692068186
0.00534252701879	0.793219891446
0.46002843308	0.506276518317
2.38072858329	0.226056697954
0.0208771258618	0.0874143506584
4.16088012058	0.33117510193
0.0280603638393	0.189604390107
0.0304056698038	0.191699912802
0.0230529548773	0.192510829062
2.31961250728	0.192595619322
2.50835214465	0.305985465987
2.17893533643	0.21906938504
4.994488898	0.227579518661
6.88375221331	0.233127201715
0.0	0
0.0437165522812	0.0156251688713
0.0735610619216	0.146669522816
0.00860946028898	0.340359023281
5.60136499414	0.208024771213
0.446119261673	0.460973337247
0.0191743857637	0.226825650034
0.0393931296475	0.363281614674
0.105263470291	0.0974502684576
0.0483513737721	0.088345842415
0.086313246449	0.255038654659
8.27416053996	0.20331846121
13.2207513473	0.257967122731
0.00143989603678	0.892970908786
0.0220563202243	0.275539944638
0.105048882063	0.375124119011
0.15414503448	0.200333082264
0.0207223327527	0.214921850496
5.51655882654	0.238792496604
8.04449743689	0.193236407867
0.0197100299719	0.32476399725
1.19691969176	0.361682877935
3.21505304773	0.243073102592
39.8190962645	0.22989368508
38.2153452699	0.245711726132
39.5450752303	0.225005651415
1.01267114836	0.473771754819
0.262148397147	0.143315491034
34.93739137	0.246214441154
50.0	0.239425250603
0.0238863660152	0.229707829253
7.93410464887	0.298777127341
2.28572552464	0.13359851534
1.67953576375	0.267661510197
2.35618898744	0.108684164557
3.75347320056	0.172169726106
0.352781258209	0.246537154247
9.98476455019	0.24090177045
2.6508381829	0.268271915785
6.02650775876	0.240772697022
14.903402446	0.238643076497
0.0244023774005	0.323018898566
3.26993443648	0.17541993268
5.84383627278	0.219708216596
1.41745176032	0.500534916288
0.592103001922	0.496089160919
0.497355141653	0.47349834892
22.6026197849	0.228296548152
3.03308118592	0.184696769735
6.73324966739	0.225205146865
1.06059868553	0.199221529597
1.34910267149	0.341784163942
0.161125415748	0.232206533951
4.37698292029	0.225976959935
0.0	0
0.0207562111622	0.380900928466
2.32379939519	0.218753689528
1.06318559257	0.279946279669
0.577031360583	0.291798355982
0.0430532178254	0.239901562361
0.111171900226	0.385779293251
0.0	0
0.48604012339	0.496174407834
0.443030691052	0.50194158608
2.10663321103	0.319578870154
8.53648761582	0.222101033371
1.11893435535	0.484619628928
11.1290141004	0.203718769273
6.5038766072	0.247632228545
15.4411213799	0.212586137802
0.0201643139282	0.26006703089
0.0493621831129	0.220512997008
0.0350323863673	0.372811815202
10.0515919817	0.237106667949
0.026189454298	0.28868021377
0.715391716092	0.239877120802
0.124799741798	0.28008315241
6.44733965093	0.211675404092
5.91155960666	0.195978020172
0.0290025902945	0.111945104261
1.12299595445	0.310732484559
1.95719518652	0.111144583117
0.484905793602	0.456429025883
0.12240901245	0.146960856596
3.88416552541	0.237448212654
5.30042786862	0.250385096808
8.1076235657	0.210484561311
0.0741250845058	0.251433297299
0.0815018092641	0.244227786317
0.0551960375518	0.154044649834
3.47047168214	0.249376727263
0.131311486436	0.250530452022
0.0729638398568	0.0143038183573
5.41499735332	0.30332704916
1.86277423068	0.292107220861
0.887840037099	0.126979320247
0.0532781020199	0.243207640632
2.79856171612	0.26732231529
2.85867314148	0.256017961754
0.044907623634	0.312330543147
1.51343734367	0.245408760469
0.715297354871	0.296159915694
0.027218158196	0.23068891487
2.0427734702	0.168820173754
1.97811635215	0.17424438199
0.132442260281	0.122085931014
1.66654361214	0.113207849643
1.38018077286	0.15971693937
2.65757215434	0.320089182535
3.55695212567	0.200781857622
1.52519842439	0.176508849278
10.26062444	0.219213329413
0.195392165718	0.286053608443
24.8066917973	0.227328308416
4.59927018325	0.185361549368
3.1574844187	0.286732342014
9.35154267992	0.26718577755
7.71893821361	0.246540157592
7.73980105035	0.222444862476
0.0224537391518	0.194734893292
7.78426932251	0.225524320331
0.395636975971	0.321413287659
1.92842370767	0.0896556100125
0.645352618264	0.40423744213
0.063176848691	0.226701298005
2.62546583651	0.310219541312
0.314825085247	0.192812898618
1.07032428156	0.248423767539
0.0622241625723	0.182580020654
0.0835436616188	0.20352974628
7.36178709222	0.235166675004
0.0308514673852	0.0754748093572
0.0315531298243	0.191699912802
6.0641187951	0.208015925264
0.862233989037	0.219188911183
5.6509829027	0.213530440064
0.0883794963298	0.24785132177
0.0390149487718	0.48362245371
0.496360824222	0.491482656908
0.640815375437	0.505340404985
1.13789880294	0.285730924157
0.751706319204	0.414666981828
3.94371514414	0.247787922555
0.462939843012	0.51231790846
0.0673569967036	0.106812172994
7.7085611206	0.228180975584
8.30664009401	0.19133552088
6.82963781947	0.19749902245
0.39475926351	0.161697408944
0.023938573413	0.640415583298
0.389343427982	0.310501470129
0.0194632523905	0.147988319198
12.396465584	0.232927859373
0.0	0
0.571235802088	0.335777949284
0.939796794658	0.170996005849
0.82215661059	0.409846779837
2.93260099988	0.243181004247
0.018133578786	0.154601544887
0.0268373076169	0.380790914083
0.535516491381	0.46847390469
6.6295763503	0.183557204773
0.0412568295149	0.255054178035
3.28998790088	0.208854466131
16.7253363795	0.219978539061
1.97427409997	0.195387842963
0.0442973055949	0.26235779574
0.422022636793	0.316092702127
0.0498074601234	0.413498715566
24.5764955909	0.236744449175
1.8040125766	0.138941866679
6.64212924245	0.218761372746
0.559702712906	0.451664296759
1.24289829224	0.250942161069
2.96290646864	0.270191642165
2.44913073263	0.213504532857
0.0260070829581	0.241526314305
0.0509076260748	0.366680279874
0.309845395707	0.388813616388
0.791027078887	0.265127835525
1.15229836832	0.17140144812
1.30129447894	0.367663228449
1.19781285823	0.278617373296
0.031992166939	0.0920548974952
1.42283530681	0.231816189579
0.0	0
0.0411465685412	0.308421946644
0.0666599044227	0.218158094266
17.0432068267	0.217337737872
6.67533013036	0.228941283455
12.3912802578	0.216334959765
6.91887476868	0.214604711259
0.041201866003	0.19138027274
0.0459860282454	0.253579126783
1.79749626393	0.213282704875
9.77734158289	0.234143836716
6.34216481773	0.255752952425
0.159177914338	0.728078978112
0.203751299098	0.237772653414
2.8597180984	0.2332497472
2.73876523563	0.285456896616
1.96597676371	0.167189808215
0.174588293598	0.235292162458
0.0373052409063	0.107735089178
8.13858899298	0.236291965867
3.04367373583	0.0960967945108
7.31955814665	0.239669439093
5.69848306107	0.35608625789
0.500057082858	0.490882974891
0.551043313786	0.518650403771
8.53001358379	0.219669659165
0.973825497563	0.508962278645
0.534458483439	0.462412397641
5.80368227765	0.198723443907
6.3417585994	0.216387226542
6.48757413498	0.195615764047
0.747044152542	0.4210416569
2.71798458033	0.225641088342
16.2849392878	0.228435379932
7.97934852109	0.256094718481
0.0	0
2.42700123761	0.17846948893
3.70899223919	0.243818923
2.47686488881	0.210413611127
3.97579039423	0.122226867044
1.91766770911	0.237068912465
0.335591986915	0.312854263231
1.46345386348	0.498405470893
6.56647763035	0.13218367305
4.34831089228	0.250398690168
7.97015323429	0.178985528768
2.27784488597	0.427856692179
3.63803653098	0.221281668126
4.97106630195	0.162322748484
3.86614423505	0.190653237476
0.681341980638	0.362899811961
2.53894848975	0.252030804407
3.24051087218	0.331812496701
0.0608386740928	0.175728631765
2.06090550283	0.244454747339
0.506468504598	0.455179908279
0.494303967862	0.495246318109
0.0704322282467	0.0995359546812
0.451882959275	0.490749563841
6.56396164545	0.245284577097
0.0658905605782	0.174365411221
4.23408749633	0.334690397674
2.70055952444	0.300388730504
7.24336478557	0.241618429284
8.38442965324	0.228041914743
0.42575195949	0.248745762944
0.640635354113	0.459491954395
1.2373692922	0.128948633717
11.9269151702	0.228712260689
2.96486078404	0.193787195114
6.13904171317	0.214303439952
0.0113520474669	0.550845985574
0.466550532297	0.506103800197
0.107194631527	0.593435567591
0.0635914436072	0.121161052027
1.70324795878	0.236197950677
0.0642856097097	0.225425036145
2.68800669632	0.132527534691
0.367093521587	0.509042208384
2.25488876135	0.187936539128
1.22903284059	0.330023915666
2.16976937664	0.182979891012
0.4631922499	0.507757674271
1.18334791398	0.328239035341
2.64454479472	0.203354496684
0.467049730756	0.209613434335
0.136673591175	0.229814906184
0.181826066607	0.338259620953
0.0388806702448	0.240568014944
9.71229710565	0.211652908744
3.21563634919	0.282600368534
5.569862843	0.352434530416
8.49666561787	0.218024632352
1.07728800903	0.363335992093
0.408535889821	0.73535927067
0.0214048962602	0.166208941511
0.0217621075597	0.233405237643
0.0	0
0.0189131596302	0.434105054092
0.0332689858595	0.14557089569
2.00765240168	0.241138779413
0.0689017387871	0.280455758211
0.0453646435031	0.302393171314
0.0423895379916	0.192740919065
0.00156616739953	0.54671877109
2.17669618321	0.283407851415
0.227911626156	0.0797664615403
0.0904444932121	0.126266176516
0.0289048256199	0.512522611275
2.23587175072	0.214589116517
0.0149010272596	0.939902407737
0.0087155263086	0.897250512609
0.958481344371	0.468140096523
0.727624371283	0.532286307082
0.805718061353	0.121461181606
0.800404478214	0.121805123654
0.514436113403	0.470163933491
0.514436113403	0.470163933491
0.0214133758916	0.159211323672
0.0725190915996	0.300998585182
0.195334307972	0.472349273244
0.0376556794298	0.248500471443
1.61740314967	0.206634324143
0.0400624929674	0.124422797331
0.0505773646894	0.311922572174
0.0204270783975	0.0750005296916
2.40732887738	0.13489432138
0.0435356848274	0.184909513252
0.016811011912	0.244418481197
0.191963728199	0.249858120673
0.044658927292	0.182265144549
0.64605370764	0.491041627872
0.0601002370391	0.361466337632
0.0418349472196	0.230481389386
0.469363381756	0.500594842079
0.804778147759	0.363592194267
13.3996921619	0.255489207679
0.473063146851	0.530930779892
0.010604687576	0.191750208563
1.45131255996	0.237723782534
16.6401697557	0.213205693546
20.5420762242	0.202868238888
0.0216096731217	0.248862078888
6.4548347865	0.194143138267
6.08460276551	0.18345183137
17.7101745529	0.222159078093
0.118069961286	0.217465676186
1.06101943585	0.280773729496
0.830931665398	0.30374572179
0.00726198638669	0.252048645243
0.201307018319	0.27752317142
0.200263578382	0.187505243137
0.0391681933398	0.125822544779
0.206359737616	0.399140214245
0.00858773608742	0.596389003873
0.349160157727	0.237262102879
0.0854703231242	0.434270679647
0.585276178214	0.471447843273
0.0	0
7.11987171825	0.192777677298
0.612558224787	0.184267777212
1.17573830705	0.275227569644
6.75100620932	0.219274932099
0.017555295139	0.489232295911
0.73146049278	0.456932335962
0.031718963461	0.394835030715
0.561900560797	0.520707005004
8.67147976317	0.221015302536
0.065393400826	0.217493761968
8.03379675962	0.226623435416
10.8559550263	0.215439219007
2.11010692957	0.185010879028
7.75448972401	0.241920780764
0.112223131267	0.27801823998
9.26141199696	0.222072484411
8.43160248253	0.245216491822
9.33079199947	0.208883397665
9.17374839705	0.23188210389
5.18992154998	0.238590675421
0.0385470910134	0.209746721609
0.0533130914524	0.37930339704
0.0548516008448	0.379838166655
0.0357972280908	0.0459327215081
4.7304458678	0.198257970101
7.19141060783	0.172307244528
0.179365079084	0.222062765434
0.326136086835	0.103018291769
1.78922996331	0.319407840618
0.550980191195	0.0901726022529
5.04450985076	0.224268564483
5.37737355261	0.228117198934
6.46111906946	0.224739213227
1.88863783294	0.201842693949
5.9278942759	0.221974398129
6.66067883533	0.209352480408
1.91603025805	0.170693233539
1.85418736757	0.269118373204
0.0226923531127	0.157435273283
10.2467199647	0.260954907813
6.31154200561	0.241467330346
0.485094816106	0.500430112118
0.468667530447	0.498969746725
0.0800591464022	0.390372058613
0.671761662751	0.227577503341
0.591835535335	0.237694018879
8.28319558421	0.276818805513
1.4918154453	0.117998127703
0.514950278785	0.337679713945
6.60155431975	0.214206427693
0.0171196469927	0.0270535013854
1.53802632654	0.0107755228397
0.0174757399735	0.178749390191
4.2683921881	0.150418096598
1.53974209088	0.297025062547
0.0145037544166	0.168593472525
0.0486564370103	0.587186760597
6.81009539732	0.22262101184
1.53796999224	0.305520239203
3.18719694791	0.222510373271
5.89649548828	0.222774183792
0.0323538082214	0.281613703796
10.3320553567	0.212536009894
0.0330547965775	0.448991587324
2.1627445262	0.214622525741
7.27906345626	0.243755123274
1.02364910369	0.414001002098
1.60802096484	0.144039509856
0.463520483886	0.508106247131
0.463520483886	0.508106247131
0.926712733786	0.507932022432
0.463520483886	0.508106247131
13.4738443096	0.206363284632
8.32174911801	0.254639259648
7.25690456756	0.177189638889
0.00194394337651	1.0
6.76803617656	0.284207311826
22.7618665855	0.222534686554
5.09964079415	0.24298164156
1.91023063944	0.432364173094
7.01010459399	0.292034394845
6.93519563779	0.237525756094
0.991748153287	0.498170714335
0.643159398265	0.419912952527
0.0572522342588	0.166698213648
0.043461762485	0.212480646715
0.0220384567563	0.158852282061
0.0415202876509	0.195252025818
0.157809523265	0.194038752409
2.4122328088	0.204124805404
14.3178849853	0.225532279607
0.370344352669	0.212380561195
0.0	0
0.293196870776	0.54887543129
1.40676857814	0.290846047493
2.09926954321	0.270793981102
5.84522959668	0.225954862673
2.87859267674	0.267369165851
1.22099512822	0.184495676261
3.35681370493	0.29396468708
0.12519452137	0.345783865458
0.0466229612201	0.165176605624
0.0958567789753	0.322915582496
0.00157875337008	0.29546169749
1.91694243012	0.203443773409
0.125285634881	0.35190863268
3.76442008304	0.21545391199
0.175761941794	0.174164881986
0.00437068564919	0.192926917514
0.0384099079562	0.27568051297
0.0392992869823	0.146857095392
5.23473133369	0.21832753425
0.0192735455067	0.209746721609
0.000660373323068	0.792798178305
0.0390149487718	0.48362245371
0.0811203825203	0.335822682007
3.56745693027	0.137794385419
0.035145362233	0.0498386340501
7.14512442626	0.221458261027
3.84760035625	0.224904781218
2.34296743333	0.216395448066
6.03896055242	0.240656456825
4.72557554868	0.228141669507
0.0239964795995	0.352297584612
4.56384530448	0.158207203746
0.0431886868149	0.190728227849
0.00620526064537	0.525854890741
3.57037375634	0.315409341381
0.0824942786266	0.252131947712
1.32147845262	0.240556247203
15.0978603591	0.187299488501
0.0785233962102	0.0929612620018
0.287261880154	0.163307674178
0.00146813989315	1.0
0.0224600790343	0.292011007229
25.3698085658	0.239210812253
0.00933163795098	1.0
0.470380910721	0.519298249948
0.668108340335	0.143442671989
9.7406280931	0.203402409489
10.2001889086	0.181199911965
10.1055177269	0.199870296141
3.56681944896	0.159594800108
0.483483764431	0.321407031377
0.503747239696	0.350580663004
0.0121073345292	0.424858750991
0.0	0
50.0	0.210594198115
19.2724696296	0.23575674288
19.53126758	0.237115729285
1.05542634737	0.413368252324
2.59127333918	0.240438021001
2.43633252153	0.238496182412
42.559988085	0.232309568388
37.1132763789	0.224739042701
0.130513992124	0.381499951466
0.072285539698	0.408203529967
0.0251101755308	0.290038988501
0.0943941700431	0.257565536601
4.78637466134	0.211741520448
0.0307844135148	0.241937832201
0.513516950704	0.480109977137
0.471708788433	0.521950238083
0.974355204288	0.506093262495
7.22641669523	0.160701460408
0.0505841214438	0.0704549614853
7.92045060968	0.201772194793
4.43889008466	0.237229755
5.2300464349	0.227738842185
6.46346164212	0.221921894627
0.0222208042227	0.259643695863
6.9156346811	0.219567149902
2.84076892416	0.205902780258
4.54451661632	0.243871659118
1.41742407853	0.334704534794
0.531485699272	0.455389738413
6.43303986067	0.177921654563
1.11438804211	0.361391003004
0.0863207428396	0.203076205273
1.52679958442	0.324247612313
0.284002049572	0.337407840541
0.692868060844	0.400810788137
0.0470045665792	0.146190804827
0.591435140609	0.445737177732
0.0918879128277	0.210671701816
0.0326552371214	0.11569749411
0.044782164506	0.310696913891
0.539837041122	0.369072199088
1.21262544389	0.229269929609
8.66418306015	0.218617309054
7.53415601195	0.198610755495
11.0708885179	0.17460241589
6.65004931306	0.237710580691
9.2154749254	0.225106474656
1.07609691017	0.315489073587
9.76436264152	0.19827490001
12.1297443893	0.230635612504
15.5874702036	0.24026301917
0.0778027348739	0.156586760031
0.0723676740274	0.31399963763
1.18819514417	0.32643462114
10.301644951	0.223022296177
2.06016717236	0.0819230019134
0.0432421943309	0.201858280978
0.0906154712963	0.341231398388
0.0448044638663	0.160351286792
0.106636894665	0.296099027902
0.104903536457	0.255512342686
0.114263866273	0.0632257611155
0.033637890304	0.192444777979
7.84859212879	0.200984364245
7.39292008449	0.171385055512
0.000232244453472	1.0
0.266971729995	0.234132577356
0.0828338533131	0.275439123649
0.0351468704906	0.263970128447
0.0146210719596	0.421276391125
2.54059119091	0.133713936532
0.0	0
7.60605716471	0.234100471468
8.2140113192	0.227974691712
9.36267678222	0.23188922773
0.064956504558	0.169564904167
13.4735631189	0.211378418471
0.0693465086619	0.279199251914
0.064956504558	0.169564904167
4.02521775241	0.220543448336
0.0459195402162	0.157685133839
0.651138715222	0.422782709687
0.0225645621534	0.164799012501
0.0675636023567	0.191414615079
0.00127952132501	1.0
0.204925063038	0.159454161711
13.1696502788	0.210971581068
0.869586381098	0.408069120428
0.0502184595676	0.234688236168
0.0527108764453	0.383176338457
29.7761763448	0.215925112505
0.465759878373	0.500838597718
8.93651113029	0.253253629405
5.86530798202	0.26634703671
1.38404816967	0.291276736382
5.97590165091	0.189476307466
3.61119867742	0.302000695277
10.4189745477	0.23064134599
6.36049547568	0.253455601164
7.26392968269	0.246269260542
0.00137972132725	0.275333146038
3.82657975782	0.170499678328
0.578442084428	0.181966193236
0.457433992912	0.243116596383
1.50869813106	0.30137212547
0.39000897641	0.366019958535
0.410418552075	0.331871383536
0.0902271782861	0.335536864147
0.541489974848	0.46674133224
2.93466712706	0.119485523186
0.454870337816	0.454089406811
0.041943354338	0.426320634672
7.49710467578	0.27540557467
0.0409466740743	0.230203832962
0.577667334624	0.292754144849
0.0220585678987	0.178217794285
0.0217151928565	0.176568627245
0.0196254977269	0.360504952966
0.341319732785	0.158357826836
2.00600990299	0.283709661168
3.00757183334	0.171582936191
0.0228483067031	0.566458981689
0.565364983715	0.479679545552
0.568527632212	0.482574023515
7.14301556993	0.221462847655
9.37331233498	0.234479309753
4.36588576779	0.289498793888
24.67680314	0.215499762608
10.2388931645	0.209939039974
0.00938045390944	0.675163017728
9.708153196	0.212559248244
0.0866741095148	0.221333861969
0.209857443134	0.157187689251
0.237398678405	0.20552491625
6.97759852609	0.219325836068
0.0	0
10.4410687078	0.24166377261
3.08341744327	0.207501055996
0.575876499309	0.213188832859
8.14373917541	0.217039704955
5.29404575408	0.380117695663
0.0467767363017	0.27296143716
0.0392187733382	0.507514489264
2.40439071048	0.193537677943
2.4014219185	0.181697384821
0.00132701726564	0.455506898667
0.0905212650103	0.175287583361
0.0224277988852	0.180819544638
3.74755150164	0.252247521986
22.3242604845	0.217487829092
2.87729726347	0.267110804939
18.9374579855	0.268938624917
23.2949436	0.223864206765
15.0410876931	0.205575713283
7.4628409199	0.233995402738
0.523923217776	0.229687090083
0.0236974548256	0.122843402789
9.38182581091	0.202304731422
3.70876872486	0.275840854686
15.4592215921	0.19415541232
0.42348020689	0.236401948673
0.12272455153	0.146117044675
3.96361336901	0.212570009381
0.218727898594	0.445151378877
3.48638895754	0.211556735737
4.44939811365	0.225731620037
1.19809337527	0.176990067043
4.52122600005	0.220659413716
0.990723433021	0.254637269732
5.12475819748	0.246192124384
1.36410731349	0.263048923006
0.808540131428	0.315635543026
1.66605360676	0.120548272038
0.032677749311	0.116306703316
0.315664705531	0.362823786093
0.361079881104	0.334410573572
0.512911101749	0.312003370088
11.8576666124	0.223377626027
0.940202077195	0.493951441842
0.16096177653	0.308972882949
2.53497060224	0.142952551583
0.175142633904	0.426500328279
0.851309182687	0.255897210091
1.06971669732	0.235047788585
0.530760744794	0.220297950668
6.529771095	0.211147031245
1.49091511474	0.319226195828
2.7116946461	0.616496530672
0.0533160472333	0.229953081767
1.31429849793	0.424198102437
0.199941461414	0.310378301244
4.53596032263	0.222746514811
0.0675636023567	0.191414615079
0.0210617874788	0.241439452682
0.0431457773126	0.208733011643
1.63445848535	0.233904009623
8.38821422624	0.218763204326
0.241960010078	0.433762282675
0.0742537944085	0.21338234058
1.60299045777	0.181055938664
0.0339100616024	0.163820145727
8.31730409058	0.240492193284
8.25234873267	0.241786786631
0.0330594653923	0.0710315164096
19.5881996544	0.223713571968
1.45918910893	0.313540928898
2.94465035636	0.188834379645
1.91071432101	0.233699576957
2.61642060692	0.223213473601
0.18017939551	0.326423469641
0.541290602566	0.478258608379
1.21824091314	0.36122250938
7.65375253255	0.226513718513
1.12165072384	0.44448429881
4.37377113205	0.223394877446
0.00659699463748	0.0494450706763
13.3968217137	0.247777456916
0.819629376011	0.264611828485
0.035253868592	0.0689211408132
0.437046335818	0.286971718526
0.0640177917719	0.320266388462
0.0486744883589	0.253856926124
0.0907970294142	0.409078465641
0.0715915376799	0.32946366547
0.0325499166345	0.0779593909221
0.0490667020591	0.236608096412
0.615617504715	0.258163171072
6.5196140696	0.275251729948
0.0480281888557	0.226767574029
2.93802137027	0.195091906972
0.493198131179	0.498320313293
0.742679250936	0.341948357417
3.17621677971	0.233664627402
1.82753370088	0.019884596073
0.570197391211	0.0678257096345
0.573307371099	0.0924130689641
0.611169991111	0.0902081584404
0.03782164361	0.091538219467
0.01537205554	0.2764000609
1.78154372998	0.23092228994
4.01365078039	0.222080648501
0.5613884233	0.521325452579
0.0292180187956	0.14486745802
5.71289878293	0.190067335452
0.0248691069031	0.400721387781
0.154182979629	0.255905014935
5.87556201798	0.207387443935
4.96420967169	0.217717765627
5.56510593472	0.224798383181
4.80510243082	0.211118367434
0.135276629388	0.219225535547
2.24192509198	0.236006851205
4.34974690197	0.192773868403
8.47225958322	0.225954752237
0.626417817563	0.434993552633
0.077172084768	0.34093741361
5.66225620674	0.222521614942
0.0045863707318	0.395456830733
0.0437241771848	0.234707319109
0.0	0
0.616500184313	0.441711411822
0.0	0
0.0665482074936	0.290421515251
0.103637358851	0.149028551055
0.0472892094082	0.176261980701
6.01762629551	0.257241937119
0.107153291593	0.232944818403
7.94274448743	0.204075278584
0.054008203669	0.329180367852
0.0292296494346	0.370848450265
1.44238319976	0.322596532179
2.21253001073	0.242417391251
0.00122118869503	1.0
0.0204301556405	0.159042945057
0.0318900261472	0.136472862681
2.44412025526	0.204020448481
0.0818569924929	0.0856030381234
0.976275583296	0.390435922774
19.416915357	0.214443430519
0.0663302311211	0.177242771318
0.0534945871026	0.0598814567944
17.54176421	0.235154423113
0.15705606931	0.348803214895
0.0295257184145	0.16560226238
3.26574979731	0.361471675446
4.08651221193	0.222377406425
2.38233223441	0.227825576336
0.0	0
1.80114774221	0.361840074604
0.0363014469778	0.59864768096
0.160680720546	0.386975688747
0.0206782258112	0.148426139006
0.186239714709	0.090451254804
1.83023805767	0.274597344881
0.0234266116406	0.262901024313
4.73815676803	0.218053696335
1.30595455933	0.34066614287
4.73993942518	0.21991430872
5.32989382641	0.232657649145
0.0	0
8.042949213	0.233736326117
0.045003091308	0.218885089102
1.55576750599	0.237303011358
10.8087886797	0.208325943376
0.178064383819	0.269518528117
0.215018428673	0.17260861856
0.0944662334533	0.0661313257901
4.91609673715	0.19498114958
0.2873729019	0.230112145147
0.0456676317633	0.162230969462
5.76067713635	0.214987624565
3.18681268302	0.287763870557
3.93006909021	0.209171268625
2.71962304178	0.0858083222468
9.3504078739	0.0608707622287
10.6738977914	0.0761041780752
7.47892284283	0.215717534013
0.0219603136409	0.269745022932
7.81280642867	0.198963976049
0.0456074452002	0.153564306609
1.51632503065	0.238316680992
0.0204330883359	0.380415473539
2.40319820505	0.203577154392
0.0225645621534	0.164799012501
0.12447262435	0.352118239959
6.34183316639	0.31470566758
1.63512662196	0.317535247336
0.0608519883531	0.239215680095
0.476124739245	0.519298249948
1.52976462999	0.455611600511
0.614385890411	0.456581455237
0.476124739245	0.519298249948
1.13504563476	0.429514513474
0.505620419152	0.497497769974
1.89157801015	0.490666076858
0.481896155849	0.495224950852
2.17323654481	0.376278079124
0.695004384889	0.277555420666
2.43302174102	0.228698944524
0.0665996867207	0.220159822605
0.626675755205	0.445984237157
2.21117772893	0.120022869277
0.027504717909	0.278796696525
1.58090033031	0.230187591081
0.000719458380885	0.164762914365
0.0229716083599	0.155156958955
8.6026398222	0.224993289696
1.24570816325	0.249134666905
0.0636849717354	0.17240228853
2.24819959725	0.215318503684
3.32612723413	0.228930901203
7.66637880936	0.222739281547
0.929447957225	0.414492192306
10.1021653095	0.209101866117
9.80262953045	0.193260028346
14.7835787705	0.186267109668
10.2483345979	0.215402938924
16.3918510564	0.190496318189
0.024819312582	0.264340965395
26.9093957332	0.231360082118
0.517100643276	0.481888512696
0.044597134306	0.137255305762
0.0113314796708	0.664454307563
1.61907198744	0.267556734195
2.49664553088	0.193430713035
0.0219751117167	0.250871543394
10.4330480556	0.223514018818
8.16444394253	0.207271631672
3.11102910936	0.196594181236
3.22980814153	0.186365634286
0.0688264914994	0.24288850361
5.03529143314	0.238913270078
8.04079793228	0.197611737654
5.60204330977	0.22490538918
5.73840229995	0.240445943974
9.33471090979	0.214910467126
5.10173622621	0.218010047811
2.75759217052	0.217796683744
1.02420475422	0.464563677549
0.0302393260067	0.0744179540364
0.00768508202301	0.501857816367
0.0258995992657	0.313524278945
1.41714331993	0.483946245312
0.474247552587	0.504686473743
0.0600061975582	0.25974612451
0.947038267717	0.107173424426
0.0225458517276	0.441900622629
9.89015298328	0.237249961717
0.00734648944055	0.457079268085
0.519197396278	0.474569778512
4.52671335921	0.279624791225
4.99144622659	0.268478028164
4.97479032727	0.260707515566
0.0856030497192	0.218881849151
5.44515280905	0.202192370267
0.040296658354	0.109265844523
0.0516748859298	0.247720900865
0.0608805808622	0.370876566345
0.512777861705	0.53211095469
5.2248062874	0.234083582328
9.73601518968	0.211590956504
3.68096438347	0.244307278838
4.02546844443	0.185839615602
5.28372896723	0.185386464751
6.66038345509	0.199489603468
3.88956526192	0.245824329364
4.46718583517	0.218305330378
0.47565584552	0.321152866193
0.316294691059	0.390853509149
0.324985073028	0.354663730105
0.915601666376	0.185769549928
0.443103992538	0.331617032399
0.00757115749585	0.885531950816
0.0672569679406	0.369679497987
3.80282276876	0.342140744471
21.7535246681	0.260359997157
13.6271151615	0.230896370901
0.6802249483	0.438132716151
7.29112112982	0.238892431371
0.0376263296631	0.311013194412
0.0702738651952	0.234936508856
0.38344764781	0.351480685465
0.406936913397	0.361628937587
0.389351031664	0.359931185159
0.404701250024	0.344552728764
0.53998123053	0.492794514007
8.08549339377	0.236030912827
0.482652819115	0.450933535875
0.0	0
0.0981428292477	0.338481496178
0.115693677178	0.229142353003
0.239167210214	0.290066466507
0.00513924746966	0.553609999579
1.84179147402	0.294574299808
0.00500164330563	0.653451645527
0.0172428801961	0.100951562054
0.500531699432	0.509410670894
0.0342139907566	0.0868342253352
0.0959859595698	0.0691946120791
23.2909914996	0.213578769879
0.0402938811101	0.298999360658
10.7832624669	0.221565930914
0.810670701686	0.0460370770609
0.42573655666	0.203895612457
6.21186048722	0.24905475199
0.0682787456781	0.239258031194
0.016292105892	0.220953440767
0.0513555744504	0.255444959499
0.0472280431921	0.115152263694
6.70599426598	0.191819542999
0.0430220572884	0.753145069233
0.294440782938	0.378200289847
1.03201301581	0.128703257848
0.734026056126	0.293580987478
0.112595091081	0.148317986539
0.53409332811	0.474996514528
0.312572336416	0.297750694043
0.162063156532	0.327424906371
0.18137484407	0.314139196082
0.53552821775	0.475335325373
7.20527820497	0.210228005163
6.36777204778	0.196988297806
0.478542912225	0.509077913624
0.530164071661	0.470326724916
0.501246538111	0.529066810551
0.504246456802	0.510410868667
0.505620419152	0.497497769974
0.476124739245	0.519298249948
0.500205446924	0.505641948112
0.0	0
8.79197608116	0.247717994359
0.801114512307	0.396059043331
0.219223634169	0.25496245579
23.5003761084	0.228093990814
1.11647577174	0.483677542129
1.83773808863	0.23323844996
1.58051526307	0.169387016292
5.02386686762	0.217651422475
0.0678758194388	0.398435101703
32.758480773	0.232214244036
0.0339580823234	0.560116874009
1.54306738373	0.181003061359
1.50916605126	0.288428999504
0.0343217264679	0.0218321603807
5.59588320168	0.232987166458
6.12404783978	0.208320771074
7.18806330493	0.197048072883
7.86458744258	0.218831639082
0.0197258344028	0.101624131651
0.0513031885906	0.246960406507
6.53308190259	0.21025457731
5.3326024753	0.203637600686
0.0422819072769	0.20352974628
0.0338246628073	0.534121977504
0.0566570196425	0.18043369196
6.35120623789	0.229847884589
14.4697914551	0.21161643687
0.00112510135658	0.44015511667
1.6249505763	0.104610625086
0.0420466696152	0.36793787522
10.3246823181	0.215853193835
2.63578901949	0.241458482365
6.44694679838	0.171868288388
4.90211542649	0.163637718887
6.46929719216	0.150765054206
1.85844833632	0.23170655617
8.53097773163	0.213743866222
7.44672160849	0.243093328201
15.0163110521	0.239245975483
4.25141458044	0.216120752386
7.59705859691	0.220258871278
0.106441324066	0.404644888246
11.2604623265	0.232235417857
1.49221806215	0.0682573020444
0.0509847952153	0.23888664331
0.0	0
0.0299815145975	0.0271058544592
0.0497856200174	0.40598329854
0.501988252026	0.497210253007
0.617774193912	0.446338988107
0.0364919304755	0.167059375121
2.75237795203	0.19287220504
2.0659463845	0.127221262072
2.86648194294	0.32006283233
0.729898297448	0.262370412292
0.623731920839	0.428586386567
0.0197703204413	0.198352435677
7.80514271026	0.204328386606
1.51822123441	0.313222332593
6.92332970876	0.228202634906
0.0193953763789	0.171071437289
9.2188881052	0.216511961559
2.38195229298	0.22307563329
0.0220240056692	0.193933133974
0.00274925176325	0.469084679954
0.473925930216	0.510806106347
5.58059726268	0.205257833521
7.74033852469	0.324648666398
0.11068770628	0.084614530654
5.13225089933	0.260521588537
3.12759947306	0.223092535601
0.0417675249376	0.104407303689
5.85419635868	0.213025081682
0.142473171472	0.256610185413
0.0489821024309	0.48713931743
0.836702148262	0.228563641522
0.595878106473	0.463252788329
0.0204169287618	0.273332476029
0.0454204348274	0.262464379312
1.72558098156	0.0969177876924
0.0257966157569	0.1607358095
0.0196474893153	0.14503798486
6.24381955957	0.212158377532
5.8046066191	0.21972238736
0.041693644107	0.169957713041
0.423597005641	0.313476122613
5.08122545529	0.23252453381
1.00528472852	0.245596104955
2.48697733241	0.17769884062
0.255481099019	0.277337618624
0.925809716051	0.318949420728
0.551900022933	0.510392802015
7.54725860969	0.266028555534
0.885127236213	0.262716889705
0.382129254445	0.311602495653
0.192481447017	0.156502508122
6.9010574179	0.267287404565
8.72945780796	0.213961491515
6.65812297177	0.217923382704
12.686891968	0.228233308832
6.77010460411	0.239702184753
0.845957792932	0.20918222154
9.27594279815	0.214003505382
14.4883324741	0.220630132747
0.171510457394	0.369931158488
0.0193146337998	0.397781704446
1.35762533991	0.460299978437
1.29433947177	0.198788178193
5.56411665135	0.207641467568
0.0437334332852	0.227116032052
0.0671710756707	0.223124259143
0.00401095885042	0.342998182195
1.0235906163	0.18803026386
2.76876539613	0.20309137762
0.994897797757	0.402997989942
2.22544961574	0.171855907298
3.41798667335	0.18894779371
2.49517671544	0.259456697666
0.121818599198	0.215000647786
15.5998405845	0.233912924065
20.6532234408	0.238358194895
0.0106027850111	0.68618986036
0.0106027850111	0.68618986036
1.92095182909	0.152143361029
7.62146743717	0.201915480717
0.575126338896	0.474757558755
0.0870986955706	0.187144265093
0.0621520938671	0.262294590919
0.0385682307483	0.787181935051
6.8894827978	0.290792448125
8.76727654385	0.208893283041
0.501717334769	0.494770602592
0.00907240061433	0.769259686337
0.116341593787	0.0842163305192
0.079569353275	0.274737764172
0.113263484405	0.263846217253
0.408304913365	0.284838784979
37.3753598676	0.230581190535
0.0	0
0.00218926393568	0.360277466579
1.02086561378	0.373004574078
0.060155930006	0.247395726057
0.327939015856	0.247778988274
1.89665368237	0.149106502092
0.426910442439	0.503770049266
0.0	0
0.949333846432	0.47966941913
0.469685454078	0.493039888042
7.2960090781	0.221045796817
0.0188417557732	0.517962883455
2.36296506761	0.200733449124
1.18273449335	0.3859862597
4.46057326938	0.230249916607
0.827682391215	0.538252340375
0.642228541525	0.20115471198
1.7786735543	0.168610089911
6.7734413208	0.229502571369
0.00529077647166	0.771485587729
6.52732017803	0.2300165594
0.0440483973373	1.0
0.0297319368671	0.499223704092
4.65124873557	0.219670796849
4.88769540648	0.267855874732
2.21529357636	0.2350748748
5.12709975837	0.209485091763
6.48638993387	0.211249052088
3.37662527029	0.206465278036
0.0128234061814	0.386552881841
3.34269337875	0.240174766844
0.086636786727	0.302325082367
0.0	0
3.34868075195	0.322139505851
2.30320923443	0.180429535527
1.61951887493	0.302763692863
8.17236325765	0.235655778353
0.527596878775	0.20874421475
7.24335202516	0.20240742977
0.0384162301855	0.324585192521
10.4740181608	0.250594283415
11.5637644394	0.211474678076
50.0	0.248409069482
44.3965946601	0.246500974743
50.0	0.255125457583
50.0	0.258661977628
46.3486341543	0.244527390191
1.00295294166	0.539522197423
8.7594717756	0.158310031177
2.49675582049	0.197801430154
21.8947496761	0.190942612153
27.4994855392	0.240206586418
13.66336656	0.233365275928
13.0589348158	0.241799387346
3.41236697389	0.219964344734
5.39131011601	0.238310733942
14.4726644522	0.250476572141
0.990391797161	0.492898033445
0.0129286191307	0.298022826303
0.565228068807	0.198079965175
0.551409162012	0.206336392834
0.0992337696484	0.2618482316
3.95396227458	0.193060392678
0.0	0
0.0	0
6.27472242263	0.290912065965
4.38903200068	0.230857276908
0.440080608025	0.311608031326
0.0512159471902	0.611933579407
14.5462991807	0.192335233265
3.59837115605	0.3430361703
0.104425172027	0.183059054032
0.392752778861	0.280054499417
4.26591974541	0.175986963887
0.311086971723	0.161371005721
2.29170317735	0.337355466846
0.0691478214397	0.253602625083
1.58729626181	0.335726772962
7.9578565498	0.228355281059
0.201246600045	0.388535454968
0.0650737258827	0.156568207327
0.0819608033301	0.20116023886
0.0887396439545	0.212480646715
0.0	0
2.34712363082	0.504824854223
0.0289594679314	0.0631955881297
0.364650743349	0.284697016605
0.103486487559	0.246960406507
12.2935699789	0.219084702005
11.3163048182	0.212963009548
7.44941654676	0.225979023234
0.0722390067631	0.0980861652809
1.37313020132	0.433155377568
28.8516148142	0.210988965532
1.11644673494	0.493303956927
1.20977298808	0.45882224438
6.46506962135	0.224700807126
0.413959696742	0.241272552821
0.25449470524	0.186306369816
2.72378905965	0.127421709188
2.54117460539	0.150296847644
0.983296252601	0.502400667331
18.1529646713	0.231722453311
2.93882174071	0.305570026435
17.3207800194	0.229939457058
7.88632637976	0.132683690632
0.00400954468067	0.767470520716
21.8195705861	0.228820600884
3.62976060712	0.231583662282
0.0488142710983	0.047426439412
0.155103004524	0.11875997203
1.68196981461	0.446737453127
0.234619313906	0.488455818645
0.509562327055	0.283189691789
0.356433232606	0.419833014564
3.65785253485	0.247221877096
3.00123278813	0.35206944211
0.142414843856	0.504972731371
2.07443313621	0.199007845379
0.168934567646	0.0786631164784
0.0730964644205	0.410876538733
5.04147479096	0.203368354352
0.0725090142834	0.198919166339
0.0684018530727	0.163820145727
11.1034743479	0.20854933055
9.42144545646	0.214265242104
0.157863602637	0.386056432541
0.0553073458118	0.451348487442
0.0463074486208	0.249714917834
8.21162161735	0.178582993268
0.0783813185666	0.177383831592
0.160775679455	0.509100446816
1.02578254161	0.488902817835
1.07829754946	0.389036222177
0.0875117148719	0.20250803725
0.934197103687	0.500369189456
14.4835716505	0.202795616166
13.06688592	0.216620103644
0.0357108408187	0.450028469675
0.0125926128563	0.299832896072
0.578881811337	0.252757371817
0.0603915836101	0.213605439716
0.00379620041414	0.484565892325
8.8668726178	0.232698297252
4.26000783869	0.0992830471871
4.35821066957	0.105687298654
0.958857668682	0.500036692499
0.93057818298	0.498972764167
4.79901079697	0.287657980287
0.983738032399	0.512849345672
10.08231468	0.208248916357
1.33790658663	0.180205697528
0.147193243151	0.338599619656
0.0849432899083	0.170751478088
0.372861864822	0.353061626804
15.7278601276	0.223886333773
0.108768387011	0.299541141192
0.0840374354101	0.106826179525
20.9522445118	0.230815375942
0.0930659956927	0.164462003213
1.75420865933	0.360412959806
0.284542953715	0.140439629597
3.52884314009	0.151110500116
23.8792998271	0.241886812908
0.593069226047	0.351626835188
15.8761915607	0.220065927913
18.9439079026	0.219265975368
13.235131803	0.289306544204
16.2695231549	0.20863894797
11.5223959089	0.214014528767
13.040638752	0.234770080909
0.000718216516188	1.0
0.00388207181766	0.0122222664464
0.00427552000888	1.0
0.0487449325256	0.212669582399
0.935614209136	0.508147235969
2.19964042752	0.342797074961
0.0388118288443	0.406951988433
10.2852501524	0.281945300876
0.0135075271618	0.421254172341
11.1959249775	0.233233246824
20.0344286854	0.222008507041
5.09341998228	0.212702288442
4.64524764861	0.223231054111
0.0	0
0.0391906592833	0.177383831592
0.0723370357765	0.350836553848
0.157203394137	0.144043114244
0.0520290801906	0.337744052646
50.0	0.223999262144
0.142540066386	0.228054006705
0.318445356738	0.153364954615
3.20489798022	0.233660794367
0.115299255478	0.0442778073881
0.287328113824	0.12407931034
3.63787611711	0.369169937086
2.59607251888	0.422004596191
19.289715724	0.222425114927
0.392704143409	0.219803604689
0.64919578589	0.718398914454
4.81344475652	0.148559310889
0.115920176712	0.165829766841
5.57920912352	0.314225153668
16.0628160646	0.211270659552
6.85225877727	0.209805509957
12.3561115239	0.223981495142
8.18135490963	0.227133788048
25.1217822253	0.210168107464
19.2922845044	0.212649634151
26.3196081515	0.199603602986
23.8916343698	0.219130888525
0.176288870495	0.0368699644675
1.68635239276	0.49961572015
3.82635822031	0.422590470049
50.0	0.223642372451
4.01532743884	0.195216194283
4.80046441203	0.142456944427
0.719598677	0.228870603684
6.15917632848	0.308599771288
3.00689205976	0.316957641765
0.0954581086923	0.318266524959
0.176528857992	0.17282203212
0.433571441524	0.347972719245
1.57753924102	0.310070973249
6.29112618273	0.118666082478
0.993570528025	0.311066155552
8.38351754731	0.151248130972
0.284719516765	0.623272912055
0.746607316853	0.102289885237
13.348998328	0.290217739661
26.406609065	0.219292833368
27.4519749041	0.216489243754
7.12668451766	0.263170780232
6.44087563851	0.31887308128
28.8463728928	0.214478433431
0.339358543344	0.235726109042
10.8043680793	0.255730820787
9.54344602002	0.247577753617
10.222339573	0.222074824704
28.5011056087	0.219263438961
50.0	0.224035943264
40.9934475672	0.21344638497
4.43533051188	0.248621692942
0.0857040478111	0.223771009205
50.0	0.170694913445
0.311921435235	0.306177833637
0.181864498891	0.0931579260074
0.883647828436	0.533158655378
38.5671078572	0.199048490525
15.9739386619	0.245152181107
3.7712210716	0.456844753196
17.2910467002	0.248068492107
0.400675200423	0.14503798486
48.7082236861	0.249837380002
0.069731907244	1.0
0.823298104901	0.3392168534
46.6425076239	0.231164790759
0.278351763169	0.0280323682393
0.325144386884	0.1428660671
10.3856052033	0.21658319348
0.224444852784	0.104599458112
6.82712900379	0.311277976232
0.150477066352	0.240093572683
11.4099898729	0.48504299409
2.25166998941	0.172507368869
0.13955402519	0.251800780532
50.0	0.19942478348
50.0	0.224903572227
9.74428695708	0.16296885807
8.70528895545	0.389868046625
20.7147589277	0.0927767881572
50.0	0.217176027827
0.49201611968	0.122548021407
0.36723532507	0.143529731227
0.484363843827	0.130774087794
8.07633922217	0.378236126943
4.77456774361	0.642743490053
0.60572675226	0.0760027987574
50.0	0.202737720395
16.1317493497	0.359918303765
50.0	0.440282685378
