#abundance	rearangement
0.594606571979	0.434103648363
9.36569784563	0.351293275085
0.0486609027225	0.3306699004
0.140969557273	0.669169419402
4.68523411336	0.296171148351
0.0	0
0.108996982871	0.734664504887
7.17886327895	0.44693183456
9.11344480056	0.502897738838
0.634026975748	0.4285772197
0.141086518212	0.104938121038
1.34583121465	0.465167033135
0.686752011966	0.83096188661
0.925050929978	0.462570667014
0.00056791798908	1.0
0.579490658337	0.432164469814
0.00809793292647	1.0
0.0373898777423	0.953136276973
15.616040318	0.507580642352
0.0808584151504	0.471408328059
0.226090693315	0.64954766338
6.31857787479	0.497020929303
8.36779809777	0.503684949936
0.578513380544	0.431205230024
7.22919377624	0.447745300241
0.698829865625	0.520588429751
9.34185081241	0.508743498817
17.4988884933	0.427618022698
6.85012553428	0.471707059475
1.27804788978	0.458807877766
4.77586709762	0.492460981386
0.0407396572492	1.0
0.0857517108374	0.278323787398
0.0394082850476	0.19345945704
0.424544416329	0.456419954058
1.26531523316	0.321436687712
0.0596414711337	0.74511831164
0.0377842117664	0.499841847364
3.09621420231	0.526177152925
5.66550532974	0.582025642512
4.83902352967	0.453467079929
0.0778785601853	0.281108023596
0.743794887953	0.489013763454
0.551414446378	0.567876474671
0.17748910563	0.295371528791
0.344604210337	0.51359310345
0.0424818526663	0.385817195631
7.0755445379	0.361990204808
21.4580459414	0.456538162505
0.141727597231	0.686364889852
4.27106262733	0.479302953802
0.0388101713671	0.934168874442
1.3424297231	0.582543296352
12.2816198714	0.483764594208
0.0364167472367	0.779686804135
0.0777555805635	0.221573668105
3.66212663384	0.464025321142
8.36014060735	0.476135135101
1.11920763793	0.514038546438
4.47407619056	0.489136666386
10.9564674215	0.435831687911
7.7184914998	0.470353151992
1.74767257141	0.398682056685
8.08382401841	0.558162106443
0.033873423315	0.818496795916
2.03817078607	0.460223088018
5.70705116353	0.484042872609
2.90694094135	0.477113348689
11.1994959197	0.406366112996
4.56705320701	0.531761973729
17.3475459964	0.455874522299
0.594161608038	0.440869957894
0.973224156812	0.477637327509
0.0444854655004	0.292987750366
0.683427572965	0.425061289177
0.567543937043	0.438944451669
0.941154591912	0.478072461958
0.0748609367748	0.739225382266
9.55509281797	0.484839934345
0.629545421538	0.408981508549
5.68926973772	0.475672119865
1.99754764806	0.448090563885
2.44284772039	0.603391500438
0.312484960515	0.567414581549
0.181608764851	0.397300776667
2.98318712557	0.512343534361
0.0113516669345	1.0
0.0482207939447	0.166828767912
0.658001532194	0.544618613745
3.15075853418	0.551675716571
0.0401325190366	0.269933890564
3.94724163491	0.560776529383
1.23839444056	0.471310347847
7.45723280886	0.515212143267
0.0432037235869	0.946846745341
1.20421792585	0.41315082986
2.45073032326	0.390884635045
7.64953279455	0.464652781619
0.0943538750895	0.770661873309
1.18685879482	0.689161286628
0.0419546264444	1.0
7.7126600839	0.521667439103
0.569016248436	0.423530023265
0.0915129716806	0.422439020132
0.193412087414	0.232390407946
17.6778424237	0.425000477204
2.56931618651	0.553434400099
8.46610249063	0.447865392312
5.15248903989	0.558877728608
10.8579627395	0.468626018532
0.413690140224	0.858366984878
1.6400031982	0.463981067143
1.66976949482	0.447724413868
6.40821517422	0.483282021055
4.17954948727	0.521996380713
8.37829799817	0.492205321336
8.26707761483	0.47648348853
0.715040255143	0.561615797204
7.93252488522	0.467383162356
1.92172155339	0.463928328695
8.60809333933	0.405924776456
7.24135752206	0.458124840876
17.6496682273	0.471168810312
0.713158750137	0.468289557924
1.34729996575	0.340129961714
6.47024515977	0.515977380731
0.233972446556	0.867538283517
0.126050150424	0.863298394199
13.3909256261	0.44295810331
13.1780735401	0.51364079661
6.05089074905	0.389015376286
5.69602801456	0.500278949575
0.109650861756	0.41732050771
0.0844002310308	0.586125773067
8.08070172222	0.444283529048
3.68257020297	0.432441178505
2.63378401439	0.366544107409
0.0118793313623	0.691063922151
0.0365457943581	0.151783003689
0.0042275014851	0.408949659197
1.26462366488	0.60204500403
0.0731425673389	0.20344951844
0.640679046705	0.408749951798
5.69773753727	0.455745154369
0.118645732733	0.641207803421
4.44712509069	0.468018585283
4.21135357232	0.51751793662
0.0287774498846	0.0436393199705
0.0664850286644	0.77621714614
0.620732493027	0.47145970499
0.0806114318735	0.316586548478
0.638932333211	0.424207554731
0.578722200177	0.432459456383
0.900780239995	0.420060099112
3.42645724239	0.506826404591
4.64633840408	0.661590452444
0.22146373998	0.976566450867
0.07915753453	0.187325498829
0.287420221949	0.682445515204
0.698934675296	0.42430556761
0.52793203739	0.486477253207
2.39042251984	0.472442172521
11.7418534298	0.450319486237
0.0762188990402	0.486658833117
1.93049768173	0.46483263222
3.54432965716	0.457579140062
12.7210358635	0.515499643195
0.180141904921	0.621644443068
7.69274578788	0.435611727827
0.0742841476818	0.237418422456
0.0397392474067	0.867996060088
0.109640180866	0.546732784464
6.28803838329	0.441996470245
0.792898978531	0.479346035144
0.0525413211276	0.978991966868
6.29480922859	0.477525376636
9.27543323874	0.485908639068
2.44642501601	0.479667783719
7.41059464778	0.438486917787
7.42078626573	0.493051446314
4.63449977744	0.459456046874
0.0431487987629	0.27096206313
1.51773114169	0.505082719676
0.131645171068	0.610510251367
7.52684833619	0.439458186953
2.25926570107	0.506655197937
1.68108713028	0.486873510637
0.0734436129709	0.223655344593
0.0356009160847	0.264584992299
7.0230921905	0.476204258283
2.82066571102	0.528779096791
2.32640234318	0.453511479457
7.67964162349	0.490541114284
0.133818100858	0.377522249963
1.30920957539	0.441522644527
0.107445580105	0.231811182904
0.0399603624445	0.655300257395
7.91953820378	0.482882350435
2.79340563012	0.522354585925
3.55697085149	0.501371455404
2.80912639562	0.566226190128
0.020285485147	0.119564094453
5.46086524537	0.513861324721
2.39846738995	0.455077091965
3.10232510445	0.355867195733
4.71213330599	0.463930513233
0.637909821155	0.422174090649
0.64769220364	0.420322806097
1.233607139	0.325087485153
0.597172325889	0.446196595907
0.825429501397	0.408933681636
0.595350420729	0.427244961894
0.597172325889	0.446196595907
1.07850112179	0.55896447497
2.55403645503	0.324977306228
4.49009354527	0.520053476393
1.55768879695	0.451309637621
5.74985286761	0.5107129543
0.95392290266	0.453432613693
0.159610264084	0.46950229283
0.0369207426037	0.264584594232
2.22631147724	0.533775371142
0.0377262276206	1.0
7.46419168025	0.394457675845
0.104596219393	0.920098273558
6.27472301664	0.445354904136
11.2606450774	0.461764595688
7.44881094464	0.375532345699
0.0784189361404	0.425425108813
1.73442854425	0.494879994237
0.109259108166	0.182694252165
7.48111003201	0.522773739156
2.78659217989	0.491107548923
0.0	0
0.0	0
9.72304025582	0.467445277851
1.10282832788	0.534801651537
5.85912649248	0.512159376696
4.47701253617	0.419799829758
13.7810553794	0.40677634166
0.0337671490769	0.764879769605
17.1438133033	0.456496429731
2.79810759724	0.411275581015
0.0114386507066	0.435564331671
0.283046793606	0.436839980605
2.06951358886	0.369951666585
4.16996300598	0.214551631411
2.0532427359	0.520777062004
0.907046286619	0.463676455937
2.99806788982	0.381506156956
4.00232575674	0.354398780132
4.17426776463	0.562628056598
3.19353126178	0.370548666159
8.93351791897	0.514961902206
0.91439567138	0.454034687934
0.0975677972306	0.587590891473
0.0736475902261	0.530734226964
0.0547349571313	0.709366611427
0.689525718371	0.430309357722
7.95073161354	0.441189528974
4.57109082816	0.353713729668
0.157909514811	0.610219433254
0.755815243355	0.457533537784
0.0268175114272	0.873517657734
1.2545498878	0.519712892422
3.5217007177	0.475631457986
12.584813031	0.455209180469
4.86870229856	0.555335499624
0.0526458018492	0.448235163993
0.169989418888	0.656899514913
4.31970377481	0.573798363889
8.48660392652	0.519922890285
0.0745224028271	0.226343684654
4.81189077442	0.513557457701
7.71742569809	0.50077233345
7.84249367256	0.511525915033
0.0	0
0.12663977658	0.51104347822
0.0229908427005	0.356328471996
12.7971492869	0.488410922181
4.13906172307	0.508034270054
0.186863891595	0.492230329984
9.97194412212	0.486498537736
0.0924638674746	0.35066704592
0.284408133676	0.531963998503
0.0435071927304	0.875286323173
18.2700570024	0.357797132789
0.033135415403	0.935898441041
0.0331839240187	0.935992145386
0.451901893386	0.472030689174
6.25853960995	0.398420546913
7.04636769544	0.477195099214
0.451901893386	0.472030689174
4.73782810542	0.486664400091
2.28463870249	0.622609469744
3.03349252057	0.445108657077
1.35614174163	0.396607071298
0.100258939168	0.433983509636
9.98926844866	0.442376827615
4.40607663242	0.463543229676
3.30907079602	0.486246372606
3.259498506	0.575469179363
0.617813157305	0.44613794472
4.68614008068	0.501647911914
2.00703617177	0.63421278821
3.7001597748	0.511505139343
3.65519163025	0.470076037804
0.277072988936	0.467827954936
1.2025008943	0.299939816385
0.0523579547739	0.201375905313
5.84502864829	0.416807136926
0.0371851623888	0.28892756756
0.247639185507	0.529249153869
1.90046624347	0.418585819964
7.61094985213	0.522425641567
0.0690789174102	0.18027784279
0.18411262329	0.426831467921
6.31642464933	0.451037478764
9.50652475612	0.491909933194
1.61560113291	0.428070781345
8.3608095062	0.488134145706
5.33865979975	0.497393226483
0.900472271382	0.48406268278
9.32957354019	0.467009353817
9.16507411831	0.41515927715
0.077530521649	0.490762283071
13.078968517	0.424181371906
0.0765848808711	0.631519928222
0.0807318171147	0.450903552224
0.244551912544	0.425231315867
0.0521072868263	0.12726530189
5.70454115254	0.371909669383
2.88260561382	0.382981518346
0.0479973297855	0.667040062143
0.686755832607	0.461474689026
5.30145187727	0.413654300387
9.63201101385	0.465602060401
2.17185695949	0.367455592835
2.77511805056	0.447655500559
2.25464515693	0.480643476347
2.10600159552	0.494030756036
0.200230145166	0.603606300828
1.13339372001	0.463799612862
8.75406918398	0.446143699712
0.0102880539651	1.0
4.89577955695	0.507696826948
0.0392254987077	0.220519107461
0.0445889872777	0.73826947571
0.0304784990481	0.721625296685
17.099099449	0.467343515837
4.54834228455	0.518576522999
4.94012974987	0.483583506947
5.4435517855	0.435612604405
7.66897029653	0.465834467299
5.4692746537	0.42811558678
5.93541409598	0.496843129151
0.0731986056984	0.257008526624
2.8826084907	0.38128920868
7.25388466029	0.428458581998
7.17111818734	0.489123033249
2.49115293041	0.466726708332
4.64826700791	0.512132402249
11.8837186256	0.477083852592
4.65719431234	0.524943152295
0.779749144134	0.639119725821
9.361230464	0.497069273081
1.04667583653	0.453789251418
1.30708131146	0.451822546449
1.57941826693	0.522418102433
10.2224078451	0.460863438515
2.54700253386	0.647572395429
2.75925452924	0.490980004837
1.50504245115	0.457543657648
11.6925319441	0.560229121055
0.048572819361	0.858132513654
0.59565417	0.447573102335
3.20707127595	0.40311323193
2.65016078821	0.407068153335
34.9453909657	0.496905773089
3.05601331335	0.434185895064
0.0773828872892	0.19874154161
1.42957046828	0.467754809125
2.70465900131	0.549392776177
0.242591475444	0.694894150912
0.0491254140073	0.345092123485
0.344186721008	0.149910877074
0.141393913797	0.533094209754
3.64124038599	0.47405716007
6.79004803658	0.402185821673
0.119303653133	0.74800990332
0.83622509475	0.451221329538
10.0824692223	0.435361118845
15.7833477323	0.478922682933
0.038548014689	0.236813692718
2.47543590073	0.410063788457
0.211611527744	0.331723052176
0.104102042461	0.849912196935
0.0765538389821	0.704575913371
0.903759346404	0.655506441163
4.35847165721	0.392269953456
1.86485548225	0.372419529636
2.73704866286	0.438180259072
1.42436459408	0.43185724536
0.032806360471	0.859663972679
0.0702710800107	0.325901468968
0.0586731399979	0.181904711376
0.0677110890614	0.0598996290364
8.86860285002	0.521212412687
0.0830381807574	0.112052874267
0.816920357026	0.435260423501
0.0540207124331	0.24538095876
6.63773819415	0.485194320163
3.48963961348	0.411047724315
0.55042195566	0.338714887452
0.0226446953181	0.468758501552
17.2422864995	0.506168895193
19.4370528857	0.502578566439
5.49434922586	0.510593903334
0.0315710500406	0.787145584234
13.9600523832	0.502949326304
6.27801629985	0.484969017069
0.0643784531457	0.569038699012
7.46242596225	0.47468409919
5.58814311945	0.42099819593
0.0802324363036	0.200784137087
2.95080144149	0.398277744733
3.41480651181	0.566150625067
1.77174719746	0.473304733234
5.08121761872	0.480387629636
0.0725520775527	0.275833285829
0.0495571654432	0.343752528697
0.683143538415	0.466670865717
1.40124288169	0.382403683087
7.33871085657	0.465505524182
0.0632872737347	0.423541504145
2.40848552152	0.454271539024
5.70783943526	0.46696541861
0.0958009563757	0.442896292157
2.5262100196	0.599208066462
0.592024749652	0.43588526723
0.592024749652	0.43588526723
0.608933754801	0.457551353494
0.565540240519	0.40946751528
0.594234444771	0.425715084982
0.608829739024	0.433473131183
1.98248371151	0.454941727737
10.9811939945	0.511269862422
7.05270915109	0.433808105794
5.62863148696	0.538287024428
6.50953787267	0.420414436802
0.822933478399	0.427755015218
0.676854052888	0.483669901963
0.693811956042	0.496289857157
0.721146954308	0.494442095312
0.676854052888	0.483669901963
0.0232118287171	0.196909026819
2.83596039848	0.493736907887
2.63725217057	0.429682557094
0.0565407996914	0.359831105076
0.119563006208	0.301069981549
9.33504391685	0.481269188164
5.50873306071	0.481387823816
7.05070241265	0.458386754409
0.0484101603834	0.836075458257
11.4453544567	0.40308829268
0.160464872607	0.200784137087
0.279647429137	0.286380049913
6.51584068362	0.431511255259
7.07181858499	0.496655905878
8.16732537007	0.432929906171
0.0375033225552	0.24556333035
0.0653447303996	0.501187620117
3.10086576728	0.445239586743
1.73770540798	0.513310499762
2.67264811792	0.501604704961
3.36477765855	0.472620554437
3.8820175093	0.4453940184
2.76460189234	0.469245175145
12.174565116	0.419125819124
0.602404557696	0.397495850826
0.0468237811568	0.920210112821
7.29129455393	0.58144551508
41.9635593422	0.456875515265
0.0259953024251	1.0
1.81093066306	0.654087666034
2.01920999306	0.513523007424
0.804566718041	0.466532925941
2.61930316574	0.436345194027
4.65058768233	0.474267800993
1.39514799436	0.348136581477
14.6058722005	0.446490072357
7.94668543265	0.508274866349
4.17026309835	0.480840972563
6.82503862609	0.527819925873
2.0064251234	0.477962234863
8.67733703483	0.485233923173
3.24820455937	0.445355637477
7.4321081916	0.54695442483
1.18777216276	0.554702575348
0.0839043268317	0.699358179698
0.0412715514936	1.0
1.31244971565	0.422194353515
2.21137361336	0.301514314616
0.738842838642	0.719831055425
0.958419818564	0.741527374275
7.48678318728	0.426587495084
9.41568365887	0.375100604662
9.17038273213	0.417666901361
0.0057640470111	0.497366066476
0.4236376796	0.22190584335
27.2644762952	0.479339816678
0.0775425706358	0.178824327074
0.035800798361	0.232011435724
1.14585624969	0.395171155257
5.48656731671	0.481925023095
14.2175858104	0.430075693615
11.7718065473	0.478210713054
10.021813314	0.414094373157
7.77778659112	0.511704365293
6.60035588686	0.449415605241
5.69514295808	0.474479900415
0.452695751368	0.508971866238
0.051152492489	0.698077222309
0.589574740856	0.432285380293
2.34066161655	0.512989447342
0.0745086056573	0.306388377312
0.6013332755	0.444402239673
0.0282032598208	0.459607923993
0.0391704599755	0.888975415881
0.135346924856	0.548041109911
0.010675432449	0.73453053542
0.00851656135897	1.0
4.25451048784	0.499670688178
6.85090828689	0.465440571164
7.00409206199	0.451453865272
1.67631572742	0.450840246309
5.7812781756	0.455825277873
4.56040170212	0.439961552702
2.54502456137	0.328181430213
0.626101319136	0.619878102889
0.0733634685043	0.216040227498
2.29724255485	0.556557594984
0.755154192726	0.45855478429
0.1505550796	0.651079344776
8.54842644315	0.474066172166
6.48182744978	0.402323041716
0.244221976545	0.741379567927
8.29253312365	0.46758765131
4.26150799827	0.499515314449
2.29749100614	0.423270141741
0.122162965942	0.682923046555
8.01930300786	0.461234978579
0.0768171475558	0.250176448019
1.40342141519	0.416700374148
4.43581523603	0.533974299908
12.0449862019	0.491144287937
0.570759446963	0.439893534469
6.169248321	0.486360076695
0.0118655028098	0.328469244035
1.04609154443	0.447682871769
0.232413953425	0.515798429478
11.8822845582	0.517548237901
0.0730752738826	0.166820210069
0.249615230735	0.576701235268
15.0025405685	0.481359276905
9.0325023053	0.471963194473
5.69333198601	0.501783913228
10.6497814983	0.491129142025
7.25084020765	0.613120434867
0.0765708303064	0.11668485552
0.0795261676919	0.131323213124
0.245436645868	0.597096842881
0.0157498232466	0.303702533832
1.23011355391	0.339497434589
1.0788495451	0.512015361407
4.10062932101	0.5042869889
7.04993467976	0.50680859265
8.20879908901	0.485336723853
2.69205301357	0.329240698954
2.19438883069	0.440361801069
4.58931244171	0.493814421345
1.88243402903	0.479309908577
4.95441509481	0.472560775839
5.29903606733	0.415909161704
6.50219106968	0.434714971783
0.0	0
0.0380250973242	0.169284343368
0.0027983507064	0.652597050596
0.00235507334556	0.58720806267
1.28242731126	0.526573131066
0.197151950213	0.439608437629
0.571572078154	0.421581509754
6.58967475883	0.483565173967
27.1452172787	0.466800127687
0.848602476025	0.452744570617
0.689307174463	0.432777547334
0.112229802601	0.461403763269
3.47872417207	0.529361243759
4.89885769386	0.507576040623
9.63231531518	0.437407879876
0.0359598900673	0.837399755755
10.4935309729	0.454076406129
0.0425039839307	0.210761469693
4.82712896561	0.504855812751
0.0762632894288	0.971296920911
0.0776739738531	0.731280563803
5.19113623372	0.478839600829
5.77688768945	0.442929210427
2.93126349093	0.403910284522
0.0841217176758	0.546867025965
6.82866957261	0.464063578339
0.0803501365019	0.306799105875
0.120611847955	0.4090002102
0.0492121990146	0.788389417923
2.06733594346	0.303323799134
0.0701072354299	0.486292732197
5.2213269464	0.507045106091
15.7041896142	0.468754878074
0.116582299233	0.848429035851
8.51249865951	0.496876486179
5.15085127183	0.484239877557
3.38127619615	0.506510466608
8.89283495439	0.440023583561
0.0374708498071	0.268511616477
1.53017656264	0.44469795323
0.0663115400107	0.400818384279
0.663285957302	0.420674293663
0.114088115093	0.406432648643
0.488506991186	0.770154414802
0.469927130238	0.805378461471
0.576109258116	0.794962493733
0.140327097373	0.641719075429
0.0181652263719	0.675745218502
3.38357416875	0.347417243128
1.98193123543	0.390855591218
7.56345211356	0.45409490859
8.70113391006	0.438193795109
9.94407096802	0.430144315568
0.147964855767	0.25354850325
0.756522903367	0.725587644537
4.84976733187	0.412499111362
0.393091013004	0.573271528902
1.23091560185	0.445257668386
0.0723143559295	0.198172881418
0.0121618769312	0.970764178151
0.0297395414928	0.535818714015
0.160464872607	0.200784137087
7.61922524074	0.662224324953
3.42155497569	0.483084190242
3.6424230975	0.484104338779
0.0755053285093	0.248875865216
1.01835396753	0.513981287788
3.44629521804	0.462984150536
0.0379293993677	0.32013736181
0.0854033166215	0.0754803369898
0.831732014622	0.545331224097
0.765726910077	0.494593179349
0.801340016951	0.454132587936
9.98087698028	0.445158312602
11.0462749096	0.467837414446
9.33340185943	0.46906791363
15.6550628705	0.46562093952
12.3417659072	0.388300348611
15.2875589333	0.413941504392
0.0864590162682	0.388340237138
0.771208084896	0.376317811421
8.14862178211	0.469940782675
14.8652997642	0.488429016738
1.56837857534	0.807091434205
0.638067962078	0.533394658544
0.151595049086	0.425721737782
3.9775401721	0.442159282458
0.613569965173	0.390073258803
0.0856379882231	0.179013481604
1.44318376334	0.524782240676
3.77692253691	0.50376493176
0.118468258364	0.360986863738
0.0133454706431	1.0
0.61269435055	0.431354396334
0.609032328429	0.440111900479
4.34249585331	0.51882160908
1.14294628373	0.613350301921
1.65565351562	0.393438415376
4.50186484588	0.41481440431
0.59415492565	0.442036670203
0.595350420729	0.427244961894
4.87164722228	0.507604056504
0.0797051112819	0.509404922956
0.378750072525	0.614570734777
7.79642215914	0.455315480141
3.73861264354	0.404954724017
0.107958927793	0.212249595604
0.707484230135	0.424158873638
0.754626624775	0.410270817709
11.1223642558	0.403902205677
3.61644967879	0.508561097768
3.77422106728	0.460697119228
17.4235110149	0.43341235566
8.73032607357	0.442658974404
6.10920003441	0.505547648895
0.923954593251	0.74045361123
0.0197618761799	0.216628822162
4.41584591065	0.478311278708
1.69213011845	0.508209221103
3.04870559568	0.538989091505
0.21952906879	0.496230387301
5.48292399204	0.443111945481
0.883301188584	0.497654870051
4.99902419668	0.502444283284
4.97990745497	0.484489959186
2.69028459773	0.388940592152
3.48356995974	0.461340672406
7.07224545227	0.454435517246
13.735906147	0.401315135729
10.6924553201	0.506425477924
12.005916152	0.540724766022
7.58295920235	0.416471257493
6.35466620176	0.515271702138
10.3552479661	0.497205948087
3.44512994314	0.421900909921
7.12749289922	0.468448298928
14.6457579083	0.489447512609
2.72034319439	0.489276658931
9.45818342118	0.44269173053
7.02478632477	0.458778505996
1.33496902409	0.367627178908
0.957833108874	0.867759651902
1.04669696586	0.543379504951
0.698602547091	0.36493982337
0.477569684495	0.420225684745
1.76359868	0.622610102872
0.0	0
6.40575363612	0.445520497431
0.704895644058	0.437707511333
9.63002898607	0.474365506836
7.51815940085	0.469065466009
0.0237498264926	0.615807554248
0.93543460053	0.465295115276
0.892096843386	0.690437532581
0.569665978876	0.459279948631
0.276586899671	0.591510008042
3.94630119784	0.493514470145
5.21038665125	0.491633978355
4.25982537577	0.408582072271
1.2827444718	0.525684447529
3.98115982168	0.461764603647
0.698124203765	0.396600366074
4.13168209016	0.509162505316
3.27960928899	0.3659780043
4.43799669041	0.435957686032
6.23245858027	0.452846514389
0.121065843422	0.918023022815
0.0453060169814	0.394775366132
0.0725236370163	0.982173438614
0.623857797126	0.446029074041
2.11780747187	0.411266777151
0.0368184645481	0.278407908259
6.85548191251	0.501349923097
0.0502607060027	0.478734092898
0.0644054697927	0.541361354466
0.0548820579714	0.610587033793
3.68771569738	0.324125808541
3.89727905454	0.386912212167
3.62675048376	0.455637856712
4.67467848037	0.454071333748
7.30921043969	0.527464010937
0.0	0
0.0627179760285	0.174470028935
0.10364101242	0.292627730718
0.0236583246424	0.429172679243
5.28386730499	0.465541231536
0.474678850905	0.651446413013
0.0372305465906	0.260570855572
0.0435414892151	0.945842349141
0.189703574528	0.291298738322
0.0782640254288	0.266560839172
0.111368518672	0.692069528967
8.28324489721	0.430032247652
12.963798554	0.508950326582
0.0483103779079	0.996266774636
0.042956651968	0.233541993776
0.112916017077	0.222531698415
0.222981765644	0.565846209714
0.036359209438	0.189665698885
5.71821523424	0.432760944477
9.00634507036	0.407997769537
0.0839051544236	0.936155067366
1.71617994671	0.442358297023
4.68449679117	0.435301610319
38.2179879839	0.441649358782
35.7326460898	0.424451193571
36.6079030013	0.470263296609
1.31019138521	0.396340348162
0.336328901839	0.437970074482
33.6288897167	0.421341193287
46.4192467712	0.431237784788
0.04015331824	0.175037174193
8.94666573088	0.537477946728
3.72858422508	0.444771719496
1.91372643903	0.351490584072
4.20165917772	0.471095566864
5.72604325281	0.416022040127
0.330061674281	0.469612686027
11.7518125218	0.487592622415
2.98267702544	0.376159654537
5.13573217918	0.520758697827
13.0988150537	0.499199845373
0.0493684917681	0.605743067842
3.17197676835	0.461982096001
7.10104210769	0.536028313997
1.69176875578	0.428611541651
0.709144574746	0.434492226832
0.643922445039	0.41954455924
19.0772611736	0.483360743879
3.68925112482	0.504536551515
6.31975009955	0.480591548128
1.02997220116	0.621491095405
1.51507073941	0.498451444316
0.437358157773	0.488065821278
5.12894621047	0.460422129018
0.0301197226651	1.0
0.0205295044167	0.574475602193
2.28238084036	0.479676989491
1.15029422254	0.473843469308
0.593574784324	0.355307236709
0.0772326620367	0.220536795911
0.11955368411	0.588147842853
0.019477634733	1.0
0.62567859805	0.435020105959
0.57993116464	0.43303985326
3.21452964209	0.461740636577
7.19293122731	0.47649651579
1.38846584976	0.432442202442
12.2032516673	0.51145281439
6.73001971926	0.467732673062
13.9916772608	0.43117746535
0.0376839492373	0.239630851085
0.081135309345	0.17695198717
0.0767556112496	0.815182685964
11.1173080408	0.430746780011
0.0675664977501	0.57446639627
0.970902040914	0.427722914536
0.157793680192	0.301155787884
5.85539355841	0.420352351079
5.4071495631	0.49110480006
0.139356511263	0.741512595194
1.17728973837	0.409950162943
3.1495328921	0.448253586829
0.601587251515	0.409993508635
0.287248450088	0.595323363562
6.63417980519	0.470408569232
5.01902803238	0.394279500837
9.04198986539	0.479768404918
0.0849911474019	0.519507895156
0.0978527453914	0.464779341252
0.0717403076724	0.0535252248932
5.38027872725	0.50114308233
0.3441167704	0.724219246219
0.139939944384	0.437874302819
6.59897577812	0.42809350939
2.30712723161	0.382250987607
0.612630539549	0.577018825953
0.118104002631	0.394239716842
2.91067654178	0.470054395881
3.11611375259	0.495036529071
0.0549333399688	0.793859450139
1.57984294771	0.515476574125
0.624395124294	0.739907913442
0.0356808594637	0.832751903137
1.81913070788	0.556579848949
3.40005713196	0.454528178668
0.278105415884	0.458010148869
2.52050155054	0.312032730582
2.23702042623	0.42773453981
3.76917578188	0.468350460555
3.05161952305	0.588588489307
2.18646954265	0.411720730519
10.3427977203	0.450969444945
0.272970987061	0.366686645702
24.5654860238	0.421073335494
7.39430668137	0.391668005258
3.02612206589	0.610057093865
9.09858152638	0.52481167818
7.82368705452	0.506008029127
9.02024403063	0.485401559689
0.0385453191849	0.215139679227
6.95027372182	0.50089006974
0.338772397962	0.638900193181
3.72996626207	0.507633768923
0.701771445364	0.491789115102
0.147515072695	0.718027984049
2.51367431371	0.473457055877
0.476845885219	0.384422584854
1.43538647495	0.288277143325
0.106261991044	0.219063992512
0.152623398487	0.257061244823
8.00544069781	0.515137239166
0.0441909511475	0.272111222054
0.0644054697927	0.541361354466
5.58426742144	0.472765056337
1.1070196603	0.497665774329
6.33224450211	0.44750963647
0.158943738763	0.230320477758
0.0476289965077	0.463017023656
0.6356892336	0.444782236659
0.841906629584	0.533200129579
1.43333920635	0.414245341775
0.87035475022	0.456124979846
3.86758220881	0.454937757495
0.5838720186	0.436443736127
0.0953042873409	0.537296457458
6.6720569813	0.441487134591
9.24586183675	0.437440312443
6.35197475885	0.478943182274
0.524219878196	0.283555091373
0.0765057929864	0.791699705854
0.445897382757	0.57427198616
0.0539576604168	0.641266385656
14.9883151662	0.433565245252
0.0	0
0.804991262864	0.437712894288
0.894990217845	0.45021620962
1.00603777503	0.446962469661
2.70920342854	0.335350516661
0.0575711355616	0.699707851933
0.0431444015697	0.0313960980055
0.78257583419	0.467735838167
7.28430529955	0.437697895112
0.0380337464169	0.466225338726
2.98570742322	0.540294233759
14.8769336199	0.462772710828
3.14954538278	0.420673629064
0.085928258813	0.266115754749
0.492354239409	0.525353041358
0.0381685588259	0.225988381203
21.7567421517	0.452813446977
1.66618537847	0.126780085015
5.76069689988	0.55672679305
0.764325004926	0.460977034536
1.22261300357	0.461275898547
3.40602766234	0.510799950632
2.67482566231	0.450565137767
0.0665025174761	0.928218319094
0.120689844384	0.64558303651
0.324730651475	0.624185895406
0.832628238976	0.532356350688
0.8831816833	0.655723162695
1.4395535223	0.4379655974
1.09887025484	0.73640105036
0.0339100886819	0.200712219857
1.96836763235	0.328427922871
0.00341487494908	1.0
0.0749364434392	0.189800138708
0.16261729378	0.507190324764
14.6835331376	0.506177883455
5.98749960379	0.50059790828
11.2077636008	0.426397185409
6.14606996002	0.51436744374
0.0727922075781	0.239522799064
0.04070737048	0.332390615074
2.85370997438	0.427653518433
9.33837180564	0.484526674428
6.01495894738	0.474943425767
0.117047523045	0.715720798945
0.123553633429	0.840052961627
2.68373581727	0.339046386944
2.46168588013	0.43029746599
2.49722861908	0.425745755662
0.105328027297	0.812572545171
0.0969667950938	0.612881059606
6.89558516247	0.440788387077
5.5934398991	0.437285459583
8.0932596116	0.476001071735
6.05281125114	0.516859997792
0.658306642604	0.420643249839
0.699789539531	0.42052420407
8.56552576546	0.470152403154
1.19346547221	0.446903642435
0.793012703469	0.471771678196
4.943225193	0.447068874761
6.91325701387	0.496032782406
5.81110539128	0.453683347331
0.935496387908	0.511714655352
3.88148357045	0.362444845906
15.311280854	0.448996434233
7.88577103023	0.500560147021
0.0	0
4.22806708411	0.421952777687
3.96480439444	0.349879270852
3.87423533276	0.466912420017
6.63576765362	0.460142640069
2.2392639064	0.364125417105
0.44637775788	0.479114163714
1.96818055692	0.44851724093
10.2353264589	0.457009421661
4.17091062855	0.466682526085
8.12028727941	0.384189162748
2.15864741836	0.487917057211
2.96862048447	0.211902558852
8.14408562477	0.451088505626
3.6696837167	0.423006451673
0.634366990606	0.724032471201
1.87211471707	0.586005496903
4.56710020206	0.478004333475
0.110994192284	0.273241066764
2.03926082527	0.551912779743
0.699278478201	0.493319694705
0.654488467212	0.413977034702
0.0599374116998	0.323540973352
0.585055109009	0.4557372974
6.01821679153	0.452139402841
0.0742458631523	0.768198899401
3.4696444164	0.338253757474
2.85004701549	0.488162758134
7.46933939365	0.464794073275
9.41719108513	0.472222600391
0.610808207771	0.751908680722
0.766317949664	0.494586856216
2.1297544383	0.471772988006
10.9296437381	0.509779562636
2.96999155586	0.559707256907
5.47579078595	0.435361103326
0.00566695190349	0.665833367524
0.591829411027	0.43054189974
0.0843156998341	0.718605105179
0.106235008105	0.243162172988
2.67112562529	0.399259444574
0.111466144975	0.202994471816
4.55455769178	0.407378890473
0.473285863357	0.436823776806
3.76929345766	0.437219244567
1.69632888061	0.391418887737
3.59306935951	0.418237682423
0.575567322247	0.419755308313
1.80462399903	0.461024487824
4.64386660577	0.454791303508
0.780992517757	0.728051633736
0.311228459165	0.620007885965
0.316419294818	0.503709775181
0.0608552082316	0.452821942356
8.46180817827	0.552690442997
2.97409342172	0.596762499956
5.08646983612	0.655831051193
9.65012635532	0.464902978659
1.00638927391	0.5260212828
0.573757253362	0.804114911728
0.0367227061492	0.233418003064
0.0374878794896	0.192542515255
0.0	0
0.0338561158296	0.186939425353
0.0292898932578	0.467396719586
2.09584287468	0.536281251313
0.058511900258	0.252857583331
0.0879138527976	0.242110136721
0.0734436129709	0.223655344593
0.037668965301	0.978746717146
2.50966038244	0.445804992741
0.241179039341	0.0783986710884
0.0999730773946	0.21887563877
0.0499868536973	0.425152983086
3.59987521019	0.466901869687
0.0365675769164	0.503171548451
0.0241762450385	0.825584762516
1.12514668932	0.456429629562
0.955795193656	0.505277056048
1.34782619699	0.266155834396
1.32302843772	0.257722391515
0.689700954045	0.459409696982
0.694849371829	0.463415147433
0.0389392800926	0.281108023596
0.109823036947	0.186541077902
0.222516945172	0.609646885287
0.0410281877935	0.30192483146
2.77308516262	0.480224805384
0.0637665504303	0.310962715669
0.0751848715279	0.937461676651
0.0744804638479	0.713905725837
1.90814867249	0.352729220724
0.174204322752	0.779459454612
0.0309359618059	0.54478229652
0.18878515149	0.851742599649
0.0783437700466	0.239984402518
0.843903139248	0.438751843299
0.126584618124	0.271036210236
0.0746098271316	0.221923963167
0.652397819465	0.476544670785
1.00031938422	0.420473730821
14.4351838172	0.469486025963
0.584374607515	0.402725331999
0.0121069893046	0.439077863816
1.37453306729	0.634471542831
14.2048232373	0.504378069751
18.3794646635	0.468844936285
0.0370547739085	0.178661260359
6.05803433405	0.389163520527
5.2275582896	0.454495614321
19.8030915737	0.436348165729
0.124959263929	0.494792476358
0.971951797453	0.517910321003
0.974629751287	0.607562745721
0.0806480995627	0.906438129777
0.227242780184	0.548463554762
0.3566459589	0.508256142643
0.0812236216876	0.524605021113
0.246145150841	0.767207411392
0.0130891536439	0.532308978728
0.275591671613	0.437813275504
0.149049172626	0.210526541114
0.79285329793	0.486898964181
0.0	0
6.3316005999	0.496452320815
0.559488684683	0.472697296991
1.19495293846	0.790024264609
7.81156421526	0.482798696144
0.0385467930519	0.586334268834
0.95189236618	0.427102534974
0.01513283755	0.697166103013
0.709072198302	0.472208876857
8.94710550019	0.45966289812
0.0954608788194	0.224082198399
7.86526645376	0.428995964318
12.3336419805	0.430495832943
3.21455068887	0.397802840683
7.98959896353	0.474522274485
0.141539436156	0.390935519544
9.60907496114	0.485591417681
8.62919277163	0.470267390601
10.0925909664	0.427445243631
8.79454169805	0.47275778098
4.93707890158	0.41973812852
0.071294881116	0.262381988677
0.0542790775045	0.52779474995
0.0584905814792	0.459268878638
0.100974897178	0.618566547013
6.1688724869	0.484510550514
7.90702042261	0.394240917103
0.179295723479	0.52674813547
0.541728376741	0.525925053888
2.55907897168	0.491775050457
0.512187477312	0.652447985869
4.60901781803	0.422500418315
4.88231020014	0.505627658674
6.4933873714	0.446510990353
2.75781406745	0.355486980033
4.9200519336	0.467859505493
8.00765803418	0.462696298724
2.53345351246	0.316470642994
1.89213115268	0.40448567198
0.0379519885999	0.219549238839
11.7227781539	0.456857903874
6.880961144	0.475645915438
0.685350385759	0.482986858143
0.599895409377	0.47079465803
0.0977331261426	0.652254979972
0.957142200709	0.495065052037
0.915793088659	0.508346771846
11.1479777544	0.523929623853
2.59734145935	0.45359959509
0.567632758494	0.542800835674
5.86530869711	0.456489454422
0.0169146472283	0.84579831561
2.79991234368	0.384469624954
0.0598358670891	0.729508582843
5.55071774215	0.512271058442
2.40126317534	0.446348125963
0.0213817440555	0.106067831268
0.150617254044	0.634080756783
6.00855059119	0.477913305157
2.10585597784	0.458386540831
5.03596319854	0.452692163035
7.19894566422	0.35301737805
0.0381885769257	0.72255600076
10.8383298569	0.480125406217
0.0373790387703	0.838724731118
3.45901094729	0.438477309538
6.63222135005	0.409204912481
1.39815141144	0.395407961602
1.43239804533	0.439388439498
0.589574740856	0.432285380293
0.589574740856	0.432285380293
1.15035145231	0.418716704452
0.589574740856	0.432285380293
13.9527037167	0.476744061012
8.66209345499	0.499581170868
8.29256652273	0.460070160195
0.0430980258763	1.0
6.31634470952	0.559998752112
23.2650047447	0.490722252537
5.08367155861	0.512540988193
2.34347792562	0.547902589225
7.92592063006	0.452511071557
6.93105257376	0.453174860014
1.61675147972	0.628677072771
0.881038172697	0.393335837777
0.0920132451839	0.387448616704
0.0753542733341	0.211361341396
0.0361197024355	0.202613469569
0.0621253126355	0.525614368376
0.26354641272	0.193696918384
3.80890489585	0.466736454698
15.056809924	0.497036004946
0.288841541929	0.409392685372
0.02075375433	1.0
0.285158941502	0.802012062723
2.16957304444	0.447714782418
2.31865799208	0.479311728356
6.1363860918	0.462359234935
2.74293294989	0.604882101923
1.22851770384	0.48360817583
3.57690308387	0.536750571131
0.259011055356	0.494297808657
0.0887094171071	0.309401415942
0.204851222824	0.733513594996
0.0474641185906	0.964630211143
2.868563915	0.37827285446
0.0924613126158	0.61385125868
3.20583088498	0.4064271886
0.291160661275	0.30867771339
0.0484057341293	0.917819378213
0.0765439589545	0.278098297529
0.072595701947	0.299856813524
4.8330304031	0.429765587343
0.035647440558	0.262381988677
0.00317986161568	0.580128398433
0.0476289965077	0.463017023656
0.170480810823	0.69566557297
6.4027334169	0.464533973535
0.0253917082355	0.483123346613
7.02464890756	0.461513977847
6.61665930298	0.455553316497
3.55486203265	0.450182962369
5.63465252512	0.481889045554
4.49677030926	0.427913019875
0.029544181945	0.911416594524
5.36878072788	0.473617961112
0.0738624448166	0.214831678993
0.0205637148865	0.480751216799
2.50095309817	0.481179664581
0.114630765773	0.464343658235
1.11079525399	0.490541021009
13.7128433279	0.4856689178
0.110966730453	0.236527810267
0.331568661077	0.435264690578
0.0202625995137	0.836579673607
0.045013583247	0.927210991208
27.0590701296	0.518423035113
0.0320867910192	1.0
0.624221696015	0.470194533418
0.492839864928	0.676682940653
10.5334194355	0.506742516434
10.8260563159	0.45052644341
10.4375286906	0.523328970442
6.13543842256	0.425404414414
0.806571881449	0.584483740988
0.68645597491	0.442889464374
0.0232063133363	0.367286408029
0.0	0
50.0	0.461596428289
23.0255249308	0.506358392686
23.5963463122	0.482120645559
1.52458584402	0.483722105874
4.27803646733	0.433215175521
3.88105778513	0.404321406212
43.703249148	0.474754760797
39.4219293268	0.430488993163
0.254191862859	0.563893672597
0.117151307712	0.543169019036
0.0537623871891	0.24542722851
0.141775100805	0.501688452168
5.10582207656	0.572365307768
0.0394580435106	0.788705571464
0.791172676195	0.475281068945
0.690939684881	0.46742039192
1.33079471343	0.387961750545
8.69581982691	0.410134891481
0.169449192693	0.652486057149
9.51650595302	0.450605663122
4.28093187989	0.428451089077
5.52261307906	0.485052974598
7.96566343304	0.501946163997
0.0387556782996	0.0955194387924
8.62831328658	0.456084648515
2.79177699973	0.400403754102
5.33635516135	0.487666676051
2.2808065485	0.511729400543
0.804678778346	0.458639911329
7.96313231268	0.443762269222
1.44484864261	0.354241298699
0.15969719962	0.519481375244
2.07387109926	0.426297655609
0.31796387969	0.523346892839
0.904784476815	0.450264140712
0.0859692350135	0.215160233914
1.02943691321	0.525041214695
0.154541584741	0.185819104082
0.0599067758849	0.396322707908
0.126527668939	0.825708564725
0.435813137744	0.761781268121
1.73461490238	0.485844523548
9.8363041943	0.477007509836
8.85225159011	0.43383240416
13.7979364171	0.46233737678
6.95700958855	0.544407131468
11.4358261373	0.462950204178
1.90033645843	0.453320044712
13.5776134436	0.424283444343
12.4753246715	0.479945163568
17.9540644144	0.447067099086
0.139497189065	0.710657671774
0.0855662931788	0.414257921442
2.00648408022	0.464447534853
10.8994069335	0.509043079437
4.16310623019	0.455860755164
0.0829662824927	0.215511750634
0.158837439426	0.10603799958
0.082709590581	0.212805608157
0.176528546615	0.568806454798
0.18248157596	0.397637421948
0.182790473296	0.278710248187
0.0914428435879	0.627969670944
8.55123715339	0.502133039882
8.93208489915	0.488287002969
0.0424070175861	1.0
0.444902864281	0.541413521017
0.0764092245272	0.838223506663
0.029194798944	0.187632355994
0.0330786533184	0.949641179476
4.59230552629	0.394117360155
0.0178714246966	1.0
10.5059091715	0.478473100484
9.5175578278	0.491118668504
10.0131140121	0.458222446673
0.106271563287	0.180447840146
17.115849315	0.462445828828
0.101723255218	0.122814545273
0.106271563287	0.180447840146
6.83940721768	0.384581506262
0.0824589324222	0.192621149244
0.987904936192	0.47167626522
0.027446322275	0.469553273597
0.127636981935	0.210183352477
0.0156122165488	1.0
0.233677643755	0.217285761618
12.9528832933	0.43194771685
0.914163596289	0.682625063175
0.0897942988367	0.325686952456
0.156672539701	0.696053654433
29.0874050541	0.481073104914
0.672574639581	0.447944754564
9.79748113997	0.435110182592
6.44462166129	0.48555733205
2.58294615878	0.426747917827
5.59899538822	0.469485420992
3.29448515608	0.547787916571
10.6636871921	0.485150258156
6.95782156993	0.436129278365
7.47483562738	0.452659362071
0.0564489962146	0.977818003087
3.5405792946	0.182960370914
0.54701604396	0.344028419429
0.418029176315	0.644403165207
1.58830481669	0.603258762951
0.88308661243	0.75619708114
0.603086233339	0.727185217333
0.187896295991	0.466014769236
1.08351970599	0.735643745545
5.30855983375	0.394266669187
0.94624605042	0.613641814503
0.0477469990424	0.746799605236
7.90513332264	0.47387155804
0.0805976593223	0.217290928291
0.773899698438	0.54371359915
0.0425560296069	0.235163020107
0.0405822253082	0.211553578609
0.0853666998074	0.814119521527
0.521870638248	0.476871906589
2.39980123584	0.499018391264
5.28724519766	0.432409999224
0.0892479946061	0.8610006286
0.816429374473	0.438633743241
0.822325921981	0.443901770319
9.51524503176	0.452547250586
10.2020894524	0.479081964817
6.21841838748	0.485114692097
27.2201591281	0.421592343094
11.0999056705	0.469429268374
0.0549826033961	0.93059494369
10.7027478219	0.490498418493
0.183078715026	0.275875868773
0.24486749932	0.420052674845
0.286557587332	0.482079114841
6.80937912861	0.469873825284
0.0	0
10.4082407621	0.493378369781
2.70527057644	0.311796007135
0.847107873107	0.555551719121
9.45754852775	0.485475315722
6.43262448865	0.596513433578
0.0795464417775	0.22198371066
0.0614112409293	0.394230949664
4.51393214781	0.45505898706
2.64173606189	0.340175035013
0.0329697295674	0.972553898848
0.247962541704	0.804303457747
0.0436915616018	0.240898747597
3.96036031994	0.50728520693
27.001253722	0.481399563587
5.08591178787	0.486776433193
20.5699275133	0.469954089086
27.5738134516	0.453586958743
17.7134258719	0.473191513059
9.21414074852	0.471305641085
0.65645498804	0.501967379818
0.0685118462597	0.563920612915
11.9082938352	0.449212923693
5.28826000759	0.411898798902
18.3703033416	0.432179157446
0.480965854097	0.725641115625
0.221178374863	0.600205730903
4.34552763341	0.45684215137
0.257874785938	0.74183900125
3.61580340275	0.456259143885
4.59511286411	0.50944667854
1.81992852001	0.406841545931
4.03335310346	0.491160228767
1.70496842641	0.587696017186
5.15649187114	0.438077687634
1.57689645244	0.474370342607
0.812773711779	0.585888913932
2.72895718569	0.2899601431
0.0490149926973	0.262177585795
0.52372491204	0.406507471503
0.575004672348	0.319704212501
0.858134285549	0.389088591377
12.2930327393	0.476988028924
1.30192792176	0.394401746247
0.262290492539	0.706848497058
4.57793766619	0.410540181486
0.23922972248	0.551937769426
1.12510812308	0.437481134186
1.86852115782	0.403799475384
0.890451342784	0.356757482512
6.57428579231	0.45347092808
2.32273674017	0.458329755561
3.64871084274	0.697672212091
0.160160356171	0.523708615177
1.84153883747	0.527223395552
0.23476853538	0.428556263745
4.47116953875	0.538223470308
0.127636981935	0.210183352477
0.0411087767724	0.20344951844
0.081128809923	0.194954058584
1.66528292562	0.554080296404
8.82314608633	0.478199828474
0.243637350552	0.779299526597
0.103508824181	0.415636129467
2.98435665109	0.531018861034
0.0882426051032	0.597582325266
9.57225668403	0.422330225533
9.68317361023	0.426848655108
0.0921948860047	0.582826162672
22.21068732	0.453040192663
2.48361552063	0.46451261311
5.62903577477	0.436805061915
3.32068068951	0.399109632578
4.66690575107	0.491979556181
0.304406668322	0.426823956966
0.780674701896	0.439374225111
1.87704940694	0.468149337823
11.0823092349	0.480687622417
1.37629377092	0.423299687621
5.78329574872	0.489000360488
0.0214007666671	0.660179907416
14.4651408882	0.429622717515
1.3356426082	0.515301692538
0.116125435068	0.642423460343
0.499820105069	0.696983489365
0.10990760522	0.248493527088
0.0649076690249	0.177552977198
0.158989894259	0.224872748578
0.10473543737	0.262287546666
0.040302400524	0.236109745443
0.070772371433	0.143474262159
0.866323497313	0.575060384708
7.7826304075	0.444044177879
0.0882517328223	0.163892063793
3.74933622145	0.578532586632
0.742641758279	0.454611330692
1.04401276273	0.308718434565
3.04736417538	0.667567983014
3.80443951939	0.39619920226
1.33516507672	0.442188129793
1.28070226458	0.48109229885
1.41848560507	0.496168298331
0.0731430250173	0.407573075227
0.0448524463357	0.689421476722
2.82202345777	0.38726645334
5.52916432525	0.377917615668
0.759322598536	0.408595666377
0.0254420761354	0.571431322586
5.83939899713	0.445395516132
0.031774632227	0.961599266954
0.257022145256	0.778061358177
5.81543696102	0.456495183756
5.17335972118	0.433062111349
5.39259345972	0.518293303453
9.28807099525	0.397773906343
0.183428585176	0.12916694295
4.24079250293	0.483148451423
8.31193582913	0.439077506635
8.23404596387	0.419510745547
0.930199258631	0.476112631312
0.153107604072	0.385531121758
9.69246388381	0.457497017038
0.0084677064535	0.0534428105984
0.0837801258039	0.193003317633
0.0	0
1.07492864473	0.449405617829
0.0	0
0.0769481779807	0.36902068105
0.197176006101	0.401657675447
0.089608917059	0.222604586754
6.25707853978	0.533491177242
0.17677882195	0.563249791851
8.56588514672	0.544063301595
0.0727887451822	0.713980837761
0.0333814881572	0.83973903839
2.08672949274	0.404736880642
2.69017067631	0.541756193552
0.0270950096642	1.0
0.0123833928638	0.779108517856
0.0517410406259	0.122785351155
4.37157788507	0.464920673557
0.349219398775	0.70650886827
1.53290883447	0.426073298078
22.0481063208	0.444242103207
0.148906975033	0.426308093644
0.202526677933	0.721646843197
23.192727585	0.414039093153
0.253653275252	0.808208257924
0.0570532469537	0.244564170503
3.31373828152	0.584273921753
6.64675829829	0.416767403084
4.34567012286	0.436309724482
0.0	0
2.80683139586	0.448797672093
0.0117733644615	0.549801989284
0.371016349664	0.665608246091
0.0555391576912	0.464518904967
0.355386715197	0.372051175623
3.00399102798	0.468177161692
0.0415189243564	0.107599532196
7.04583584999	0.412493016372
1.9040607254	0.523022533477
6.86618575856	0.476414902864
5.49941129189	0.479376330965
0.0326315819866	1.0
9.71273994489	0.444544320509
0.15033236368	0.683322405413
1.67338939085	0.462528940181
12.2214387137	0.475356452688
0.218141791163	0.352439682802
0.492023820262	0.424842522754
0.167053177223	0.300089606267
4.7662274799	0.49794806365
0.409025867752	0.538477883724
0.0880495184649	0.245079813744
7.61119744658	0.408202712755
5.23483077291	0.473951129921
4.0972709534	0.498872555317
2.75298060215	0.302625931278
11.2605192311	0.197371719341
14.1579129698	0.251270850764
8.92178206801	0.473971208932
0.0551739679714	0.367081298231
9.34600227239	0.433163379457
0.0858237363696	0.232289949427
1.7454729917	0.567780034648
0.0521659969049	0.447123145183
4.17359220492	0.449746556585
0.027446322275	0.469553273597
0.147651142958	0.427508798871
6.86269272891	0.436761463184
2.07142181616	0.492337378922
0.148906223753	0.708802095727
0.673938195976	0.448393248764
2.48326039284	0.46141937401
1.08233287929	0.449100285828
0.673938195976	0.448393248764
1.86399395614	0.407099072156
0.673457077968	0.421821634229
2.89279823332	0.435857275988
0.689697971632	0.396772247554
3.13202324953	0.460726773259
1.03868519371	0.52189030331
4.20952705652	0.491702070889
0.0850162220964	0.353325318753
1.08106600014	0.547705067169
4.20470760321	0.420167539728
0.0297556191991	0.480358146772
1.94798425338	0.669946390427
0.016282879077	0.935547598753
0.0418646618198	0.20619852017
9.03304374926	0.473625856442
1.20316979512	0.516812800124
0.0552763405716	0.75928134684
4.04193659303	0.466911131199
3.15550493343	0.520156464887
8.57604854286	0.46452398044
1.36005671073	0.464671054042
11.8406371435	0.427532999152
11.5841253181	0.418385864258
17.0001125253	0.419858602917
11.8979223463	0.425284855812
18.4645470736	0.37871194013
0.135582413336	0.831348561047
30.5157603466	0.415098176231
0.785280369822	0.492889616983
0.0914149900698	0.305176341503
0.0598213417012	0.92040070305
2.30397553023	0.567983864782
4.49199274388	0.459839195909
0.0357313776868	0.625358251545
12.0446535654	0.479064622945
7.86778879399	0.445980348503
4.86504584725	0.421271171926
5.88265052049	0.402780347284
0.139949985802	0.23450557337
4.75397037121	0.487458213075
9.92354504874	0.504895643378
5.402575194	0.508209816372
5.668198763	0.55323399973
8.7696370568	0.46552359473
4.98688403435	0.441371396437
4.01162912974	0.418590319868
1.44020868369	0.492165667543
0.0258433756093	0.356328471996
0.0117422667208	0.591702260358
0.0343166297703	0.85523929098
2.42049668834	0.621568667589
0.672082210574	0.436361031691
0.111951539817	0.154378227375
1.39673800083	0.424996666437
0.0494798621636	0.177188062053
10.8579943746	0.461016506602
0.0150159842493	0.510218792021
0.735416961896	0.459097222298
4.9481221564	0.593894926501
5.67605249642	0.46355110021
5.23849668714	0.473142351378
0.167768764953	0.221126677291
5.3973184203	0.477738501913
0.0869576965557	0.446058305976
0.10395816242	0.223278240575
0.0745056524367	0.923254612944
0.731945335164	0.453047722714
5.32157899597	0.483255640733
9.6778938802	0.480211081245
3.81301893794	0.450582600315
3.85261172702	0.436120692952
4.98356258255	0.506625544114
6.49261474682	0.46815315268
4.07765931741	0.466907644735
4.54229959757	0.51634458945
0.513995880671	0.4684021906
0.426907181897	0.354814502482
0.573107344373	0.519057151
1.30866516658	0.164241832416
0.481551919928	0.46337145728
0.0207188832922	0.646133890455
0.0809046072508	0.547923961087
4.26408252049	0.5327593058
22.4278354821	0.439286683335
15.9270616845	0.43978866744
1.11119796066	0.479217919776
7.38497178095	0.48073846442
0.0270742625961	0.785670180579
0.100303972188	0.438506109975
0.731004908444	0.703050491041
0.920407003485	0.749048937119
0.81370638651	0.73240270837
0.794386730356	0.700593564695
0.853797263373	0.436453443761
9.58940689095	0.461999947255
0.781259782595	0.421055882106
0.0	0
0.0960577398469	0.712638374053
0.126198745764	0.407053714339
0.28735000546	0.445763164752
0.047743547076	0.876293876899
2.22109480736	0.391213594075
0.0224917053323	0.903488011924
0.0725461603366	0.672289255473
0.716528683827	0.437633018374
0.0808506862954	0.516054185468
0.0873450718852	0.375922062812
25.4175383811	0.456482366073
0.0444680931128	0.757270903323
11.8123025425	0.466776067309
1.06008479099	0.103197341388
0.396064747583	0.644805429927
6.36099702551	0.521443496706
0.136744264935	0.225065056399
0.0305577307927	0.184765939754
0.0757202098763	0.323648788818
0.0854060420206	0.227723862819
6.07567429198	0.502771882132
0.340531759515	0.9591614629
0.310464220904	0.693098631468
1.18128853499	0.541857356167
0.622549376075	0.630262180428
0.15186991115	0.336009209632
0.784031084986	0.432855609601
0.320828758824	0.687826488442
0.165504650624	0.553356278548
0.194051763122	0.468167906236
0.820910013824	0.451343951033
7.34499147284	0.43774783561
7.20255894765	0.441325503976
0.671294688174	0.420104810805
0.721784430533	0.459887192271
0.72649804097	0.419062489347
0.700950430331	0.420320208609
0.674185958768	0.422446718605
0.673938195976	0.448393248764
0.698157398335	0.403529209074
0.0351026953434	1.0
9.9162250019	0.47961052821
1.06166093594	0.383188545066
0.405110864674	0.610696549732
23.8712503283	0.414275866106
1.71880986962	0.518339593077
3.26960865335	0.394848381172
3.06563001892	0.501645644655
7.82232510782	0.434957203352
0.126988508934	0.170830976176
35.9500535971	0.467316679545
0.0647238943303	0.0250917544036
1.31772028084	0.740804583701
2.36281766614	0.451445265756
0.0773566008871	0.480673695584
6.53815109382	0.487625190342
7.2250851387	0.493381763256
8.70338335237	0.516800244391
9.61052402815	0.454198032764
0.072288172305	0.691863187432
0.0999416503957	0.804813557592
6.77534063553	0.415627101794
5.29141771207	0.437183562765
0.0857798877851	0.257061244823
0.0858303855199	0.770072072165
0.102338566095	0.502700918177
5.98922812515	0.443843672799
16.8017351412	0.463282549312
0.00236444605702	0.666376187733
3.20677481855	0.412395684722
0.046374845401	0.73617199001
10.6491908894	0.492145318868
3.4615821139	0.581922095756
7.03874250294	0.382380465303
5.08897186659	0.445167429617
7.39837064619	0.342849190735
2.13155920871	0.423895604693
10.139860383	0.493154341993
8.68310218534	0.439836234808
17.2009782239	0.467792906402
5.8356949715	0.499408269349
9.34039475972	0.493254959112
0.134474366408	0.466397027998
13.062470852	0.420886254194
3.02336239306	0.483846495319
0.314990854216	0.766067759701
0.014377668545	1.0
0.0571768186911	0.361109750169
0.112750566594	0.388021697121
0.68389956473	0.452259090817
1.01128492944	0.483038470033
0.083454092766	0.360899378956
3.04586013094	0.486973567977
3.76900952233	0.365098944787
3.61898844313	0.448227442953
0.88671603143	0.5412524428
1.093537652	0.479396783547
0.0385436149969	0.230208845904
9.3096852614	0.454940883892
2.26262532232	0.452658381454
7.14739746666	0.422389328891
0.0397450675111	0.284309173388
12.4098545422	0.466509494274
3.62503416858	0.323211420421
0.0421173516988	0.218115958569
0.0547623766261	0.966620135351
0.67336628814	0.448273087911
5.3790113581	0.520423878071
8.42967452538	0.557129002185
0.0874746799888	0.503361388422
5.5725962801	0.461047664448
4.51806428371	0.442027612113
0.120047206187	0.540976753672
5.84700775346	0.484088841637
0.144555183364	0.63932142288
0.115167949756	0.963639008852
1.22280674984	0.239614074593
0.88951936439	0.45451935145
0.0419940203693	0.224696286638
0.0877135345679	0.181288485957
3.22875401416	0.413657034357
0.0446557404906	0.160257929036
0.0393277821195	0.283601629384
6.65286138249	0.487514343077
5.93111369149	0.482859217326
0.0723112202509	0.155185383989
0.590367042116	0.65322914574
5.76765684942	0.511327349813
0.925181868785	0.765607721903
4.64575868296	0.479480631866
0.310614540783	0.587708319739
1.24873856086	0.327694146497
0.825318999425	0.464942487245
7.56474761185	0.459418464014
1.15977156039	0.609067429978
0.613580981712	0.490986133321
0.452260642342	0.567398186549
7.9999748247	0.436987901027
9.93798664006	0.441102551999
7.50614700371	0.468778525339
14.4008833032	0.456588093162
7.12476840649	0.439055061379
1.60160729851	0.497327401781
11.9318351497	0.464044759809
17.2614269061	0.486843215875
0.16834609637	0.563474256107
0.084461174276	0.827531257054
2.04673242261	0.418486610755
2.04790354302	0.472589626398
5.56877033045	0.408891114046
0.0840876943551	0.200729382506
0.116537824735	0.117096852606
0.0729636221163	0.954769073737
1.80114720585	0.241965650899
5.07521603373	0.421662640479
1.32037721357	0.446800879153
4.15023973596	0.400474345672
7.49433538651	0.431202007221
3.21903739787	0.398384065247
0.322850381063	0.590688775246
18.1084028885	0.450257608822
23.6162366663	0.437695714077
0.029087483584	0.856745634391
0.029087483584	0.856745634391
3.86850217026	0.463874536026
7.63057795651	0.435422209077
0.827817549503	0.377912024043
0.176394585011	0.265897014814
0.12520935263	0.215294304474
0.052473754909	0.723006361581
8.90848824857	0.444034204817
11.1438041723	0.470641226035
0.661530894136	0.435435779869
0.0303765065292	0.913695197853
0.313379251506	0.55576917947
0.101965052201	0.389249060656
0.13281250376	0.414929329435
0.528384898115	0.446252035343
40.1391481388	0.47727058806
0.0	0
0.0563115486708	0.933769925323
1.02906512401	0.424175070218
0.122094932459	0.392436502034
0.50319274192	0.421892259804
2.22736980109	0.275899637418
0.598451882233	0.432405483187
0.0326828087882	1.0
1.34950141839	0.438905711041
0.665215833251	0.42379986602
7.31663066327	0.427534258674
0.0382517044147	0.477174523653
4.1646101674	0.464665738276
1.56980438031	0.582273959139
4.80244337527	0.471534693577
1.16839263107	0.522431659848
0.925290663098	0.385298290208
3.2671032007	0.522125909793
6.86986542051	0.478726696756
0.0678605458353	0.977687781703
5.47497842961	0.447545300499
0.0680981957535	1.0
0.0891442853864	0.479774209161
4.39475153015	0.523400045183
5.47838948364	0.463367119565
4.0974570785	0.39055908495
5.21462920511	0.505945137077
6.13767172807	0.461987332653
3.65887799804	0.452837759866
0.0241608860942	0.328310891495
4.51177424871	0.470830876105
0.127804436228	0.569874428803
0.0	0
4.44964637088	0.471373759034
4.13738445602	0.400100086167
2.46248346505	0.463222521664
9.41953297329	0.455874720935
1.21235147172	0.53098708378
9.21606957927	0.421799936538
0.096918102368	0.499852030284
10.8320737283	0.424074786446
12.0609515368	0.486426632959
50.0	0.465507103972
45.9266535677	0.469965470365
50.0	0.472751295959
50.0	0.512000751874
38.0804270806	0.489414150744
1.21545141418	0.427294202422
8.94320558946	0.489781089228
2.90443690408	0.44197327991
22.4849192119	0.40653630068
23.4339955624	0.440359739886
12.6578666072	0.461877468137
12.7486790794	0.508374467316
2.1108975152	0.6097082677
8.23716313395	0.493125487386
13.5711968801	0.466985636806
1.45299930142	0.50850983452
0.0608820055039	0.800232130513
0.49329887116	0.727507027177
0.62473832065	0.272718602161
0.211637213523	0.547454001819
2.74306849286	0.628893235134
0.0313948777316	1.0
0.0313948777316	1.0
9.21445993948	0.4611395544
6.92284106052	0.500335483311
0.816838814073	0.581534005293
0.108198974339	0.980968240479
11.5785857993	0.443030136343
2.77015311049	0.811481419183
0.146401990905	0.264388250211
0.612191897382	0.370041300844
3.49383642701	0.577907838985
0.311461082337	0.521200430738
3.20594877134	0.470570311214
0.16620542498	0.551900422501
1.57801918315	0.423280653199
6.77785943854	0.480933171832
0.328543346627	0.783394795163
0.0659922561716	0.566784322324
0.127502779207	0.182072702156
0.144524553054	0.211361341396
0.0	0
2.72512487815	0.444223697685
0.0870876833249	0.670003018067
0.255950229639	0.753683854107
0.198119416209	0.83200029274
10.0865931326	0.437041305103
9.26030215789	0.446310685219
5.9422024687	0.500505776894
0.132929074322	0.480788821269
1.77305552348	0.507046314563
27.1320899939	0.454117774204
1.42703723511	0.489972845882
1.59458829292	0.503709143643
6.27461971665	0.368196410426
0.394314877522	0.742670578139
0.603647635253	0.628567156714
3.37896086158	0.224304144558
3.43196912074	0.630538339932
1.19118367581	0.411704244605
15.1451626278	0.430980834261
3.75893018518	0.458503095116
17.3050298137	0.488005710269
12.3893223424	0.369369185648
0.263019254996	0.996244975861
22.4529540064	0.438562543996
5.57898813114	0.456984308865
0.0723294549504	0.251171528397
0.278539840546	0.393288585801
2.82176024858	0.549488718342
0.400247906698	0.601111901404
1.13934775527	0.636082003799
0.286741692019	0.695646289172
5.36754517414	0.425253542871
3.06353659115	0.45673085208
0.228828623258	0.16834938721
3.04112220277	0.487737741276
0.267875440855	0.425045448566
0.116928285885	0.287208159189
7.90554066406	0.481655916136
0.155325886686	0.634312144965
0.14395463551	0.579109509855
8.56661201416	0.466206259537
8.79670563559	0.511660510577
0.213964640255	0.442912879012
0.180194351842	0.794870406693
0.0972518162179	0.419995832064
12.7207961588	0.488740368099
0.140560718434	0.304505236606
0.141482806612	0.403039256542
1.34417256083	0.456311122307
1.76209998977	0.522616714208
0.141914207387	0.214483148807
1.16257305993	0.439081628152
11.9236614919	0.457926332267
10.7420458547	0.497225741666
0.0847520080995	0.764774183196
0.0142052470005	0.342499686156
0.854276787146	0.460318615335
0.148825414515	0.59028071447
0.0545102678229	0.961974829507
7.34474921145	0.47840052712
6.17101870112	0.334609775111
6.27175052641	0.337075683505
1.21347584375	0.432210363674
1.15321621399	0.430990645968
4.39484828731	0.521791997598
1.1791569323	0.432955488482
8.2937404974	0.521849850701
2.03431948078	0.375728742943
0.147410130955	0.42044343606
0.151566692788	0.304948127178
0.363071105543	0.471383774085
13.2457643288	0.409303296519
0.0628963951377	0.613071529418
0.135410288678	0.272341261205
17.1708028966	0.393103185829
0.152051430123	0.244989414256
2.16575822368	0.673972320846
0.347937795772	0.442821292471
4.99971644336	0.308902648916
23.9495616662	0.447717152734
0.582833499642	0.459358332733
12.5719208392	0.497385187371
19.7851158308	0.447429015486
11.8850532823	0.449973717433
16.3020918285	0.451378842966
11.729152179	0.487946002944
11.2611091693	0.467378639774
0.0185127629918	1.0
0.0718213008083	0.943441650032
0.00866526754993	0.454021276333
0.119891758566	0.627324112906
1.07395385168	0.412352176966
2.75728457868	0.407185257886
0.0501947262697	0.167813186189
14.5904330184	0.38808423003
0.0317056921923	0.579710923443
9.16389800832	0.453537329466
17.3845296413	0.419137582037
4.61129836647	0.433431021724
4.18118134862	0.44029037961
0.0	0
0.0702803592168	0.304505236606
0.114625575665	0.709654179992
0.284828047724	0.402581574318
0.092253696047	0.744338030033
50.0	0.48620330345
0.198023044889	0.126696251347
0.35757538375	0.264585986662
4.10685121817	0.534147760069
0.201886254712	0.539331613975
0.581122341182	0.570996550008
4.58166063481	0.436714556125
2.26770048701	0.438324719101
20.1661292661	0.467607151093
0.593838939242	0.455229541557
0.457170545957	0.728065798927
6.95464515042	0.288837185832
0.269333179132	0.64436105304
4.72827655748	0.453333860777
13.3724696756	0.533948328921
8.92465522106	0.362034062358
10.3456044542	0.56402732421
11.4868688015	0.446690558851
24.3076463536	0.516204809532
14.861887111	0.482485015234
24.4669910393	0.496389216907
21.4970587785	0.431997858701
0.380073529128	0.716420221739
1.92454329453	0.477581067112
4.79680877214	0.617713452512
50.0	0.471562702005
4.93186788297	0.377468386515
5.90510614338	0.445591401129
0.503321128707	0.727851102302
7.09349581168	0.357589094161
2.63529664755	0.43692564414
0.111961299357	0.925352338865
0.167250890347	0.821599552029
0.323311847652	0.832117386554
0.918215932454	0.667426533455
4.59493152206	0.64454090017
0.747334311115	0.449038881999
11.0764248783	0.539547914208
0.249446750445	0.600343509797
1.01233543146	0.285480957775
9.79687452813	0.589089410698
18.9662300403	0.425118913977
19.2634367065	0.482488239336
8.76018453685	0.390029094007
7.41588645144	0.45988570981
21.3456758965	0.466201933103
0.595782157026	0.687125142188
13.861638131	0.471696719596
11.907060342	0.355487422856
13.4208888159	0.448547851975
21.8761905221	0.456857508049
47.1810115671	0.427320409409
35.6986866527	0.437344958209
4.58317356435	0.568035922251
0.127063676611	0.245337351802
50.0	0.43687968798
0.567734234386	0.253409481508
0.332793298956	0.484433082267
1.00702861376	0.879230352461
33.0314924792	0.403526301303
16.1810644709	0.632550855297
4.44051214965	0.387555266515
18.9813256457	0.608293995579
0.666250872448	0.283601629384
50.0	0.482511114019
0.173386100501	1.0
1.31493137696	0.765766840624
46.5995843219	0.50909939317
0.496002426332	0.311257057682
0.674106482676	0.419072335361
11.811014161	0.551471111431
0.378918047122	0.52347011233
11.5051109024	0.427187645139
0.308050875858	0.230320477758
16.2158813677	0.419678017058
3.3702343619	0.513808528256
0.288323051106	0.23015050722
50.0	0.465316624434
50.0	0.460612404279
6.6372139482	0.717324710259
11.6597613809	0.501356264038
41.3065251803	0.443421122361
50.0	0.566842407999
1.70393134004	0.661850490008
0.889680693389	0.370035743716
1.13038553862	0.502908939772
7.48576320486	0.984476723032
6.36220083596	0.717528425411
1.27708957495	0.318874781365
50.0	0.549181425171
21.6241276086	0.333815957748
50.0	0.483501736644
