#abundance	rearangement
0.21758674935044375	0.3414440604805752
8.496819241800525	0.31907175374543445
0.01543326365984198	0.23370293825644778
0.13619362600752977	0.6067209449526338
5.159690197644176	0.3326233744243988
0.0	0
0.09466027791251434	0.45773749417461435
7.7183308401450414	0.460561321132291
6.250046082606693	0.3900982392469034
0.26016259511248735	0.45747516106372615
0.053822304919273777	0.1978147188365286
0.5172502092228388	0.4118949259108303
0.601342676873992	0.7632265333139019
0.5345884161479537	0.4019672006415629
0.000967666072492881	1.0
0.21635551188105476	0.34468828725039835
0.006719454026671236	1.0
0.011833793998186057	0.7624658813786614
15.718013589771106	0.45223859074179634
0.09819046795700674	0.6886622886400166
0.28228606356786845	0.6081420814951046
5.531526092257624	0.4908797601343881
6.5168057968505835	0.4258346975219713
0.2174943148739416	0.3481195076948758
6.561687917869224	0.4514351721078248
0.42542312195607246	0.43970140458509943
7.5795875358342135	0.458926410145784
14.434605178788557	0.3490942037976771
7.609176620890256	0.4369006704148725
0.7538944921972279	0.24961574825465965
3.554492345971877	0.42604955004493006
0.011588548037747698	0.9490258574363055
0.037173628284472515	0.22460000004863864
0.023396809546226163	0.17129606195263192
0.5606724236673019	0.41989547767199303
1.2255383163850229	0.5021491732208558
0.07072822064605876	0.8981636990631968
0.04028279099302601	0.6544142809925426
1.832315430088166	0.5371921358430192
3.390082524033985	0.568451995592235
5.40448011143475	0.4353907388782093
0.03635003198040093	0.07410918742936257
0.2917753881276174	0.29944647415142844
0.2864634375534913	0.3716267589861414
0.15285555684916485	0.4854310236057058
0.14666487178945478	0.35703200669511725
0.03040028176606211	0.11241493091305878
7.518483787610896	0.28704785294850316
20.163866335183577	0.38810413155849405
0.09533219953843114	0.7655424157392499
2.3812429093723835	0.23982047316691868
0.04547199047857414	0.6501359468697193
0.6237213276063134	0.5442343466500691
10.619373046440627	0.4177346141089759
0.01800932313742642	0.7778174936319038
0.03753512735498843	0.19435143180458014
2.0959642502605087	0.25558889770965376
8.48721136563053	0.44722709427516466
0.6128256701449752	0.38767129249429083
4.699494218805926	0.4616671419535826
8.375869410435193	0.4241449879423235
6.0999035260538355	0.3961051130097658
0.8421407926257379	0.248481110353346
7.504920409817622	0.5644020471260173
0.01895821677094084	0.9865607911698278
1.0913901533517418	0.23465265453648224
4.612801227669739	0.5511089059521326
2.4492381088643382	0.46169949177728453
11.23149096087247	0.40448098465692073
4.018127527456715	0.4902896076685543
16.34985351370534	0.40914955900033795
0.21505975486427684	0.3467899222302231
0.34292896981514653	0.3171327734074557
0.054772286217787895	0.7102526436661819
0.23865883973240654	0.342498376544815
0.22156678724212894	0.3411699831691285
0.37204951462169344	0.39233692259156266
0.06645813186593127	0.5934724539378096
8.493460151160773	0.4189426869426916
0.24059918434808408	0.3473123801031094
3.055623408716621	0.2596719486330504
1.1682131323180271	0.3209315453113304
2.646024419227632	0.5815505143483276
0.18003487360881978	0.5237182594474475
0.07378525577800418	0.5992497184733414
2.289924440188116	0.4541093771698668
0.009255743212166346	0.6190484517676434
0.020708204049861782	0.31746332216649753
0.46816163652831727	0.3492887533320656
2.9396900917178987	0.49746121491525847
0.021486481953342997	0.13522998752901652
4.546231126742301	0.5326274602036788
1.2098997716777087	0.6030160691743943
6.408719417232165	0.5150594182306657
0.007998369218585951	1.0
0.7044514203655572	0.3899645320863017
1.1645888295995808	0.2947173123423151
7.7486976434514165	0.5078316438021224
0.05216267217296976	0.5743180227484127
0.9516015644001997	0.5750562874716723
0.03598466781817694	1.0
8.350171848724832	0.5396733741577247
0.21588550143387483	0.3267584928638927
0.05727614799184357	0.413771151658373
0.09435733216328762	0.037065813106102116
16.440620969568364	0.39260065654291193
2.2586080513625357	0.5533331513043732
6.715015671923646	0.3656656089447056
4.0929361789721215	0.5157714053171796
10.441569360234821	0.4250706986367741
0.4350813348686039	0.2810247245708526
0.7530034399612451	0.3497055481608971
0.7748052711966659	0.4083767682512802
5.4555870115489125	0.4742800021266552
4.525107181464223	0.516455731138901
7.195772585817339	0.4336407752608213
6.507112967718183	0.4158201347471035
0.5037820336550375	0.6614460036474017
7.024978897758982	0.4513693723963628
1.3472150736888797	0.444485763287362
4.788833785018712	0.2109635492432291
3.9982856446319675	0.3905619142774104
15.434952802208416	0.4055800931377934
0.2941444218561092	0.49973831997040546
0.7343045884848651	0.3930887608552752
6.496795992809316	0.4059968584040591
0.15566356088975358	0.720757737052751
0.07798101682354047	0.705065890873356
12.005924347040262	0.47394393007689783
11.42285841738481	0.5066826905627773
5.1700608318742525	0.44746714212446825
4.804294387682084	0.48732300787609495
0.1374550163403639	0.5354328151192891
0.06206702413455356	0.5258314887511033
6.876065391762418	0.4497128955043155
1.410886681037839	0.31538327208516903
1.4601061290135426	0.28144228519244285
0.006539663055015957	0.3757788836337725
0.01953923278585716	0.04784237082148961
0.0024486436758466225	0.1395587002191381
0.3962851313047576	0.4192237628115892
0.034438826748913326	0.14324105370010645
0.25876745954747854	0.22674660837396038
5.895939952502908	0.4305565576770649
0.08331326200156679	0.6129776244821319
4.628600926664971	0.4400355584971009
4.463299697030189	0.4997339521630887
0.013914378946190322	0.09530398838477123
0.018666026216602287	0.5416743998668676
0.2256476198372987	0.38897508704154604
0.04527893953370833	0.18410811427559323
0.23477892312741702	0.30955096028903845
0.2310489673717514	0.4007910383891597
0.7730035772806525	0.5530849176365176
1.908668437062646	0.29485310988223223
2.990564485500273	0.6079465777250669
0.11693477466302528	0.9469458532415371
0.037928908357377354	0.07603189308576785
0.17420131098514668	0.5538040453233625
0.8485013178518853	0.47369557447637056
0.5694872081472111	0.5123784985405087
1.9907079139196362	0.5361799313626477
12.22183569493168	0.45493428750170567
0.05156264672312563	0.4122393884028771
1.5236534978397334	0.3795720105828588
1.9499540941068507	0.24601375554470636
12.88816871847662	0.49372659007051634
0.21261670360831444	0.662148551994718
8.09386927446476	0.4155673704596876
0.037143187374595744	0.11904343699703097
0.009218086577741286	0.5860071746388271
0.10565238523188923	0.6465963306679501
3.1239522202321863	0.24957403372641745
0.3579682145283294	0.43506294755042635
0.03734732298531019	0.9358375828296163
5.467404407802973	0.47298041790008666
7.810199522290156	0.43950666695902346
2.4525998344327684	0.45611394795689686
6.586432397069986	0.3192743439461714
6.313324842510873	0.4407505938024048
4.699162546034782	0.5679192797560312
0.021439023881198088	0.031669535191765553
1.5891516678020625	0.5847957326817058
0.09528221257698806	0.8011289980474295
7.315738246528582	0.4277587320756353
1.209559472791797	0.5243670141461376
0.8117777175940711	0.44688278651180086
0.03626348761610438	0.11800802389186048
0.016533578619522777	0.10520383475310816
6.423504059523684	0.44321024410235516
1.565866065188502	0.49033846793907987
1.196131027012287	0.27964612425797186
7.282502541001896	0.4726777985782781
0.05860195382420792	0.29005938593305086
0.4817260673414054	0.3103262292772532
0.05200794644525864	0.1323875328291693
0.020868768829783904	0.2898302932397047
7.423003950019738	0.48723745591049744
2.1413719158320985	0.4229047834724449
2.958614697089375	0.3781049464365548
1.9680443749916556	0.5617557992336014
0.011886179763031517	0.05957771866480108
5.615019732929079	0.5247241807950446
1.1947270177881777	0.3568160131341782
1.7217034594074654	0.25122112834221094
4.730855849818514	0.48700311346106506
0.2602850581741781	0.4459249804179093
0.2297124631868272	0.34241204433351047
1.1008174130662998	0.373903656043213
0.21161763035773246	0.3382914001730651
0.3083020949623171	0.477775057131614
0.22032659322082324	0.35647262118044765
0.21161763035773246	0.3382914001730651
0.6784378590740804	0.4032811410304419
1.2354826419360687	0.2152640672236237
4.782702377933265	0.4892844789401631
0.7545432281032421	0.3012123200364316
5.805511533633959	0.49729115912298055
0.4860537797931507	0.2636782204521133
0.09086650779883941	0.43828153802171693
0.017528602784587663	0.1409812935180808
1.0256863449323408	0.43259270152762713
0.005661281204505329	0.9242378760407103
8.069776428891736	0.4083029243920653
0.006822658139072339	0.8397733745875832
6.393797186621581	0.5113963957407185
10.439982193937752	0.4427427583399539
8.2832519731226	0.39873359105378064
0.0800086312271314	0.5947848519206609
0.9516166933392578	0.498093073735489
0.05176664360139791	0.09612865092521093
7.802559945910136	0.5446684444797748
2.19008605901185	0.5609030990318058
0.0	0
0.0	0
8.521091816676897	0.348043489999991
1.0084610453075313	0.6562507623311449
6.070338636270224	0.5115801890450442
4.807834699925525	0.4472894544072272
13.224081293276988	0.394538752233866
0.017652047532190632	0.8756245354781726
15.364710358878517	0.41344312659384747
1.457895189984656	0.13703059471023019
0.04525598794199006	0.5803834075726069
0.3218230262194962	0.4814855559932157
0.9638090519162751	0.2728969447991579
6.101694663895659	0.15645396671614767
1.1091404233214053	0.2980345483202887
0.4899353119955432	0.49839630263671775
3.2742474091527836	0.4130964627179526
2.060886157694985	0.17475031147487793
4.17196600069821	0.4908989828207499
3.4656202959025117	0.39264552164684546
9.713634585018848	0.5278483695056354
0.34743757823675253	0.39270169184352105
0.06971415814460949	0.5624592987544824
0.05859382673769969	0.4920444876242239
0.03150700609737647	0.44543250741052626
0.2931511876669394	0.4122184715726626
8.016561097348125	0.41925533951390936
3.9456061659072423	0.2994840376498253
0.14321651035530425	0.6376663390388179
0.3536107615463942	0.3956506254427516
0.027578784613443076	0.936686594071968
0.5472177393087582	0.38016579153052577
3.5430916640653445	0.49087160359208387
10.16172580264779	0.39570982709454766
3.844891246748333	0.5641290179144226
0.03708312346232555	0.4504711271339221
0.15789812588178784	0.8248296627506558
4.497402937718734	0.515359002738023
6.837013570490412	0.45843497983161374
0.0364536840647657	0.11953342503387561
5.243026485531928	0.5416991485630269
6.437280327177636	0.43033881942670804
6.4956819450204595	0.4421408683449022
0.0	0
0.14723466922387263	0.5213290019008652
0.01656330663184089	0.8112977373333314
13.005240272236593	0.47940153188050155
4.182135766980246	0.4907527379124769
0.10448536577584433	0.3990564883797175
7.874157210373457	0.41958855187654187
0.0554682894506268	0.24526478103209648
0.16831714774368145	0.17050091951802956
0.019105506157562038	0.8986783045956418
21.089698752710024	0.372969050369726
0.012151471759670724	1.0
0.013665246702889246	1.0
0.41790011861056775	0.42770553925840216
3.4160234780344347	0.3160697453958978
6.545856130552476	0.4786507977430413
0.41790011861056775	0.42770553925840216
2.503079555197625	0.2656692446092754
1.3567322409693254	0.6806327845669791
1.6366196689681414	0.30659956669992694
1.6776685279489654	0.43704071478754086
0.13388681321567628	0.5883607254731049
5.49114929822283	0.19706520959701385
2.4647255077726067	0.21319688104810444
1.6186276731883553	0.3041079395638617
1.7927446141100798	0.40600514020698464
0.23206782461654638	0.39181215574904465
5.128723754333672	0.47456646812909614
1.0036275442659937	0.3578680715665053
3.29553200886593	0.56602553539682
1.9548726288513072	0.250125028399199
0.1579523343700188	0.29739767914104726
0.6723581247027732	0.30465085364259953
0.02193671900631515	0.16346211141369782
6.451738428631378	0.41657232778181824
0.0173114268524991	0.10583166951359761
0.11975188167957118	0.12296091555155665
1.0609615896139433	0.3443026479915997
5.971088316355547	0.4765972191932087
0.030571193253482346	0.5455949431206661
0.11511387288925078	0.20512997867321392
7.3272339978025425	0.41331858745749317
7.830750653803026	0.43358800129627867
0.9819289056688663	0.3090149591066767
7.545760842338078	0.45155877312493325
2.845322585224132	0.2957312354455293
0.3872209756534898	0.36209583581798066
8.77060820253313	0.42336694510215817
5.662136000684189	0.2974473060326681
0.07020423196289854	0.5300356047180846
10.563254518262438	0.39616233979106136
0.06433443947010695	0.32900434311383536
0.06928693722809152	0.49795845008920697
0.13417873496890734	0.26396093638991835
0.02215563865831953	0.2568799201700018
3.235285839203581	0.15206592403575214
1.4890370660233068	0.2884973312467569
0.09588447789082678	0.4478927077023259
0.29823811463074346	0.41719623590507
2.7443300977622758	0.2889160215777449
8.133095258764007	0.4150841529226096
1.0631663678569165	0.3300454750115461
1.383080985549339	0.31804767144785034
1.2308050459184496	0.40913748269161304
1.6132959039133954	0.5124931246463558
0.13108580235439551	0.6976675888205834
0.5910855800629277	0.3740631770020154
7.998260601060689	0.4448267605508424
0.007694063186019836	1.0
4.218660339537592	0.5067870101396765
0.017009748923602557	0.15356020671790224
0.05579558464399532	0.5929662376003925
0.035043213425391254	0.6582753543652524
18.026861521759653	0.45386754425196585
4.551866518147251	0.536886475042846
5.289933611116151	0.5098603803860009
6.1642813938302705	0.44681389797641297
7.279292296503294	0.4579741762798479
5.915813758834	0.4023737123735968
5.450904863507768	0.48890333664969576
0.03926172856668304	0.0940830132046506
2.356034609401838	0.4310942091258263
6.601845007847677	0.3685262139521138
6.4111957405857165	0.505226359667528
1.3156811844403822	0.37282363151836023
4.597683312274343	0.5142390950190681
10.749155130334069	0.43030208042329415
4.815695475239529	0.5410332732314245
0.4672737490259305	0.5607257252360972
8.46471182981689	0.5063826052525955
0.4836099742076039	0.4076995288186683
0.675199332638309	0.38494786683332066
0.78363519423044	0.3887170947302805
9.728283671899208	0.43352776391208775
3.2486261819309075	0.6035585359331352
2.3432030292820936	0.5404501941747937
1.2184785114372563	0.42375151869314637
10.956315490285514	0.6378788801671589
0.03537880814382531	0.527822537836061
0.21918086641164866	0.3531355935635828
1.7793738537458719	0.1437899015685041
1.3581699790866406	0.3665625277410363
33.526517092752634	0.47006999795314675
1.6355084976211798	0.2942078449951386
0.04226263808038611	0.11135664974601298
0.6983576822786173	0.3381709962110052
1.5617863471859696	0.259367162523242
0.3318040960581743	0.5599456079112665
0.04961046600563801	0.35836929980368054
0.15667652126814785	0.39170464837047386
0.08542922518825743	0.5994252275159725
1.8620380599496524	0.19278769605904766
6.797729588674433	0.40329120878592983
0.05508901407859471	0.5405998717203925
0.3798018758622602	0.42883048716818684
8.688448061376022	0.3956374490167058
16.70734774861041	0.4781792429667315
0.018829915619199833	0.14627017690330513
2.9819123458485475	0.5041047202360557
0.10502346798613195	0.19307305550821321
0.06268810139210632	0.7632284902168602
0.024410763183640122	0.5860485803365518
0.9608912792504216	0.398222009142342
3.089527900041583	0.39130958700695
2.08951392062904	0.4096190323576539
3.097967353319969	0.42052921535130866
1.7020238688402418	0.40563377021073554
0.04202465890481089	0.4826024367130877
0.04474873415458234	0.24298900939855267
0.04098327106035195	0.25962748713770506
0.042767011363060194	0.0887977861314685
7.730025369705387	0.455355936315973
0.051128409498042614	0.1374088523065495
0.29495575720764333	0.22397395580034382
0.034577862848845696	0.17473380913638084
5.425928981024889	0.47395640132967554
2.0858214538361293	0.18335252729652393
0.5981499004047547	0.409275477177858
0.009732430852260861	0.3744541133143415
15.429937119283041	0.4507205564447794
17.650949033498634	0.48122327647892094
6.162557161536984	0.4821555529062506
0.015918506124045193	0.8706485227784186
13.40457291276085	0.49773319866539417
4.9652118043534665	0.4481426597914319
0.0518203318600905	0.4011032853587823
6.143778344572788	0.4126541087464377
4.614178631977872	0.22795125096921237
0.04047861840100296	0.1761326597574798
1.4668849658521863	0.2721363792882429
3.571504471639728	0.5749492700141002
0.8480728320488132	0.4115680147968536
5.600906991941253	0.417003069294231
0.035793424184309156	0.13030046020309133
0.04073761277984189	0.5660777709191014
0.2541796506391852	0.39711443021216064
0.4536161245566074	0.2051040750904426
6.566120207244562	0.44746867577608995
0.03357691196749192	0.3833859688726747
1.367709296331104	0.18184693541702868
5.483340237486214	0.5117973231885935
0.060122308659424674	0.3938642360824648
2.731017832937788	0.482423928280236
0.21584827254148561	0.3553653976223388
0.21584827254148561	0.3553653976223388
0.21844126536564556	0.3976753916861527
0.21075245453163569	0.33977867231530123
0.2204707179029628	0.33559850714960143
0.2198891257850093	0.3619205132580543
1.0471644878568869	0.3484903308452908
9.613507761865002	0.4344007444105757
7.954107958742668	0.4644974349508781
5.7505125619805595	0.4823284261509446
3.6826109426103018	0.21205498577894924
0.35811684975064306	0.33648391525363514
0.2519252235968	0.36424922595171455
0.2519252235968	0.36424922595171455
0.3030276468717872	0.4302647579630824
0.2519252235968	0.36424922595171455
0.011846290975520717	0.4692112765649344
1.5204227179108643	0.2938511547962401
1.4920922215962986	0.2860082027982449
0.04578647174269449	0.21905377294226874
0.10445319655446794	0.4049942501811091
10.37472969777056	0.4688528020883037
5.896573035411647	0.4678251518671672
8.081342816344902	0.4673438201806634
0.018078450537710837	0.7854390180540981
12.00511781027874	0.4183102205842966
0.08095723680200592	0.1761326597574798
0.12592960635863923	0.16370892432701284
7.164026081294904	0.450180121005332
6.429733431066874	0.47520089374549107
9.270014833594239	0.4329229344092873
0.018863023169504566	0.09080688094671703
0.040496145193753594	0.40533839501852276
1.6239086741986974	0.2487962785821997
0.9211036160143036	0.3689735480510678
1.5548789182235527	0.31988861562652965
3.851684274105792	0.4917391493256787
3.245027476218153	0.4660412677576393
2.661245755357542	0.4998242752593061
13.774507729927983	0.4094111222139874
0.2224099257260621	0.31656114014737397
0.016612156789577802	0.7363865007282148
7.662423712330713	0.4942456655133251
43.367834001746644	0.4443148214409202
0.040376655136639066	1.0
1.1695616652586243	0.5609910674916625
0.9428611442577952	0.3116207110945745
0.2980815864207976	0.4099072131790212
1.407467845318797	0.2844600887892533
2.355774505170533	0.2678687813680012
0.9900676771305374	0.3523126239305287
14.050969446582371	0.404335765838525
6.71073346961681	0.45419368064948584
2.1005584734045857	0.24714521444330834
6.278089784436721	0.5025492919272226
0.9761178389700735	0.4479310539216799
7.41729975302356	0.3886749444605286
1.314277357291724	0.3862451779020225
7.231784982710764	0.5406658061560425
0.9877394011582977	0.6619608803629091
0.08381358907784148	0.5953427048649835
0.0034810027065399767	1.0
0.5270226926462265	0.3945010393576826
2.537828090653191	0.373189291923176
0.7118831703844825	0.7704270892880742
0.5610231068493572	0.36236464677558416
6.209438596628762	0.365644706505922
7.562135346414943	0.3406209400737858
7.071611402950794	0.376312785979587
0.023837814520263203	0.2039263959730077
0.38491083051245184	0.2829789854443104
27.01041212606042	0.458993799522586
0.035733857375424574	0.2028712501086027
0.01624427628197219	0.1598953298790088
0.6686016798313557	0.22567571972485426
5.631930780566396	0.5116591348631365
12.9474206567372	0.42869522139035393
9.999389176374207	0.42039472135927963
9.581783004552461	0.4172579266411596
6.594493628016924	0.5009331385622373
6.956345128996983	0.43615172021903226
5.941952678238192	0.44953866633027767
0.5832332362737758	0.5116804688355886
0.06532151190050871	0.6403138815076247
0.21782928532176402	0.36122792149755356
2.2678273038606824	0.5561273298315313
0.0356751643539732	0.11844278817752593
0.22063908799385806	0.3690649622329317
0.012534807782542415	0.7756040380997086
0.015127151289076804	0.6866413635740352
0.19848180004428417	0.5110624865334401
0.025982584720944866	0.4420965533533753
0.01848860612693988	1.0
5.10420102510288	0.4428493590144258
3.6673210704644097	0.2403220932332007
3.8930239873646526	0.18987860388737376
0.8151265405744554	0.4059502352068713
5.694100714984823	0.4722260448663891
4.989252624452126	0.46230475892584877
2.2404199229080684	0.38971477685523725
0.7598295132430599	0.6095400556803634
0.03623147061419615	0.11111407730374803
1.8949778024400203	0.38312848204228556
0.402913752023545	0.5692256605774056
0.06870517555373265	0.3643390472428153
9.020218898703344	0.44789651051159557
7.066592817290729	0.37657356750454757
0.10704104974422081	0.4742759107882017
7.857525061619254	0.442589283568782
3.9715427135450527	0.5157775672947094
2.3543303480435256	0.44677178206548634
0.06307208962437569	0.43211953545827314
7.201792922048251	0.4907694699455872
0.03812672322062268	0.139960153050214
0.5463563794359875	0.4168376881350087
4.396878408626444	0.5491829055301356
12.599558747973365	0.4971753679985375
0.2332439383869492	0.3691756929850007
6.907105503956624	0.4358426139409816
0.004693807806508945	0.3171980597846726
0.4381704371666546	0.2992548985572687
0.21314837815392632	0.5363420321197746
10.315010907880458	0.4728371930430833
0.0523449043454059	0.20120497832182702
0.13094576144058725	0.4887699656524006
13.348262709331555	0.5131869088607719
7.523553641603572	0.4110536403456099
5.124991472029501	0.5603811064558006
8.334323990194898	0.46517010312935914
6.041920074518734	0.6058423098675196
0.04156660690136031	0.09572509936730099
0.04206859003503726	0.09599003452558337
0.22752992556919097	0.8272615000908946
0.004169968449356197	1.0
0.6699880139215149	0.23263467828542994
0.4917950803958878	0.5476171030857745
4.226171225529393	0.4899927054290707
5.652493040150178	0.45407709605025937
6.6065749067953625	0.4007344776137401
1.3001513688196555	0.22370840725667165
1.068242853695707	0.3376423485375909
4.961056006309791	0.4893538882639836
0.9108609920979429	0.39147590365211016
5.064892610121008	0.4720421833413011
2.6318373590393516	0.24204945548133983
7.2615002176758034	0.4549298754249941
0.0	0
0.01803555118307287	0.06534220742908577
0.01752753246965168	1.0
0.0035133048698814365	0.9676866248125251
1.3140326315458668	0.6036272058172357
0.13812792156199255	0.7392828445931102
0.4094100513545234	0.5574914990099008
7.439685518308252	0.42639764675567315
23.564271016197402	0.47744411833526473
0.3996445794263419	0.3987851974237066
0.2883286326615204	0.39145041847151424
0.08418170079478968	0.5027837290441106
3.5293228837204507	0.5462899609382387
5.4692357333684125	0.4871960316680711
9.485937377861173	0.45174124189963755
0.020052879573403848	0.7868558843359762
9.682949470913316	0.49669704804826864
0.018514337067214705	0.10301322941339365
5.299467449632697	0.4983267312775622
0.013674417125084899	0.7511303741327042
0.04071634228185067	0.29121330426333236
2.871269394791282	0.32534259283496736
2.8544123070904224	0.23696538914027174
1.6167996009767223	0.26308574892012715
0.07006008801613825	0.5601196263518635
7.2080628306747725	0.4669121504523226
0.058628546029734246	0.4331672272153932
0.06517949316674834	0.22968636414049945
0.021410542486244355	0.5876473123475986
2.8658816704023726	0.26287435729978703
0.06311289650919798	0.27821749699472786
5.590691445810037	0.5107360557573623
15.742225408164158	0.4429104031398123
0.07290950780532868	0.7099473844780158
7.536420425689054	0.44944050565177024
5.826131752126988	0.48801896973891284
1.7398032796748364	0.40141403946201243
7.702197972092893	0.461927676055889
0.01857451754881256	0.1313647487340394
0.9019172484625269	0.41771327860567525
0.04294046713899377	0.19779270157948656
0.23425484580066966	0.2580421214298348
0.06740128181719653	0.35946230067545987
0.47296285748418065	0.761178461030757
0.43194499910564305	0.7446234981229448
0.5198772267487237	0.7676238952531678
0.2521908055470903	0.7326744621597772
0.009624233537279158	0.8277047385343376
1.904046539851374	0.1041270910382469
1.2044879040158682	0.4466097691705597
7.174182628137573	0.4364206022254035
7.814106850809985	0.3834787907819006
8.76484000828942	0.42094462582686915
0.10581669755265552	0.19655739788704685
0.448772620882207	0.7341740684865045
5.925429804598764	0.40508296505321606
0.2350108609419602	0.49562760046676857
0.45007507915401135	0.3549825532362218
0.03479828826669709	0.09501488120234457
0.01593424198747052	0.9313213040063091
0.04936696762760162	0.8406329518913566
0.08095723680200592	0.1761326597574798
3.4934888597743576	0.41223709350314186
2.6222509806127636	0.38792971141703536
1.7640689057004486	0.4029536471634226
0.035492936993402384	0.10213962528779875
0.8166709818161753	0.26820198732089406
2.098242879356999	0.299565158860906
0.017685394960754802	0.16786760209389245
0.0742587180027828	0.13530352165265916
0.7375557612313286	0.3546741301078559
0.3212278600732653	0.40290386126948335
0.3527647897467736	0.3692814855126207
8.500991497368943	0.41099174164744506
10.411572916281441	0.4358683718612603
7.922855512534994	0.3860817397125366
15.596721406443878	0.46533448928698534
10.519411032644905	0.3914943285528214
12.998806826564143	0.3770273095594174
0.046413894781165255	0.1830042725241945
0.2798335577139102	0.34155936075796595
8.029113814457395	0.42394864139214916
11.044840935091418	0.5164176008065807
0.940151952302966	0.7595482000669799
0.6443503388496871	0.4363447068370019
0.20364366936029663	0.45818396228163977
4.167301998895345	0.46776112099002903
0.18859914435681244	0.23231224418259647
0.056636713515332136	0.25769040846114094
1.3442439914345288	0.45319972196394864
3.4351280614301674	0.5555977281916878
0.09104077088893293	0.6272190445184684
0.01843952572247382	1.0
0.23761941815201126	0.3451208092024346
0.22618435404326487	0.37313880255166954
3.3415938399556984	0.4872103618490142
0.6358703013248784	0.43183267425614946
0.6427232250344246	0.3762843597037578
2.5548398838329445	0.2295540025998728
0.22639185763043673	0.37625517228808486
0.22032659322082324	0.35647262118044765
2.959114473131321	0.3260778222047948
0.1193675408651226	0.7409449707590826
0.23598171773552798	0.5452330153021197
6.222401532837676	0.4279531967222091
1.3807786938697217	0.3312921087111273
0.062009219348401375	0.1769729011530119
0.3115020168332489	0.4466294721803231
0.38516583362549955	0.47336768868868356
10.96590415826151	0.4163328398710081
1.942275313077773	0.372708639745511
3.2243002674916648	0.3601083814109623
18.046881698331628	0.4115720663735799
7.80269609193342	0.4293686825437222
5.595687528729103	0.4663074683684051
0.8447020613401172	0.7149613873181558
0.011581404565790272	0.1749120438045668
3.8812177163814767	0.5704758074508929
1.5162545760901562	0.6783868017873274
2.8377613454145156	0.5705223289194099
0.18687699107998304	0.6552411100925004
2.8111257877502833	0.2934651890945548
0.393607356141098	0.39360370180739446
5.283779537484765	0.4989103955972049
5.284980936107427	0.49387845284158544
1.5820561040243242	0.37447198952634586
1.7092202715576998	0.33071308285457257
7.142919866079802	0.5005093751075578
14.850840981773063	0.4223269438367207
10.622506010594797	0.49952652836530365
9.392316871438593	0.5150211259040229
7.196812192299515	0.4423167020381675
4.9971337348083855	0.4884440915602376
8.51778208005617	0.4299663868975797
3.778725961469593	0.37979110711774317
7.076343949289009	0.4490272310779339
12.20575207582813	0.4327924607618672
1.5092189538352205	0.3357256623224295
7.788052011577737	0.38642672214101714
5.710610131072175	0.48812193104535817
0.6988059386173665	0.25685505521552593
0.700098779561929	0.8510044115206248
1.059808762659188	0.45168522611562834
0.29102519953018696	0.31346005721261067
0.26151504324459807	0.32538549861486965
1.5970179430509304	0.6439117873946768
0.0	0
7.146078807655677	0.44552465758113996
0.33733808190603465	0.4444933915549864
9.42171463765955	0.4692657646587033
6.271112783862114	0.4364096735600646
0.029088020109379404	0.6445761304906642
0.7696412910678984	0.4730991703584475
0.8340195364953882	0.747337867999353
0.5289326888309289	0.46701621898859313
0.16196254824124975	0.6652073661429985
1.9693407168013848	0.23114179093364487
5.240291275588133	0.5353179017013862
2.3900508779853618	0.25417947873349817
0.6583424067641853	0.4051977729321772
4.345088992653668	0.4942996186146301
0.2151494061238385	0.24418686314397725
2.1304750155919137	0.2350970630115247
1.7272272305543306	0.24767659027604325
2.475829445297843	0.2611772656861069
3.589017338454837	0.30505557312554465
0.03298649046474016	0.7901131762165781
0.027720624156898625	0.7495806676153839
0.04787038420834407	0.8058828918634244
0.21885015892408882	0.3576370100541209
1.975335894342184	0.5377298312537334
0.020629336870383562	0.10420315651092356
3.3327195117121575	0.2772617178456746
0.025638222271895956	0.6982840860413778
0.039423484083054496	0.7585912265589169
0.021760433778114992	0.7383902623505918
2.083865487062052	0.25720936019677115
1.9019167589500885	0.26842579466012106
1.9963187167904275	0.32725658003823865
5.0072959307934415	0.4699693459084439
6.546751148010052	0.5167432045317635
0.0	0
0.054861942292625254	0.3098590911244713
0.08729659465305264	0.4585516103001047
0.004087768932094892	0.3475586176668288
5.769031967345978	0.45608123724924127
0.5793481636334218	0.571701486473825
0.01657129691059385	0.13225353964569492
0.01474200507152948	0.9527174986234704
0.11067045550229582	0.16172467269327698
0.04945573546264793	0.16167857485189982
0.1414233568598083	0.5597371252356537
7.8447561685553815	0.43020160064046675
14.475421193577919	0.4910110900917591
0.01164751947321277	0.7730176531805766
0.019735854021299334	0.21468836837750838
0.08253978077569402	0.5522316217784158
0.23209957476641724	0.5856701033838022
0.01897176479446909	0.16824723628003746
4.653788273204953	0.459787863141111
7.894204931085793	0.41487750496758946
0.0886035317148485	0.8865531710002186
0.9837056470178809	0.39241911822577924
3.1258048547663266	0.28813065627640677
40.251302669990544	0.4294014697677615
38.76968215649713	0.4129681699081222
38.64011587586696	0.451380430515433
0.4950118045673884	0.3104380378718983
0.312517954068854	0.5972468370103708
34.94327846795134	0.3919668446799503
50.0	0.4234019501815291
0.02014829880687788	0.08856804067396964
6.088748678886593	0.4704899668563391
2.3099533974790414	0.20396987511468526
2.229951861150113	0.4521109919427668
2.518538965960026	0.2707519965604809
2.798359414791696	0.24972633680514106
0.4418896926611722	0.44582514714016935
9.880084865368195	0.43947949679667736
3.3339818279160807	0.4189585015590123
5.695500417916937	0.5304694421503956
14.567894904072226	0.48629028723258644
0.04802910904362881	0.8094436597194029
2.9933986446610956	0.5905684609347391
6.027767201583929	0.4947478467010821
0.5979107582208801	0.2399325485593451
0.2628304326250463	0.2653127564118158
0.269934952189978	0.3984817017329807
21.529418209491016	0.4678929873841779
3.2609158447007793	0.4963604249325776
6.7979400693962155	0.4594682936135145
1.2134320395420997	0.6018517321320342
1.1139749823346334	0.44060618513313543
0.16637267322495988	0.257863934208409
3.396180402633675	0.3208943267681235
0.04049456958821861	1.0
0.009313988994121728	0.37698618188434346
1.8306743293976107	0.3526732878626933
1.1519264628763406	0.33427888503465175
0.5331896264473517	0.3470038558313927
0.039269737192734154	0.16828500588357295
0.0578030400009422	0.28588441302422213
0.0442578268421716	1.0
0.2474261601979193	0.3373484471487409
0.2250749180777144	0.35775110143102784
2.0396404255835563	0.45307233189337287
8.49780181776958	0.43538659432774124
0.48441877296289976	0.2614948192266715
9.209324950124216	0.4487887785570301
6.079915615523823	0.47471767043270124
15.20720161240404	0.42703399015055876
0.019734891516290688	0.24543239739956313
0.0473672551486114	0.17160579487682012
0.07837664003696448	0.6014422494139701
9.867132020902451	0.38954021931973304
0.034757957319678144	0.34570226378023894
0.5755425321368439	0.27379994758028425
0.127700500750633	0.23726054817810885
6.757796578668063	0.43734309997717
5.83622417411926	0.5068837209269346
0.0610553230937932	0.6022390574532335
0.9048283857098031	0.3186373347400389
2.063185252054685	0.2553248912276401
0.26729617777912973	0.3394605088689738
0.20340427188403332	0.4384044360292246
4.199447143705919	0.25353020627182266
6.040411535241056	0.397075374909524
7.349322765485083	0.40054730130176086
0.049437137010393845	0.35834604642275314
0.05130619018273257	0.34972947117178527
0.04469165296344079	0.04418780531654348
2.901432072371683	0.29011636606591046
0.21646729932019387	0.4572610103632024
0.10870246218712115	0.38336588713683717
5.085552850670073	0.3099957906909871
1.2235904998637328	0.39466329133532246
0.6155953669085104	0.7457855111895716
0.07717884007169072	0.5352348928405177
2.324491223365603	0.48012979021168095
2.626187319396183	0.46349626860394016
0.024216007636550924	0.7172872676999791
1.66621752688819	0.45282198215231506
0.39734407628208457	0.693752456220852
0.016606248971184408	0.9458977544452332
2.0463446416197266	0.565540957072283
1.833022895710927	0.18821717006255617
0.20531544863880116	0.38023659983778635
1.7063765007639273	0.18837497331796887
1.3291427577443535	0.22107495122899767
2.434355040385361	0.4350152264766451
2.7254389723002768	0.5838391062658002
1.6529688556370663	0.31520762614350656
10.860224997858678	0.43612929405762413
0.2817734476270516	0.37049490922048334
26.536166265271174	0.40341892572904325
4.049990510006575	0.16563867466512935
2.4633850646536817	0.45969015196870794
8.573421210097479	0.5024354337818793
7.581591400505298	0.5362098301116063
8.347720757679589	0.43054217512351467
0.020818624115053454	0.1331726622574579
7.311189655150079	0.49116703983486465
0.20025398736456587	0.6427475342963884
2.3807183396737	0.26992832316150045
0.3309305525361822	0.40937659005929455
0.09114828564081029	0.5305267946622368
2.4188279359741767	0.4193214726541043
0.3045713716482178	0.40656587385651627
1.260271099886995	0.49042584984916543
0.06304506645741892	0.1947879385780983
0.08413796188379613	0.21068901254980307
7.22054000015198	0.4678183348883472
0.045052046761857326	0.26494707366743986
0.04209683941278204	0.7585912265589169
6.081374779539515	0.4862666694820149
0.6219466502514441	0.45496434737940933
4.604853993406606	0.4239956136014993
0.07932898386278431	0.1636647594292908
0.02256904862014367	0.6679056971832774
0.2685351394900317	0.3577005379696753
0.44528099755156975	0.48954147339383647
1.1467761664009235	0.4608971092763418
0.494285496583153	0.3044802853331325
3.6623685889523956	0.4828677401153238
0.22576535464816364	0.365403861130788
0.0665612514700106	0.518671003447119
7.536937160583024	0.4182213540130521
8.376282167951375	0.37482865653523245
6.662880574277767	0.4583997492234559
0.30053299235376896	0.33770675503699166
0.035079723095458974	0.5679437313653903
0.5425388981441164	0.5316160611947703
0.03155634329770981	0.3117012095611709
12.953002808118253	0.395446760344373
0.0	0
0.6798446812245776	0.46443596281814115
0.7026026471352533	0.5469873420838947
0.46912891869492607	0.3697777257519416
3.6191272087462916	0.36506782358177825
0.10386535102614385	0.7988120181770005
0.020344815145914966	0.18477106476480262
0.3351204627509476	0.43026176922727094
7.229868827156322	0.3549474858340998
0.02729027468212728	0.6014694747086451
3.2820795616107272	0.506994076795818
17.413496549577086	0.4547753639261868
1.8162179371991154	0.19293171175583887
0.04191614976003831	0.22196568123119034
0.2649975964179027	0.383152749681163
0.050774187143676784	0.3838974344839421
26.48737076971189	0.4378672294025879
1.9168035232244822	0.17813086110085585
6.027607056472938	0.581522411358452
0.32712355871051935	0.36868106599322786
1.191489723659865	0.4857172377660156
2.0403683009537072	0.380900597948695
3.015847669597623	0.442439040907909
0.037333172942206776	0.8598332944500175
0.06914977755036684	0.709180631889848
0.18330365888026334	0.3828091935260737
0.7869192237325745	0.4498307034641927
0.8467872263871083	0.7182323296362007
0.9512134130514486	0.4544093788585069
0.793614148451259	0.6904747414044183
0.02970165090036664	0.3562837447992564
1.0851390209029184	0.3426776486721144
0.0	0
0.037731157818343714	0.24728293376075472
0.16550962855362686	0.7125677024160347
15.696166655866179	0.4759341734128631
6.701231223681777	0.5042764226281675
12.87379581366738	0.39444137845044963
6.792415303270391	0.49759146187136144
0.03839636632849373	0.13397952371573346
0.06854310670086552	0.3526264411902508
1.5300868720567877	0.2092847698070192
10.537409691860567	0.43961725173081284
6.839524826714974	0.4862911942617942
0.16199107029610052	0.6351927670283627
0.13974426066450582	0.5313199622094161
3.4648289139399737	0.37943985113846895
3.270075843096764	0.4274001939971009
1.6327082814122833	0.2441822695877007
0.1316461841194029	0.5433109283665953
0.07041125049443105	0.505097863244885
8.418393191098462	0.41410750078555025
3.3390099507796824	0.2330802588328325
7.218329194388702	0.4284393183384496
4.571136732577012	0.4726063490155906
0.26251796742057637	0.370992776242089
0.24996716300821445	0.3737389951688631
7.698227600924284	0.454698475831648
0.40054558535305973	0.42326430001003146
0.3540263763267081	0.43897275407386976
5.5887727251447386	0.4555214020891424
5.646900241567246	0.42441051238634575
6.584522800751468	0.4365055589449884
0.49134296806119454	0.4815089426650034
2.2891744897897643	0.2448310039678354
16.12355375086026	0.46495653829943207
7.363837705734338	0.481251483701208
0.0	0
2.25397319793158	0.14172151557818838
4.564567350524982	0.3889450084262397
2.2858802188695417	0.17932842607666122
3.935262149279012	0.24742451989518366
2.0027629245154914	0.2918125719280753
0.24036747682327753	0.30310492869198774
0.7796174832082247	0.33452752832965654
7.164561649035306	0.38168158197495883
4.814020512935111	0.47992868887405815
8.454914703414207	0.36359667842428905
2.026875394619833	0.3463489565564463
3.9157757979605745	0.1568420387127753
5.431814441837765	0.2243092198094968
4.140072661302612	0.41428045157321786
0.3524409804023617	0.4851447436217922
2.23824002161574	0.5265051761783487
2.6933662508723204	0.3983785814549462
0.05984336602610741	0.16364431913627006
2.505497254440405	0.5279466396840264
0.3043778077110675	0.433504435400404
0.2603767229857817	0.3272669871047881
0.056592224813620855	0.5672901935778172
0.19977010115177773	0.21973516143340818
6.361138573182021	0.4470457674624723
0.07654545159465474	0.7874040797871033
4.812897311690972	0.3978864393026859
2.061664064069272	0.4872564019120853
7.504458042741271	0.4889658544160822
8.146902692127153	0.4270471268901195
0.6387992873999105	0.6692560762764287
0.3143452553002205	0.4836133933587122
1.2820285927753714	0.2572660004552657
12.076667595488047	0.49093622531570386
3.0573397156593356	0.5639642303066085
6.274078126093001	0.44509642610755035
0.03993021672585929	0.8958932036702347
0.2338595611911079	0.3507452638748411
0.18287306394026337	0.9279914182013328
0.060119313104344714	0.0722071116184249
1.373393842418946	0.15339956289916465
0.054898533603478794	0.09473954748884746
2.7779418389400155	0.2171367647327351
0.19355351385444855	0.37566862221263797
2.1780255579393395	0.2212153654491456
0.8812064390470681	0.25690367944079484
2.0760132996680807	0.2243372466328181
0.23563153921010424	0.3694445863940332
0.9997222471919848	0.3316241894356292
2.6850202420720484	0.26372057913870084
0.4203205913874328	0.6104273932481065
0.25185473294519406	0.6151119476796104
0.2431767504910018	0.5115112482138734
0.051967284886597735	0.15741016410823364
9.074454581088343	0.5171342720221971
3.3790574937935904	0.47800304564342067
3.330326514234708	0.5063307219700746
8.162656134135423	0.445359228763026
0.6462691868775212	0.4429585985423969
0.2808711329817407	0.7729983605419682
0.02066774850804486	0.13814488775371392
0.0196372546865896	0.1521030034393331
0.0	0
0.010788531235819746	0.2853124311131311
0.026176421485747076	0.18383000477326508
1.9252870271686233	0.5476679255863641
0.06407653035549819	0.35155473436637313
0.046726414699910755	0.324037138219224
0.03872255966789931	0.11800802389186048
0.03482017158345478	0.9305654382785098
1.4101254099036682	0.40428584540522067
0.20108029683275827	0.25232471244646676
0.09970014424027758	0.1561594941591137
0.01608154667903058	0.5184146150160294
2.028249056471224	0.24990081633903125
0.02016794509613081	0.9556831686088072
0.01197682902018349	0.9253742855620752
0.4648636195658135	0.429658945408359
0.3944425551943832	0.4511852426463407
0.7320908512245051	0.3361086987807686
0.71686575931582	0.32811306620231095
0.2708765048468299	0.31145843960649267
0.2755888593207128	0.3232319630739227
0.019407486356414767	0.07410918742936257
0.05756539279384849	0.18489825082376074
0.18302691044518785	0.4757462342928268
0.020056462868594888	0.505731807027221
1.6079117681025827	0.22987861263377363
0.05465415863211442	0.31073048574019657
0.04347511198057851	0.41898986507626074
0.03669502153155269	0.40273803801138897
2.1577358858247764	0.2852761480949115
0.2258164115283317	0.7837201647523838
0.023178036127131207	0.45303993730885944
0.19229237730037552	0.6142872835082235
0.038741708058505506	0.05919611493888491
0.3590557182046931	0.3206386389037354
0.05926185739573061	0.3536886350717978
0.03979618108584454	0.19262736735336827
0.2916711549253282	0.4775947539762403
0.5684165804588236	0.3317405977841496
11.273587882854017	0.44655009529418743
0.19823464596591495	0.12309420075513998
0.016116731614119723	0.674918964746302
1.000650133484559	0.6668850417162353
15.8984272297047	0.5064997824415253
20.348727358854948	0.4459397030148361
0.018991319040334135	0.14695915722163147
6.923108733163631	0.3976544269649462
6.015858208889095	0.4353308318042024
17.671986648006378	0.38921233395902566
0.2436221300620937	0.6153073045542303
0.7857799696768002	0.6091859981954818
0.8822965712493399	0.6247838382423855
0.0707252186621371	0.8894621731334803
0.10975406821348761	0.53534965387021
0.2525738221419247	0.4602851365027176
0.07048533914444578	0.5430347548141012
0.11218291807783187	0.6505104040761049
0.026382186951646344	0.6294001252499721
0.3817454642293942	0.5491754754249482
0.07657945350605247	0.2761615107461116
0.345605154488924	0.369926634175105
0.0	0
6.904809378392302	0.5203378656987157
0.5970364965107195	0.49480470816612193
1.0218306131469008	0.6362068178502135
5.801141536701955	0.482422708486976
0.0260709870410799	0.6567337070772514
0.4675199210816448	0.31498702939399886
0.023609007595422088	0.9054170145989053
0.27211130543389705	0.34924130254709435
8.56053055516569	0.4562894760584938
0.048958013729941297	0.16606123544690918
8.002190530223514	0.42349790971811135
10.99379302831163	0.36844217692084263
1.6962611402432641	0.2529239345007229
7.701815046616247	0.4564212985593144
0.0665754291365032	0.3534481849163069
8.997939017540965	0.4187146449758097
8.311519184219561	0.45905396268962323
9.589893357116175	0.38865056089221023
9.563999612584313	0.4429281449557978
5.300788650555183	0.4239143655767672
0.03839641776396487	0.20818399359378081
0.023378990317505528	0.5026091528316822
0.02223366273809552	0.5270047845855288
0.06776005957276662	0.5088221512383309
5.040525303588795	0.39331978311712534
6.8312447920093256	0.30139254111127445
0.11793143970344251	0.4787672272159892
0.3994293692180544	0.33537292054085405
1.4383960494018	0.3570802435548174
0.41853756813566406	0.7477419437254069
5.432377459454233	0.4450819121697248
5.432457259485159	0.5117578040228201
5.6623956124240316	0.46178189913470863
1.5574937056372657	0.1588539693903591
6.03855627810887	0.48958389978119327
6.369478794368825	0.39898181531839905
1.938410011900877	0.37871793082721633
1.6597802856197779	0.4508676679321156
0.019431641473244034	0.017957264435683695
9.314001104785525	0.41813053243315296
6.136291758918164	0.4726175269188512
0.26032432260590593	0.3560579621566427
0.23351369687681858	0.36860620295689783
0.0914566823163963	0.4379157271301697
0.6183862101746653	0.3471123660647862
0.5681746198667869	0.32974813015553683
7.270134190189082	0.3796345859281336
1.650233445211804	0.1837009259054486
0.33912871423923424	0.37285352911337993
6.758764128945839	0.4621556101944823
0.03847579192711261	0.9311515740135574
1.6923914835992384	0.08719912040260402
0.033660266169241164	0.38920344509186006
3.6012440171789093	0.35085099847307333
1.2567953616995242	0.28843157667466046
0.012168184324326068	0.18604429581974183
0.053316866754975906	0.4569350194950541
7.304630990180821	0.4884647398993236
1.0898882515166015	0.3461457120040043
3.2715255286340645	0.24439114254171965
7.071979150680929	0.3810440754351506
0.01861689159405865	0.5236510789977927
10.167990854742877	0.4238129346792187
0.023433334960499957	0.8079499329238455
1.9081758014070864	0.2783731471087695
7.655373413572681	0.404104615894081
0.6513594838508903	0.37642880485919517
1.4707416059798097	0.30752908117945077
0.2326005592066104	0.36122792149755356
0.2326005592066104	0.36122792149755356
0.42067029277378887	0.2936095311815395
0.2326005592066104	0.36122792149755356
13.7028213966502	0.4378435185005229
8.419658324232179	0.46269150392673053
7.757530989313029	0.40888081389811565
0.03970904840814446	0.9022805090267311
6.351256963091764	0.5018291227281613
22.20952905581683	0.4655564526920466
5.092770303003514	0.5140943497772592
1.9273558966957174	0.41982783506463095
6.909333181691477	0.41462840750486857
7.045599494464503	0.46312652886840244
1.2650942113095731	0.4419359158475215
0.40117351859492606	0.34194572275642837
0.0860925213522684	0.3780221041791299
0.03886720644197821	0.12109423754347896
0.01955742892496734	0.053983394529694494
0.03351067336280759	0.3819828322116089
0.14367253004571076	0.11645088104754825
2.305062911705838	0.2827266409254706
15.094946235232056	0.4889081640260044
0.3605113568719652	0.3131212486262437
0.022762178454751855	1.0
0.12687554814326601	0.6677046765737015
1.1529565318353727	0.30620285449683254
2.7478077568517767	0.41889915036242914
5.845123987394253	0.4464137109518542
3.2671387791074906	0.5394744891021681
1.289083684958356	0.5444573410079363
4.125866046817781	0.5460578308213946
0.11261922134395973	0.45290282375725877
0.04416165282249447	0.12035747788307012
0.20861018037127393	0.7073337672582113
0.01844125804564459	0.909679932128273
1.580608752888259	0.15791225166844292
0.11258564221923606	0.41395915396031335
3.903016858041518	0.3594635665815935
0.17488503867262672	0.1882728598495468
0.021442716155259684	0.7573162578565319
0.03427656573418094	0.18991012655797082
0.037825447228983754	0.115333764728264
5.792113657364148	0.4180726121722152
0.019198208881982436	0.20818399359378081
0.022439864374223104	0.9939141683845865
0.02256904862014367	0.6679056971832774
0.24772806262806385	0.7134750381881025
3.735260769589954	0.22834969943949734
0.019737549704389904	0.8657541118096065
6.6199790221114165	0.41075146703044035
3.767229237387071	0.2579863321264224
1.927259169380906	0.2892176833851878
6.030334885153147	0.46531125762472997
5.06924760086885	0.4055762137611817
0.0194353479149596	1.0
4.598263557819172	0.4257146062953232
0.04136787460188602	0.15674630546358184
0.011618425768563366	0.8785907540178305
3.99453672971584	0.5256438498212741
0.13041965538908745	0.39408115623450646
1.0617471131148515	0.44436837239525506
14.108075913005061	0.5430903278751784
0.10207120432944662	0.3436242931167554
0.3841168020487957	0.5316366608261363
0.020499374563346398	1.0
0.016157942726053903	0.9656068214145761
24.39491259793799	0.49913288056642807
0.02333030151865926	0.3543395967368437
0.229256405205676	0.3477837192972436
0.3830336537947786	0.7641241430284313
9.103721318448567	0.4456543018426395
9.460038863282577	0.41025755016345805
9.742990813247937	0.5038783024847987
3.4757688279117382	0.2145759742265363
1.066076085181077	0.706988301556113
0.5161563439014094	0.47131265576740766
0.01256306147802989	0.446796851771881
0.0	0
46.920919445413595	0.40991412390791243
18.41979079796092	0.49662274728535466
18.07362528928007	0.41167283208833244
0.6118722344006537	0.3253125046050294
2.1431487446132977	0.31893116388877213
1.9285894176426917	0.27581143608060654
40.48396731041913	0.4503647862629662
37.59370995961193	0.3440215264342884
0.20752766061969344	0.5436892704846719
0.08062394025231634	0.301461176407575
0.023769101463302297	0.38943652057704836
0.06551345065012909	0.5534510623997639
3.7271292488419956	0.6100041471557857
0.017276702867383368	0.7072053383311984
0.2638406166624538	0.4313080384063165
0.23742422102529898	0.33860456094698305
0.4257521626006208	0.2920018813610868
7.70493071186766	0.3433285905038904
0.11728337051341596	0.5447686286975981
7.235543241667579	0.40127130219802404
4.927700098750293	0.41488425760034
5.7415654991938485	0.47132627768425817
5.788321200200135	0.4595039819942512
0.018920650844744195	0.1426651247193686
6.3258030738629065	0.4214031843809187
2.805144698075332	0.48753273632392585
4.7987343846156785	0.4512438479197998
1.010514612433046	0.4338267536181555
0.323941477813235	0.42750711401054536
6.472063227794593	0.4089285158813782
1.2980248646258736	0.5155458456285766
0.09703253718812765	0.5484008981666942
1.4120778913707293	0.4558801951095992
0.1588904590464523	0.29444651867911653
0.37272805203494525	0.33305888076122514
0.04451866525659744	0.11111668248116795
0.44950003255257376	0.4180398193998526
0.07228082213929325	0.1781396755293871
0.05983574432187079	0.4086351685335038
0.04709716040110247	0.5890305224496939
0.5568053916786287	0.6176671967462524
1.2427410692457788	0.34367897080569076
8.982640863561523	0.42567120366683425
7.1134172718934705	0.4742516976207035
10.084688361953022	0.3888886663588559
5.793319015364481	0.5584648244252031
9.142831053219373	0.41738890743979584
0.9215090391844434	0.360743108201708
9.849151030895662	0.3850475891026954
11.845518289510236	0.4619601909000388
15.461085566218854	0.43268694628149534
0.07805293617628994	0.705034685558754
0.05066361841702668	0.647922095247717
0.9492387907010551	0.3075103085301102
9.382897202788916	0.5090576256092957
2.162105450659477	0.1505001942458982
0.03850570369350178	0.11621081656133754
0.08440160869572717	0.3026183253499234
0.040077054652963774	0.07443030792647055
0.08813591293009142	0.4405998452624098
0.10609665687786406	0.4228946957415045
0.23240300078753848	0.5360539771384919
0.06978436859574118	0.46706432676705084
7.259485689889925	0.5168958637235785
6.786190688978098	0.46566005580372694
0.006045179701382628	0.9242378760407103
0.5035641092977186	0.608941458585266
0.04557513295275156	0.4799087680075449
0.036197207635505046	0.21013664619913405
0.018263487874926224	0.9256480051716629
2.488253677013544	0.23768019857901881
0.006308174301977617	1.0
7.36251742031063	0.3912422083978884
7.849922319601126	0.4401748971299604
9.383515345799372	0.42363870029612616
0.05483761345415527	0.1519452825608585
13.02190459580878	0.38018865283189035
0.053907353957106885	0.1550002615806356
0.05483761345415527	0.1519452825608585
3.524102180775381	0.30787945120886434
0.04617065157162215	0.17397725990115248
0.46656711126365685	0.47782617196368965
0.015475968316712175	0.542533974165085
0.059571645914720035	0.0957571251527953
0.029831226062292663	0.9154151796645409
0.20838375842432122	0.1561627890930655
12.929245198374128	0.4281390305780986
0.6448439537681235	0.3669672088705229
0.05031078254251309	0.3901489076429279
0.07051412654072635	0.48853532900203106
30.44105787040144	0.46749836680445905
0.23488689173126193	0.40186254640739955
9.749822485060776	0.4340676465253259
5.481697265047495	0.5209097080703262
1.2148206712193816	0.32006369840451654
5.942499910734863	0.4671239785691487
2.8222919709180667	0.4770876016026247
11.522369406204213	0.4846815647347641
6.733643665841347	0.4863953641316288
7.172155896973084	0.4819022280020039
0.028604468963805616	0.9393449248090068
3.696104154336239	0.2068359546309389
0.5201866704970368	0.2809743113981203
0.3703494144948926	0.4547043540678631
0.6958155049081318	0.6761685963521673
0.5115410131680669	0.3438804402159177
0.32848299354142574	0.5264407844568137
0.13929207002069174	0.5072974184205684
0.6834423749428123	0.41394949923792707
2.8733493275858377	0.24327976085675937
0.5384262964259593	0.610002021442772
0.0305450163806973	0.6464024740589241
6.984913075716505	0.44237047790947853
0.04017869624385335	0.22645684755601653
0.593217818583385	0.593571251552209
0.0198734853665471	0.10061421836806561
0.02071087919048389	0.1487079545750007
0.032750327779078034	0.7446042945829101
0.4677890087401412	0.5203943560501162
2.444653935984286	0.5539611913763713
2.569077032525947	0.27839036718428717
0.046410231731121195	0.723029073437166
0.3079967051971418	0.380932446769521
0.31223296182388866	0.3807528535144067
7.423472422681388	0.3603010044370805
8.553485587516935	0.4501604954627065
3.921584001105774	0.4288721279114304
25.784041308121587	0.4387084633004071
10.15448916023342	0.4229610457061566
0.025405253887895267	0.6033221887294996
9.07802752400498	0.4997249647704557
0.07600917734935769	0.12449091818726858
0.21568840819047347	0.41155337511409534
0.22602357707283618	0.45340357599427666
6.803181619538235	0.4349751580655486
0.0	0
10.727389756744257	0.47082532220193835
2.903047778182909	0.17689515064758268
0.8475160769720332	0.552662599636499
7.551360494144141	0.4463533212698352
5.2263296748258545	0.6257911552245171
0.03509999586421213	0.1863188015053618
0.018610064049952732	0.6207076145497951
2.1759275748659896	0.2622056312739706
1.8685758549111404	0.4437755615577454
0.021477984416423637	0.9113286482666759
0.27919999728218553	0.9006375925406347
0.01954262065971666	0.0730219654621366
4.213799517005548	0.48848910702269593
23.679771464298504	0.43683173215016957
3.2910426146487826	0.2911367422870787
16.74293460508382	0.43854721001145175
23.27029524859374	0.44845488428823826
14.525513720069432	0.4159363943747739
7.159005252353757	0.39103462536044187
0.46527302823134886	0.48869810089829885
0.09093170845098444	0.7447590223634922
9.389223469919395	0.392862876290636
3.318784390763991	0.3480934061310988
14.039685048924676	0.34822581353032944
0.3587593790480236	0.6409442918541064
0.1871639974740119	0.5629262884083243
3.4442380265149906	0.5457458992841051
0.31671866803344007	0.5463443819604118
3.5461553205438583	0.48929970803664025
4.631414381529625	0.5350668689111833
0.9512348009637525	0.41667552544867487
4.439831027515437	0.4688127805254285
0.9542558405490891	0.4401549465773128
5.717725375665077	0.443087069043818
1.1813981849105064	0.5532014888662027
0.7589477204843449	0.5302290680219776
1.534026635242739	0.18083982692998948
0.050112509165186656	0.29300786541180573
0.30095303171010385	0.451840750714337
0.3719663752926084	0.3774008650408889
0.5226365471652075	0.3831130363865749
11.027245753496599	0.4276445790027261
0.3851029780515991	0.25231707837345035
0.3092854996250736	0.3842591494141138
2.4392238027779483	0.287932565345601
0.07704122966257126	0.44715496409223876
0.5861169797662175	0.33646853441046676
0.9519263074001095	0.36957657114068254
0.4740649319828748	0.16129589775505582
6.220813682354274	0.47540229237619963
1.1138728438600605	0.3642679933422184
1.087222472512575	0.5674577958035787
0.1480196537368858	0.7215557575315279
1.1486123368805177	0.5279953366440607
0.10465630995696372	0.32809626044874884
4.343615668018957	0.5331333991405166
0.059571645914720035	0.0957571251527953
0.018387083142618336	0.14324105370010645
0.03831152663936641	0.12134598641321152
0.9031962947035695	0.6305584860344553
7.85845847699417	0.49903921784741356
0.26201784612937074	0.6534029027341318
0.04688586768237885	0.3441417197990895
1.5160807015662754	0.30244516898907586
0.06435290949192968	0.432989176106703
8.54973561601532	0.3810393630609497
8.27397828914842	0.38413890171149107
0.06672974886419414	0.4851247470347837
20.235539154182714	0.42229164899044996
1.211412077834172	0.38363593934656465
2.8068283459460583	0.2666135679748157
1.6700008419361867	0.2528388961916637
2.3667518053936036	0.2728215548505956
0.21973792735673667	0.5479672145473194
0.32332570905517455	0.3987930821284115
0.8234625611342946	0.40724084271565025
6.610168906270586	0.38678052129721124
0.6717015379596882	0.22381892477287982
4.019709371012864	0.43562355233615374
0.013409177725794875	0.7888160275424386
17.866426575616664	0.44362204565972874
0.9872433896751126	0.5807084162106356
0.07931766498089066	0.5365912335091532
0.3723952862931079	0.4431773879853429
0.049113979388329246	0.21939347484724847
0.031021438268127	0.19547536255441134
0.07645188844498624	0.462960124324795
0.05736784157408713	0.4008031046606946
0.02792463734997402	0.19511413423115695
0.03191715063461826	0.2059805946390107
0.71124089263654	0.5570971286718311
6.23589965874084	0.4026636792896499
0.0400249875726998	0.08512644883189521
3.3921616449911878	0.6050919709283276
0.26777357797985796	0.3651189939178714
0.4676828089425607	0.4351731834570424
2.3666724508648342	0.6446518347447414
2.038687322575973	0.12830280107163952
0.6602446431832452	0.18835055566883452
0.7197128976494226	0.16181951106523898
0.8079614634719549	0.20978745612895117
0.04879463210758314	0.20259391376845942
0.024199029821935326	0.5239559375676435
1.98443732621306	0.2807399044912963
4.722044307823598	0.30207489251084485
0.21517487559966153	0.2509513263293071
0.017999150802306907	0.8826609431202433
5.882681358262573	0.4868828420620798
0.01930198813256351	0.8441114233998579
0.34837975139636185	0.8588929254100421
5.6222974044191645	0.4847734716558695
5.2297141399191975	0.3840601694230638
5.341134723965036	0.4720381022103531
4.300620371530218	0.23651878767238457
0.11745990931822352	0.16352896017794122
2.019937318102757	0.3134896007939543
3.9736380792536368	0.243624180342003
8.761104309482882	0.4170734085109849
0.36654838715032007	0.39767936935294035
0.08878990130725187	0.5587610849591986
4.621351200139529	0.2304885808049256
0.01003340018413971	0.7275201750950265
0.03824388284899186	0.13727330482562491
0.0	0
0.4297942689250467	0.4007372394863946
0.0	0
0.043356368095437754	0.6845817887617772
0.1423875521219262	0.30009406291014623
0.04293313971684147	0.10536780063458386
6.033413982963355	0.5193228927273318
0.18043858185915354	0.6076144380584398
6.578906478617029	0.48583712557225334
0.023110501383219146	0.8190779139328479
0.014743904008649384	0.8821351628228526
1.1606767203444412	0.2890557790423637
1.338482020121931	0.5425475720151242
0.022720445783274226	0.8940058410651588
0.011674202375243112	1.0
0.027628094491562557	0.017198199861285082
2.2161589286549956	0.24302172231605604
0.1308180023708766	0.43434118864104476
0.6172525934153247	0.26930792792894537
20.39416079619446	0.4341694344447269
0.10142947302251187	0.481965576499392
0.10094511669940782	0.6466298086940028
16.270614316294747	0.3412890283679752
0.13557497300143612	0.5698104458098978
0.02542294253882168	0.04449319164432578
2.897761597502687	0.5390246808478771
4.330772217343932	0.34147408783372235
1.9543124109591197	0.24841532760260973
0.0	0
1.2734095955395197	0.38296361725258443
0.028610978634924962	1.0
0.2510517031054932	0.7151209499767869
0.02545693416927376	0.31795110952824274
0.2466528322977854	0.29471697619649045
1.4892264493229312	0.34492249288410104
0.02144271409512474	0.205961535229313
5.252942183532302	0.37335054452054706
0.8968086577461606	0.4757572402446954
4.0951778969140475	0.511778124117595
5.46705228885567	0.4974713321317603
0.022014599158102572	1.0
8.319554499207582	0.3897446883787387
0.10059627118655295	0.6108177977588934
1.186135784993221	0.5761243045987179
10.447024178504032	0.38964400483763123
0.15913828533456056	0.19246065947860252
0.24048561789192985	0.3501846260102824
0.10645106976145181	0.19144873765148243
4.228699505018071	0.5755392027365622
0.34195975539948265	0.5620896560533358
0.043433244546151675	0.13144659028102249
5.187733466423109	0.3370383008823516
2.5008462820368194	0.2837894589196218
4.518137352240482	0.46057474914169083
2.655777241109002	0.10007587110535977
10.60741132151797	0.13738402307735048
11.72695863224884	0.14176062979788195
7.108486268348258	0.4216932536477889
0.019357531220816356	0.18313722386525225
7.327187425794468	0.42314605677124334
0.04016409371959122	0.05228500465810584
1.1973978402447103	0.6066639893737164
0.0415668948246334	0.6996877807087841
2.165487311025717	0.2739874666028289
0.015475968316712175	0.542533974165085
0.06613006088649262	0.20242137318942874
6.441391444611366	0.4436210478770866
1.78355818522453	0.561795227912551
0.11332417711033281	0.5971999594528976
0.2336968739470176	0.3601764653282036
1.0119468243374492	0.42714379505619315
0.41767501308832417	0.404431392834281
0.2336968739470176	0.3601764653282036
0.6873244799895224	0.2900259899851267
0.2418949749561867	0.3535731053635463
1.0119125899077048	0.2915834910621748
0.2513347822606649	0.30319513819154986
1.3345153346006802	0.3578296791429259
0.8721169020417134	0.5827404247220308
2.0115091288477274	0.351925256863624
0.079194194174773	0.23782432983412774
0.5266949019428429	0.5764922328904
2.23501613596135	0.17129880416427076
0.017686006635885668	0.33486012941303717
1.779761505233654	0.640321278903584
0.00825527871323049	0.9282255761110391
0.02091281168385114	0.08495802161898305
7.944010948794475	0.4806083940836168
0.9253868843642938	0.4811131568140471
0.028481540290000232	0.8246466722518258
2.013388445410753	0.2733371872392787
3.3471137583235366	0.43716418645462063
7.462598814523443	0.41491969622430486
0.5733463299523988	0.41066397650582415
10.475918089238192	0.39057049568887725
9.9693390549644	0.36309604218817954
13.929305015398626	0.36719553975810915
10.109898649829107	0.3705482277161518
15.858759761469866	0.3632839367610115
0.07378770699218412	0.5806699807339211
26.86030143875844	0.42053521822108936
0.2798338908419777	0.315223155009624
0.043486943157199906	0.12759854806198478
0.020708338280994328	0.6451297027184661
1.1688102369671654	0.47996796682000964
2.210710338478962	0.2655414389561824
0.029042738091510627	0.27854873891597354
9.648157039668803	0.4684161592133771
8.146250882514316	0.4212340160019166
2.610420663626634	0.4144341827663956
3.042613037300633	0.17195489195970823
0.061517591998245635	0.16477755774101469
4.777913929428529	0.48781845049679523
7.656720747606338	0.4464364258315679
5.6741352313311735	0.5022458448871315
5.371626464513821	0.4762012565048722
9.070602336239434	0.4503448100139701
5.366566117324326	0.4823341251639733
3.042733900369208	0.3702248031193147
0.6061606156583471	0.4281783263667027
0.017686484988397567	0.8112977373333314
0.015944716034842692	0.4438602623545313
0.01729819156918386	0.8874957576262759
0.6564847076548939	0.29713903168971995
0.228885194532807	0.38389325178737643
0.07562228297841277	0.42082071115708086
0.8559577042732551	0.47480702173533706
0.02041691941816338	0.4322525656312646
9.487966833591065	0.43272388077871266
0.0058798095830419825	0.14240120706684017
0.2650283784820437	0.4033272836963382
4.499053375276735	0.5158197860778652
5.246267611960694	0.45067439619308747
5.417121464050943	0.4403175464548163
0.07376611026651964	0.10621081821464612
5.457708618532915	0.49955789682652363
0.07198239673725795	0.5083264490830379
0.042714265415865774	0.1026299084962732
0.02706830808277928	0.7683505016767307
0.2403261957682911	0.37314702695938046
5.409529985581716	0.470311585430855
10.33026655869118	0.46651090746977036
3.8022089576804694	0.4686886098588373
3.773148217228249	0.48819217870746234
4.841130178308082	0.46997722554491406
6.282294775796456	0.4983722881665695
4.064348072134933	0.4648136622545323
4.462575383602655	0.5295396398440676
0.46047711685370196	0.4454017796520698
0.19457401068012456	0.3095339903632845
0.5452485361751331	0.5747804066994658
0.6415291920320583	0.25558998294403423
0.40940089149452014	0.4337916671098809
0.014433787331657157	0.7175250581922111
0.04521432869998454	0.6665052650949558
3.376878746828185	0.5140428560831144
21.97475549595131	0.4020075111700385
13.518359166430136	0.4413174656667456
0.4261051713163417	0.3072650254923907
7.262199526096163	0.46540276947861614
0.028276022747695497	0.9036407196190562
0.052239590337307865	0.5974921122364732
0.4415083409647411	0.27227345476039344
0.5613535816507164	0.3646236000450743
0.4853146560894893	0.3150663617137949
0.45960401347302166	0.24531756953084385
0.23852487999418176	0.29903975528091264
7.985336993883092	0.4724897092286353
0.3015601870950154	0.33315538005176304
0.0	0
0.06927678814716641	0.26525818977122206
0.10524235108765782	0.5481101911522347
0.18060299529301285	0.3877629015871152
0.023156205894050066	0.7631442107902814
2.181826407348404	0.4267318970385509
0.012991150502447457	0.37231375530477695
0.040635123122044474	0.6238359117205229
0.2630705765308981	0.34025134298579107
0.048927486790871326	0.3714800387149235
0.09603115480927056	0.16497622488648664
23.549437052735914	0.41817109457874607
0.051723367705666885	0.9165131692326752
10.928516681801689	0.43833237501142114
0.7274515206580959	0.13026034955191404
0.2109212029434323	0.7188914831366813
6.5131074346047955	0.5243991131721715
0.05928787550561422	0.13614066145612896
0.014012388000230355	0.10687037741891528
0.03798137688152861	0.09125764465535112
0.041905539655203175	0.09361703424987713
5.959419874799708	0.468204443875614
0.28605274333005115	0.7468922308279653
0.33680041556621904	0.4179179416742439
1.002733876150184	0.5428196878085727
0.6913385499089663	0.5144122086729535
0.11797910390552224	0.3841205429620616
0.29117674501548346	0.3603289455662922
0.2085579764630273	0.5162346541252567
0.21876373276019018	0.3921324110424581
0.24761760604585292	0.3583440577836076
0.2976210987826357	0.33548424968955787
7.345421674624496	0.4311501713119367
7.092207885407115	0.5042722734530642
0.23201016150391568	0.36503197086315076
0.2609750314630632	0.4084756727990874
0.2451116760203865	0.3140541435816217
0.2062745428434053	0.22046822233540272
0.24084514140494662	0.3507553584974293
0.2336968739470176	0.3601764653282036
0.1896935363402715	0.2946572022766758
0.0460972511390769	1.0
8.355950824792316	0.468787722069962
0.4199351238127405	0.3001184697742719
0.3491028525604365	0.6337255182768844
19.915729893453573	0.3763319694926418
0.7361453298125508	0.4803708030756586
1.5966846694569747	0.22700046529568957
1.7410415399053432	0.20958422235849794
5.649743936765927	0.3378449105288699
0.048879345266959744	0.30673815528638376
33.05008747629437	0.44747207249831866
0.02189595608863988	0.3273292300503876
0.9724163228125825	0.7946267056988161
1.1396865806079357	0.3488417512556109
0.054815134108740796	0.4688887928521613
5.027096208075507	0.45007792240103683
5.30444878899543	0.4230456892887914
7.00353561187335	0.46276216647808827
7.554685661313214	0.3853281141937209
0.04181740913213537	0.489146336828478
0.06444556428708689	0.6981567043453527
6.667694062139412	0.4508256879057742
5.130252456593743	0.46691238241994126
0.042068980941898065	0.21068901254980307
0.044040880332534074	0.2554546415760582
0.0899008401882589	0.6620205727722687
6.303327664449142	0.427695412101331
14.9112372597197	0.467226334370167
0.005955752997372009	0.7317435009570723
1.9564738365846135	0.3181968325606638
0.031174164525969657	0.6926938287330257
11.394940491901771	0.5107967498651824
2.8582586901418825	0.49897784410766616
5.926072980086074	0.4178594159773701
3.7932394792401114	0.48966579279079153
6.353972758927164	0.40698269612266447
1.1960690835121914	0.4578613780261436
8.607895639678924	0.43277811136047795
7.264589813750726	0.4423092208640876
16.267700970145036	0.47507743607211433
3.940440344411746	0.43057039761209415
7.534564824934906	0.42777934497112435
0.11995072040159162	0.5186556996031885
11.009826581568081	0.39463965439372045
1.594892413505069	0.238859942036214
0.11848197390129235	0.6748771756043515
0.11495460582926069	1.0
0.061064980609714936	0.519326115493453
0.05371338572901066	0.4042032456997101
0.21263903279481816	0.25169419433581697
0.4001700942245676	0.3315821882932446
0.03327242640746656	0.09923309730682073
2.7318305727573176	0.5528769116628662
1.8580409764764372	0.1740717762873212
2.6883491064050924	0.4278164866164898
0.6698781996146649	0.6205931911699278
0.4446383753791412	0.3823464810187054
0.017899439066354116	0.12694063556492072
6.8550273100902945	0.41932052942169756
1.1951679025528397	0.38160636747388915
6.823300182418853	0.4115127580487998
0.019044476549812856	0.16759958829961946
9.247613960166715	0.3907924495648404
1.827602226785605	0.2512117927041035
0.019395584193843258	0.097493112410111
0.025008984889479224	0.9316031700905691
0.24378080225783647	0.3899900461540165
5.353464921707702	0.5036155379261423
6.144048880216687	0.5622302651982127
0.08684305715700684	0.3630937076449606
5.171431011671638	0.4265238279157455
3.3242697686082625	0.3390145699572795
0.07986480855565142	0.5119041812268197
5.827280921629448	0.5313813627086983
0.10321188523680153	0.6750909295915248
0.05094112502383804	0.8061785798667958
0.5677861248495292	0.26897480575977445
0.35305802474809983	0.404584893126134
0.01761000458501855	0.16928374997331447
0.03840112925055767	0.13984582351402602
1.6387438940920231	0.2258910556597456
0.02321473120678765	0.08043215048732151
0.018910292775283343	0.12412599163123217
6.6944279699307865	0.5348139112291187
6.014723880218113	0.4733278113747488
0.04467988967567335	0.2362627175929741
0.3951401679994608	0.4240938882024937
5.824011052638799	0.5001700906489922
0.5397678811515815	0.8190170573725744
2.294360563685533	0.2837940333588513
0.26960382515539133	0.5752143314900555
0.84689084303676	0.36795931047820946
0.2616841925941523	0.38231990385062825
7.9118191831955125	0.44754828273088293
1.4373792868173694	0.6671191030993566
0.29170884269298214	0.41404911335758343
0.31021441150981344	0.4926049406043417
7.348673322919414	0.41825032576632404
8.286060101057629	0.4150270099907544
5.932028220811362	0.42628387647380395
13.119186360445894	0.4124187579353221
6.20426673126191	0.45928984111655446
0.9343002703891338	0.3971380471690933
9.51938472081927	0.39749006111077917
13.92907120735817	0.41822417574251186
0.25226287840955613	0.4584964875199068
0.025070797954989673	0.20874024424142132
0.8189161116956688	0.37469843934788444
1.1128384635698583	0.36930946499030515
5.704302188958183	0.4434242700597851
0.03930739205650938	0.1521097300618367
0.058403694968631265	0.11899261373476495
0.023229919068589146	0.7713548756652621
0.8971056676228722	0.2355476422219759
2.582061445975055	0.24509975916410445
0.5572491612928795	0.2998414614087351
2.077055482708885	0.23250531695945031
3.8825477757258318	0.22949032566015082
1.8925502959323732	0.4593254467605481
0.23915272270052051	0.6067626040169197
16.332767762456104	0.479182204851379
21.71160457702411	0.45536506059025567
0.015320646628457855	0.5438984048956774
0.015320646628457855	0.5438984048956774
2.036614400879485	0.21073042167558015
7.1658323219659215	0.5184840424807446
0.29509015777310993	0.34988204266572337
0.08538927426772124	0.18246225486544182
0.05630965901885202	0.19713625843787405
0.0577329962340114	0.7434238873036504
5.253518270948502	0.351617945731047
8.256153825433941	0.4003322844554163
0.2403863145535997	0.36528717385117243
0.016946369999573524	0.6088775418310196
0.15498314344402395	0.3061009795736119
0.14375036319453918	0.40973391419536503
0.16978356369233366	0.382945359902957
0.56930389342428	0.4540318414472034
35.213575436121886	0.5412262631557118
0.0	0
0.038156835539249166	0.9638087626564388
0.8894641783900424	0.4627402533501239
0.09682174648406461	0.5650446861141859
0.45461822302902777	0.45500269313879915
1.1733945706355755	0.43142090563939406
0.21708631880230947	0.40590562441260863
0.04309017524876012	1.0
0.4469717414875603	0.31418985678175854
0.24287805969445475	0.37663824855372713
7.558656740440938	0.437264797464818
0.0338871880602907	0.67104195190245
2.058332139300522	0.2672014026322003
1.4712903459525384	0.6429000205377337
4.655163838827133	0.46691196589942446
0.36184360603732385	0.4178489327936494
0.5097619658788928	0.42709577285353295
1.659244830244288	0.27230028799040085
7.294629573506836	0.4757240234660407
0.023034089905004117	0.7018852758452778
6.53581140144877	0.3987921207278272
0.12598330456886575	0.31050182374870805
0.05064588038937232	0.7804763178161213
4.348219815660957	0.486493002716796
4.840996228886012	0.47246518076372523
1.8202616225849728	0.2495530711198097
5.276073841477329	0.4976198855389224
6.563756803326832	0.4374975162449776
3.816760258620523	0.4595150807327222
0.011321072286318382	0.31486054758633475
3.6296687398042495	0.4333131156272298
0.06622759793187945	0.5048008187498153
0.0	0
2.7956481378313005	0.4667713718191876
2.1132626122714613	0.17482156149908615
1.1831158584489265	0.34790839786135397
7.69382570357691	0.472874498835388
0.6854584018763665	0.42524667428680557
7.458333806435315	0.38703225747333847
0.07718657184942843	0.6921300891996853
10.060489530634037	0.3964739581903354
10.335910564556716	0.5355392635115503
50.00000000000001	0.43697525756222627
43.735748591023416	0.46216454729678946
50.0	0.45710998644883194
50.0	0.4816210354749616
50.00000000000001	0.504191110232929
0.5548278044737264	0.3468952509848952
11.678284234936395	0.5036573652306947
3.76497048210229	0.5836896401979418
24.987696829940965	0.39649917779289867
29.219603580339562	0.4053533682414413
15.50229891183706	0.3983834023435978
14.28729199110614	0.44602007623257567
3.2048651312337233	0.6093792556535474
5.896833530164295	0.27628456888412084
17.148148687353146	0.4137125303095492
0.7049685888191785	0.4672152572116316
0.031623036166815485	0.7243296833383002
0.3768739842834948	0.6494492216844532
0.6256694095796662	0.3775147389178013
0.573610833314188	0.8618591947622081
3.2429969807788943	0.6966385152349425
0.05517610848378438	1.0
0.05517610848378438	1.0
5.405830260544312	0.30901219394991614
4.410914432709643	0.307728223636155
1.1429556780467702	0.7042738811881903
0.08575033607857499	0.7732002126871426
16.03135318119341	0.4085451232682517
2.281103231489886	0.7124128250226934
0.13458373086175196	0.29489847431853083
0.4059329297958978	0.3925756451665348
3.9060890185400017	0.6048613395620958
0.4447044300400983	0.4574018927919876
2.054842104840489	0.29585068437208
0.13890601008951234	0.45709122496284355
0.8178770742651313	0.4299537476106075
9.00531563416755	0.4566509032333522
0.20467323884146923	0.46050955262618304
0.05267600483629161	0.5847814430994861
0.0785122173826894	0.07501664202193661
0.08819457830120907	0.12109423754347896
0.0	0
1.3769373211937537	0.3680772370211528
0.032992858215850185	0.035116153643083015
0.19869383328850818	0.7989814113901744
0.1650501992351551	0.7325657212486091
14.02157267136146	0.47278826425544174
13.45763542914498	0.48262690931762764
8.359582795023272	0.5696632816773484
0.12043264094798659	0.38090103063557135
1.451754279381759	0.542062013715683
30.10085217552522	0.4230086440784219
0.7586751435453113	0.44710374223433214
1.018912665963411	0.5062690489778411
8.69407406022654	0.3911475963574202
0.380546110927564	0.5689923716052023
0.46134654556604876	0.28514586283638305
2.552245065388489	0.14476930636959368
2.4887081710525174	0.5478823320531101
0.5311940808031858	0.3658024839683112
20.36158283302121	0.3831235009991488
2.292485783590095	0.42609848078199586
19.473684672860166	0.43582633712304686
8.42031912522966	0.15302232599835264
0.1660111575375485	0.9526505170069768
23.762587484795304	0.3986296898212898
3.4920711831439046	0.22423096947478427
0.05573108585966569	0.07454968059247365
0.2330146670721942	0.4373982609219772
1.8265278079594531	0.5627769353322731
0.2620638950175557	0.42306385615181263
0.9160788271040038	0.6353065652374725
0.2555492786765089	0.5080727334339425
3.558618461959357	0.3297545650264743
1.8785930207979589	0.43130768998919106
0.10420143162544794	0.3839321763622862
2.4143156415217617	0.2793234193740098
0.25252364680164696	0.487370835611502
0.07582281144099687	0.339390901905435
5.366725494220473	0.29020937970366467
0.10072006618142575	0.4931194236804086
0.16377489411084822	0.4944422529617506
12.412035559771075	0.447078523618848
9.568749117395686	0.6021279634462465
0.1186173958076202	0.2784566306572408
0.10757967832819065	0.6144478601489944
0.06934730578004258	0.3703356163504684
8.709903814765463	0.2603511546434928
0.08303195251391081	0.13866947536140042
0.1545428629026831	0.48570055716155225
0.6150940363232543	0.40963880588808593
1.3227207495343443	0.5726658800575046
0.08913693947597218	0.1315594907384668
0.5366775450097743	0.3166362261330393
16.4934229373925	0.44178689612603655
14.50744455478523	0.552755984346447
0.21793356194942054	0.7575342575919313
0.07911976953910142	0.7705311999252491
0.7474453552593842	0.35524713509645883
0.10465118010667449	0.3299252259572299
0.03734582141863595	0.8326167958296018
8.643695876181852	0.44283597146804327
4.758463707740451	0.15879215777858266
4.9083993517435385	0.1675649042344081
0.5652609226801463	0.35821778086202605
0.5386823002021093	0.38727327136294454
5.54206240859853	0.4754862498577669
0.5429732231742619	0.33162416790777405
11.073407352466424	0.4859275115507524
1.458431400586948	0.3388183338140384
0.21763846818985913	0.5807535395258913
0.0888337131190818	0.12048904998526277
0.4888030496663819	0.5143230955540402
18.769509259773926	0.3854543812347598
0.19123944213020636	0.5397360353318207
0.08680119879507335	0.04084601599464984
24.611426224045246	0.3707327862378779
0.10308769065578928	0.16332709569484555
2.8614047969044094	0.6125409071315024
0.33638612326080664	0.37489346074258956
3.429325333239495	0.2330125057580173
28.806167725224622	0.43949884457855143
0.3455903556557149	0.29318090773979216
17.011291039226702	0.48238339333375435
21.557961543123426	0.3893005714621221
15.859059111586461	0.47331601246260274
17.74313814336329	0.43854283582419756
13.040294883999941	0.46665139361778246
15.201265761794296	0.517319475681683
0.005450151842833757	0.7076641588553512
0.011765781008042623	0.6295547982642341
0.015062211550465101	0.7172798806689087
0.07816706754803247	0.32122600932970147
0.5159363647908933	0.33415552008079313
1.6352798575484444	0.40030319138547277
0.024108390495811705	0.06383575327852004
9.19467172638838	0.23579419264889678
0.03495366609839997	0.5419102450848227
12.059277547592067	0.4926161942412036
23.138165203410292	0.4187553806624334
5.94879619848989	0.5071451663568546
5.425036569550745	0.5307995630535165
0.0	0
0.041515976256955404	0.13866947536140042
0.15016991368428856	0.5539296675357755
0.24356944509899633	0.32617851777197643
0.031708293048562285	0.8271329519886442
50.0	0.4646677393149878
0.12408733354278004	0.08598147584708023
0.3851450377986434	0.21740482160567653
3.266232844207386	0.36660961576069867
0.1749509734098488	0.3037139747410337
0.564521999527758	0.462583503215793
2.7604045081270816	0.4540946106227203
1.7179735582784355	0.3781734066415607
18.75602350125562	0.4458437013144687
0.4733149919932448	0.3872689226229997
0.7403643288559687	0.32507618980313835
4.9322157168872325	0.18102269087602363
0.2587697695507797	0.49661440813878244
4.169227687444577	0.4635464622571762
17.32201860596807	0.5223429943214585
5.905734567050453	0.16212910775189948
13.547059403241928	0.4942096841747773
7.147199275819422	0.24163942056732177
23.869799158211205	0.4667865284919322
19.510548360447025	0.4590340796460536
25.075748677071278	0.458131186832801
23.724383132237858	0.3282658501727999
0.2881129153767694	0.5945291646723201
0.8551696390010419	0.3087783026560163
3.458751405271326	0.5846415084886519
50.0	0.3925606233170359
3.2939936256326128	0.3436115503108552
4.063085463927308	0.2759433763331522
0.5183437089743789	0.5827808248888828
4.263086806527181	0.3222371986215496
2.0577287256793233	0.36978448688484583
0.05654169174062566	0.978286400607098
0.0871772385849531	0.9859169243786439
0.32020757838552005	0.8732788236477627
1.1831021844331322	0.4950956407887166
4.519274911203896	0.6210697601168733
1.1490488756023403	0.47781102702779005
8.35334996624302	0.2627007526169008
0.41484019240543496	0.5426551014651092
0.6243526071407328	0.1799756026317107
9.499759542013336	0.5671172902054312
26.364312923121712	0.38251906754830045
24.497277985663935	0.5044523165707968
5.452981318015801	0.3049430492222662
4.1993016374764505	0.37144658237135775
26.365689743857697	0.4756940569302624
0.3644627545744624	0.5034861897254019
8.378932818292565	0.2870583570092302
7.253011872264703	0.3084074290255132
8.18345704262434	0.24452498760916275
29.222776014491966	0.4541804205701023
50.0	0.3877494818160531
41.67509494617866	0.36300789240859194
4.419962061442971	0.5417205474579558
0.07617928266581996	0.159401795050995
50.0	0.37469814957669634
0.253369589798747	0.17202945257260369
0.3637373235999926	0.4701914569984766
0.47702120259684033	0.5792925403831493
39.11708577501414	0.43998137369103757
13.40275507884239	0.672258939284572
1.978875328672169	0.3733547213649138
15.922132867206358	0.6536493861468844
0.37911732339859894	0.12412599163123217
45.63348359904524	0.471744839797494
0.0995711523052226	0.6641272802133328
0.48454135550190514	0.5991881613434061
44.68002208308873	0.4834693408548761
0.4290105246778566	0.5287550385395511
0.3254575079619999	0.05541903161799104
9.850990892760258	0.5875993673550789
0.2933514502890574	0.34763110867010166
5.527287568842266	0.3294603570142423
0.13102915632519524	0.1540621163727171
5.3291333211479115	0.3213802021138305
2.5259187113657022	0.529130614141652
0.12236133223033976	0.172836414706126
50.0	0.4289220146540857
50.0	0.4626537831133158
6.219581944794783	0.7094170882460578
5.470597942274156	0.34340808411385704
21.007804472032852	0.23167821961606802
50.0	0.5664254465262534
0.9456216381244091	0.41771602203318414
0.4669978585492364	0.29447352865990956
0.8086945682625263	0.23799983075071512
2.9405963097101866	0.9499421796686096
1.7615039017446898	0.6382796097821123
0.7142350562387187	0.1183458071754036
50.00000000000001	0.5384110680782174
8.74124338797425	0.3392833640237672
50.0	0.41308194344830856
