Eigvals	72
0.198739713761	0.0444713515299	0.0138186259741	0.011213969118	0.00849859019033	0.00666560822962	0.00580003062225	0.00494450925041	0.00434078897815	0.0035814758326	0.00294843666971	0.00269152799463	0.00240913805683	0.00215567906616	0.00201711144623	0.0019361346169	0.00152640135928	0.00146732781049	0.00129581226371	0.00126775625529	0.00120185519608	0.00107086412991	0.000965438157446	0.000875709667285	0.000823299459915	0.000801514893185	0.000628553012643	0.000583536129542	0.000564146213204	0.000558645346702	0.000503195202124	0.000470097522017	0.000428109127614	0.000395013104909	0.000352758437784	0.000328516572144	0.000259918230434	0.000246516721152	0.000212964554237	0.000196742798964	0.000160731625017	0.000121007587047	0.000110702890871	8.13249925141e-05	4.17231925448e-05	1.37252012561e-05	0.0	0.0	0.0	0.0	0.0	0.0	0.0	0.0	0.0	0.0	0.0	0.0	0.0	0.0	0.0	0.0	0.0	0.0	0.0	0.0	0.0	0.0	0.0	0.0	0.0	0.0

Proportion explained	72
0.595409505238	0.133232884916	0.0413995828946	0.0335962233111	0.0254611485781	0.019969669992	0.0173764634043	0.0148133845557	0.0130046832055	0.0107298370977	0.00883329851652	0.00806361909903	0.00721759970024	0.00645825528246	0.00604311692656	0.00580051632613	0.00457298574565	0.00439600575612	0.00388215784463	0.00379810411537	0.00360066940887	0.00320822984849	0.00289238142083	0.00262356149087	0.00246654438015	0.00240127942705	0.00188309840641	0.00174823114919	0.00169014039182	0.00167366020202	0.00150753566393	0.00140837745864	0.00128258332991	0.00118343009007	0.00105683822793	0.000984211388762	0.000778695823075	0.000738545890986	0.000638026076779	0.00058942689598	0.000481540078307	0.000362529794223	0.000331657685496	0.000243643671614	0.000124999603551	4.11196893391e-05	0.0	0.0	0.0	0.0	0.0	0.0	0.0	0.0	0.0	0.0	0.0	0.0	0.0	0.0	0.0	0.0	0.0	0.0	0.0	0.0	0.0	0.0	0.0	0.0	0.0	0.0

Species	0	0

Site	72	72
SG1-TOP-2017-02mt-9am-DNA-10	0.0390321576867	-0.0169142489581	-0.00273369681317	0.000653428902229	-0.00328662400463	0.00851964644937	-0.0110046688233	-0.00754708483395	0.00230577333562	-0.00201177264625	0.00607956673754	-0.00508031152505	0.0129690412433	-0.00516444959146	0.000158682556317	-0.00545900485664	0.00541609114899	-0.00707973227441	0.000291085182069	0.000714847232229	0.00239370351614	-0.00373416306223	-0.00516798912911	0.00388469877195	0.00277716417461	-0.00527039035425	-0.00417905739271	0.00309242188421	0.00112302786033	0.00207510318866	0.00117363619767	0.00106372753993	0.00147566728529	0.000462542737141	0.00270654663518	0.00243627410252	-0.00242488048038	-0.00213677840297	-0.000663999310039	-0.00110560954597	-0.0013049399109	3.26630335887e-05	0.000179739877635	0.000938334203157	0.00112095317567	0.000998878482054	0.0	0.0	0.0	0.0	0.0	0.0	0.0	0.0	0.0	0.0	0.0	0.0	0.0	0.0	0.0	0.0	0.0	0.0	0.0	0.0	0.0	0.0	0.0	0.0	0.0	0.0
SG1-TOP-2017-02mt-9am-DNA-3	0.0222708133288	-0.0176467020028	0.0193529359481	-0.00216715557747	0.0030370373878	0.000111852831768	0.00113813501426	-0.00352309093638	-0.000865545043166	0.00464307034347	0.00329218492831	-0.00605592469371	0.00474584204338	-0.00137189724358	-0.00244015950246	-0.000811681363793	-0.00292292534946	0.00429097697484	-0.00430798071146	-0.000973297751912	-0.00214395262532	0.00119394434387	-0.00790540218791	-0.00073659055186	-0.000394837295087	-0.000353945603957	0.00485421785313	-0.00288875479904	-0.00418966203605	0.00660160574393	-0.00105291548797	0.00189400725385	-0.00103154894251	0.00422026651196	0.0013121356378	-0.00151903191981	-0.00262402899712	0.0011722684997	0.00193783059221	9.91424175885e-05	0.00396405870764	0.000243000305731	0.00305862790765	0.00174312739624	0.000624219174576	-0.000774380260637	0.0	0.0	0.0	0.0	0.0	0.0	0.0	0.0	0.0	0.0	0.0	0.0	0.0	0.0	0.0	0.0	0.0	0.0	0.0	0.0	0.0	0.0	0.0	0.0	0.0	0.0
SG1-TOP-2016-02mt-9b	-0.088946033003	-0.0166311435146	0.0205340213723	0.00538443785319	-0.0138723811834	0.000197559709506	-0.00337783021226	0.00530682396821	-0.00232825648444	0.0135611254999	-0.00230992878905	0.00325686391917	-0.00240133464111	0.00227750151126	0.00686351712623	-0.00113586025699	-0.00408924602704	-0.00233118297045	0.00226797180927	0.00537680331641	0.00445970072916	-0.00128575860747	-0.000756443220168	-0.00193305297933	0.00127271839261	0.00676262791454	-0.00258758502976	-0.00226349690135	-0.000841419027675	-0.000299575175422	0.00206158689355	-0.00210661662188	-0.00161473479251	-0.00306486773484	-8.33673307965e-05	-0.000723161684217	0.00100927447159	-0.000293417986107	0.00224050328351	-0.0012300782959	-0.00125230732645	0.00120409810306	0.000446058554124	0.00142858952599	0.00147254111894	0.000122447407519	0.0	0.0	0.0	0.0	0.0	0.0	0.0	0.0	0.0	0.0	0.0	0.0	0.0	0.0	0.0	0.0	0.0	0.0	0.0	0.0	0.0	0.0	0.0	0.0	0.0	0.0
SG1-TOP-2016-02mt-17a	-0.0751125116794	-0.0214676581273	-0.0102679862433	-0.00649966711386	-0.020274038264	-0.00378080551566	-0.00960953408585	0.00573658330899	0.00107996080338	-0.00952152558836	0.0114953965248	0.00938106600781	0.00338365538499	0.00312351959547	-0.00440442028037	-0.0118563313106	0.00441827426751	0.00297215396724	-0.00351703269707	0.000929551876574	-0.000390296802897	0.000810782709078	-0.000879989248997	0.000215139503377	-0.00333230710446	-0.00117366206443	0.00388120014656	-0.00194289887196	8.02607997859e-06	-0.00125959110982	-0.000417855090212	-0.00031538937519	-0.00442075992837	0.000558801291099	-0.00259118174255	0.00205686429545	-0.00058726206089	0.00045638121871	0.00252384854751	0.000400027335855	0.000160296335808	0.00123632228122	-0.000270678130144	0.000574634431269	-4.51270179083e-05	-0.000261073586521	0.0	0.0	0.0	0.0	0.0	0.0	0.0	0.0	0.0	0.0	0.0	0.0	0.0	0.0	0.0	0.0	0.0	0.0	0.0	0.0	0.0	0.0	0.0	0.0	0.0	0.0
SG1-TOP-2014-09-10	0.00373881732676	0.0545094049769	0.000596042182049	-0.0108737168007	-0.00780444882503	-0.0173875427546	-0.0197731009173	-0.00744381496559	0.00525910262666	9.61154715516e-05	0.009594109711	-0.000972154263875	0.00174149745446	-0.00410289070326	-0.000153427571211	0.00337444573265	-0.0109026875164	-0.00549677475619	-0.00295461985559	-0.000649301835346	-0.00100606843581	0.00857620311765	-0.0019076377643	0.00187484574129	-0.0032915977698	0.000368317722522	0.00497393488475	0.00320559164696	-8.87288781568e-05	-0.00238616589776	0.00119879726625	-0.00183788445787	0.000145259173034	-0.00104353516752	-0.000178742284288	0.00122229003857	-0.00163302247218	0.00094082363359	-0.00155694862239	0.000385052163502	-0.000235524288918	-0.000849870122281	0.000548517045611	0.00129406239059	0.000326562610436	-0.000342693592376	0.0	0.0	0.0	0.0	0.0	0.0	0.0	0.0	0.0	0.0	0.0	0.0	0.0	0.0	0.0	0.0	0.0	0.0	0.0	0.0	0.0	0.0	0.0	0.0	0.0	0.0
SG1-TOP-2016-02mt-1-O	-0.054587785946	0.00975519599173	-0.0272317235322	-0.00245911635455	0.0294640269799	-0.0065495159466	-0.00820240818883	0.00516986576727	-0.00359186507294	0.0156513972814	0.00136708287508	-0.00803583327644	0.00469301260942	0.00162236511113	-0.0027681423096	-0.00571122600478	0.000223790648355	-0.0027535245418	0.00532131118144	-0.00301326350557	-0.00298726582037	0.000836126901659	0.00214840223056	0.00137268769267	0.00178200458627	0.00040758322524	-0.00238385123368	0.00463254445093	0.00059592942138	-0.00161585893625	0.00161756413	0.00222952743415	-0.00158906117899	0.000856646542315	-0.000341858329819	0.00341181216742	0.00054933135756	0.000160406604998	-0.000447815514571	0.00232386160304	0.00112825388478	0.000303256454709	-0.00014955865959	3.0740101166e-05	0.000991094605714	-0.00062892271283	0.0	0.0	0.0	0.0	0.0	0.0	0.0	0.0	0.0	0.0	0.0	0.0	0.0	0.0	0.0	0.0	0.0	0.0	0.0	0.0	0.0	0.0	0.0	0.0	0.0	0.0
SG1-TOP-2017-02mt-8pm-DNA-3	0.0524605918877	-0.0130651089656	-0.00646052704002	0.00908012760798	-0.00038600725359	-0.00553388532665	0.00293467470849	-0.00751321364194	0.00909445399059	-0.00709031598023	-0.00109588857309	0.0120480231257	-0.00139929222388	0.00659293090945	-0.00231685168562	-0.00198488330251	0.00396106682209	-0.00356288894541	-0.00887085838117	0.00150879239801	-0.00204077075587	-0.00098416965872	0.00223921905299	-0.0067230601682	-1.9999254807e-05	0.00209823219029	0.00238743773629	0.000324155757586	-0.000116839425273	-0.00175159456928	-0.000492285949766	0.000385363104976	0.00232639566082	-0.000407157371042	-0.00120301131966	-0.00126305750682	-0.00130026261067	-0.000838925788571	0.000779121607508	0.000244113671562	-0.000413794418352	0.000656439241769	-0.00237974905339	0.000997703522055	0.000717324766886	-0.000807065681625	0.0	0.0	0.0	0.0	0.0	0.0	0.0	0.0	0.0	0.0	0.0	0.0	0.0	0.0	0.0	0.0	0.0	0.0	0.0	0.0	0.0	0.0	0.0	0.0	0.0	0.0
SG1-TOP-2017-02mt-9pm-DNA-2	0.0316455702864	-0.0273108027343	0.0073050818059	-0.00143645160446	-0.000790073903138	0.00377064231152	0.00495102806103	0.00644507344427	-0.0011256542541	0.00588982015122	0.00291203038689	0.00411871427439	-0.000173227835189	-0.00326692068262	0.00158578305128	-0.00385680124696	-8.37359439725e-05	0.00188060613703	0.0039510392462	-0.00676802402908	0.00108925136051	0.00506211549852	-3.31406889926e-06	0.00233308739561	-0.00114803511156	0.00258720829581	-0.00225384505938	-0.00517083148117	0.00475759156433	0.000734091580567	0.00205167494064	-0.00543255775275	-0.000603114757106	0.00144331946413	0.00140146867973	0.00302943719469	-0.00181281070607	-0.00433861185647	-0.00100871435526	-1.63727337035e-05	0.00323929042346	0.00285372875419	-0.00226157037157	-0.000936847040771	-0.000186119831819	-0.000799693682743	0.0	0.0	0.0	0.0	0.0	0.0	0.0	0.0	0.0	0.0	0.0	0.0	0.0	0.0	0.0	0.0	0.0	0.0	0.0	0.0	0.0	0.0	0.0	0.0	0.0	0.0
SG1-TOP-2016-02mt-9a-q	-0.0202838439623	-0.00866546382374	-0.000269317169984	-0.00970437485804	0.0115958007742	-0.00840423963867	-0.00893594061872	0.00153587153386	0.00970986480717	-0.0121042744833	-0.0043666660565	0.00193323589799	0.00114822182563	-0.00597217143459	-0.000961431501818	0.00734469867325	0.00501732718264	-0.00209699643388	0.000182901273464	0.000216024743498	-0.00560675223028	0.00274445715699	-0.00161790531474	0.00345521807469	-0.0034404188782	0.00455245682797	-0.00256257080544	0.00311505177866	0.00636645891689	0.000671554678554	0.00191067144997	-0.00303720168556	0.00244490979011	0.0023337542065	-0.00188814962845	-0.00168614366731	-0.00143047963887	-0.00332780036163	0.00160873464215	-0.00403551868235	-0.00143159295678	0.00188157369535	0.00179171968016	0.000483129207021	-0.000492585391856	-0.000422484185222	0.0	0.0	0.0	0.0	0.0	0.0	0.0	0.0	0.0	0.0	0.0	0.0	0.0	0.0	0.0	0.0	0.0	0.0	0.0	0.0	0.0	0.0	0.0	0.0	0.0	0.0
SG1-TOP-2017-02mt-9pm-DNA-5	0.0743185208335	-0.0446278346542	-0.012040693352	-0.00399838740885	-0.0113295508175	-0.00847147988395	-0.00821414936303	0.00664811855254	-0.00714571494471	-0.00216923865228	-0.00550596918257	-0.00139849995826	-0.00679190820462	0.00154352099675	0.00166276770095	6.50264548828e-05	-0.00263835544436	0.00737117883447	0.00258575992233	0.00375082197369	0.00370647232437	-0.00235522943919	-0.00797051222324	0.00479249931468	0.0010195439321	0.0072476488676	-0.000140275362524	0.00132911494153	-0.00271244151902	-0.00776624130641	0.000994608073566	0.00259220004091	0.00261335363464	-0.00127901530738	0.000965907671648	-0.00215858848091	-0.00175718729618	9.3788667385e-05	-0.000304394472859	0.000213782897852	0.00122080561233	-0.000511557460583	-0.000475419562637	8.42520973447e-05	2.42687384757e-05	-5.60544811919e-05	0.0	0.0	0.0	0.0	0.0	0.0	0.0	0.0	0.0	0.0	0.0	0.0	0.0	0.0	0.0	0.0	0.0	0.0	0.0	0.0	0.0	0.0	0.0	0.0	0.0	0.0
SG1-TOP-2017-02mt-9am-DNA-1	0.0514179067871	-0.0341664962739	-0.00671524883514	0.000488540553676	-0.000999611036277	-0.00148668083987	-0.00345380132414	0.00733992995506	0.000236335742723	0.00312188290716	0.00340952514299	0.00787598964379	-0.00137097975102	0.00613286135663	0.0022806935896	-0.00385550367519	0.00446223414197	0.00141094582356	0.00316278555478	0.00397382395744	-0.00719739666004	-0.00193472971772	0.00101325741311	-0.000519556352713	0.00415414948023	-0.00382305877742	-0.00492494688292	0.00144576709546	0.00140838926196	0.00352369373298	-0.00583915891581	-0.00363655298161	-0.00479908349857	0.000763940523228	0.00141256044172	0.00397586102937	-0.001759473646	0.00197159248199	0.00128290886141	-0.00019337795705	-0.000728757457909	-0.0030157209525	0.000299267591762	0.00215870137284	-0.00125257493315	5.62273417321e-05	0.0	0.0	0.0	0.0	0.0	0.0	0.0	0.0	0.0	0.0	0.0	0.0	0.0	0.0	0.0	0.0	0.0	0.0	0.0	0.0	0.0	0.0	0.0	0.0	0.0	0.0
SG1-TOP-2017-02mt-9am-DNA-2	0.0524865970442	-0.0311904177482	-0.000206542110358	-0.00121682751833	-0.0126728567029	-0.00565425737266	-0.00052735419801	-0.00767499910415	-0.0029902335045	0.000247537672984	0.000722441507343	0.00168857541204	-0.00156234493172	-0.00265906481658	0.00471906747892	0.000675248598469	-0.00251704404372	0.00503586748382	-0.00416102310219	-2.22675977491e-05	-0.00112676229347	-0.00097805302203	0.00505202001831	-0.00130917435282	-0.00295093293492	0.000471849426492	0.0025968731651	-0.0042237640416	0.00793631500085	0.000420736340076	-0.00104117450207	-0.00127054815662	-0.0018770966307	0.000958813760972	0.00342707230729	0.00200457222267	0.00073453854503	0.00067124626118	0.00143879270864	0.000719873854715	-0.00281022421201	-0.00108046562038	0.00224771780853	-0.00176421217589	0.00166319198982	0.000403984956618	0.0	0.0	0.0	0.0	0.0	0.0	0.0	0.0	0.0	0.0	0.0	0.0	0.0	0.0	0.0	0.0	0.0	0.0	0.0	0.0	0.0	0.0	0.0	0.0	0.0	0.0
SG1-TOP-2017-02mt-9pm-DNA-8	0.0179708893814	-0.0174136937674	0.0153458928336	0.00695023713096	0.0100150334543	0.00706891377889	-0.002856165856	0.00787419183635	0.0158746884616	0.000740505427243	-0.00349131170975	-0.0093594380593	0.00305033301533	0.000882359425601	-0.00164886410972	-0.00397065554929	0.00516262351045	-0.00210272901783	0.00191995891099	-0.00306342477349	0.00681389338964	0.0036215294234	0.00252636165305	0.00201674322903	-0.00144411164139	-0.00313102182581	0.00353145547451	-0.00010474086814	-0.00146943075723	-0.00342629414633	0.003397338714	0.000653502780496	-0.00369420838395	-0.00205930098716	0.00273391409264	-0.0023832175328	-0.00121934040287	-0.00216486001769	0.000431607130465	0.00135595654028	0.000535688410177	-0.000351401639286	0.00194756067866	-0.00132644108027	0.000848112912839	0.000378176163708	0.0	0.0	0.0	0.0	0.0	0.0	0.0	0.0	0.0	0.0	0.0	0.0	0.0	0.0	0.0	0.0	0.0	0.0	0.0	0.0	0.0	0.0	0.0	0.0	0.0	0.0
SG1-TOP-2014-09-2	0.073200293259	0.038780478457	0.0113769139254	0.0684737040099	0.00261641370478	-0.0168629504729	0.00632024012146	-0.00219469719446	-0.00038053346846	0.000520873742364	0.0117020637155	0.00884327595382	0.00131616133405	-0.0027407394347	0.000593749957779	0.00136977270911	-0.000484339352083	-0.00160557188262	0.00241954608498	0.00380290592919	0.00391407531036	-0.00151869737255	0.00129602709088	0.00472188531865	0.00100322113788	-0.000128845335747	-0.00178346390646	0.0008165928327	-0.00162416027275	-0.00151287844784	-0.00179219837533	-0.0019457732538	-0.00134790576054	-0.00118770871612	0.000296300865135	0.00100571656362	0.000991352729687	-0.000363765379774	0.000151385755627	0.000418716503103	0.000291526295475	0.000694084086505	0.00124993605887	-0.000248182999023	-0.000296478878633	-9.37366705477e-05	0.0	0.0	0.0	0.0	0.0	0.0	0.0	0.0	0.0	0.0	0.0	0.0	0.0	0.0	0.0	0.0	0.0	0.0	0.0	0.0	0.0	0.0	0.0	0.0	0.0	0.0
SG1-TOP-2017-02mt-9pm-DNA-6	0.0550558874649	-0.0131054929456	-0.00834683728603	0.0140934808612	0.00229674961207	-0.000877837342189	-0.010571831888	-0.0060965778336	0.0168759503943	-0.00419425086472	-0.0123408902022	-0.00254638632142	0.00573772831886	0.00630079249647	0.00554740039426	-0.00200930257927	0.000805416283481	0.0035895099692	2.18623562719e-05	0.000160612294014	-0.00705338992147	-0.00171212165723	9.98788875346e-05	0.00325147584764	-0.00284595663919	0.00485219568812	-0.000361256387983	-0.00137927932099	-0.000801677908024	0.000267926780576	-0.00173022098091	0.00405360468176	-0.000637856384775	-0.00166623364429	0.00158903160598	-0.00212169468324	0.00321360085188	-0.00151842576976	0.000723571320678	-0.00118544654438	0.000118054751116	-0.000876391961346	0.000949581059286	-0.000575694187385	-0.000478407391559	-0.000399945772362	0.0	0.0	0.0	0.0	0.0	0.0	0.0	0.0	0.0	0.0	0.0	0.0	0.0	0.0	0.0	0.0	0.0	0.0	0.0	0.0	0.0	0.0	0.0	0.0	0.0	0.0
SG1-TOP-2017-02mt-9pm-DNA-10	0.0260841428633	-0.0214256053896	0.00117109473906	-0.00280446832013	0.00917886926836	0.00635193877384	0.00342405687534	-0.001102419352	0.00719712750152	-0.00223300765156	0.00583035121709	0.00561092892467	-0.00127647802189	0.00014491978978	-4.03241087527e-05	-0.00219313203005	0.00361233830451	-0.00122103500511	-0.00181094209166	-0.000559044190888	0.00373538770315	0.00183783992468	-0.00223537214219	-0.000115848380765	0.00252295544982	-0.000609069185904	1.10789164536e-05	-0.000307737079596	-0.00141879725288	0.00125217874448	0.00338359177946	0.00269407359416	-0.00121476807585	-0.00311894733138	0.00203597491558	0.000368311684426	-0.00182152227326	0.00702159473783	-0.004738941788	-0.00569026996723	0.000636450909565	0.000635145582512	0.00141026984318	-0.00100663785481	-0.00110048279019	-6.06056725303e-05	0.0	0.0	0.0	0.0	0.0	0.0	0.0	0.0	0.0	0.0	0.0	0.0	0.0	0.0	0.0	0.0	0.0	0.0	0.0	0.0	0.0	0.0	0.0	0.0	0.0	0.0
SG1-TOP-2017-02mt-9am-DNA-9	0.0348034944914	-0.0262307186426	0.00169604628511	-0.00187299420086	0.000756414630838	0.0065931322805	0.00396397000402	-0.0014104781977	-0.00436705146895	0.00327759761855	0.0116035145785	0.00127391182062	-0.00217505388479	-0.00418239855696	0.00499699263167	-0.000945544874533	0.00527390384158	8.8034822607e-05	0.00637624519344	-0.00717329306579	-0.00499390519391	0.00434816065991	-0.00230478750101	0.00387661127399	0.00314978067024	-0.000143093770295	0.00160757370686	-0.0034640092793	0.000927552519136	-0.000284603756095	0.00149330150608	0.000572406157085	0.00477786074644	-0.00379927011502	-0.00690081100687	-0.00185973682345	0.0026472301161	0.00312018643433	0.00328518596062	0.00190527698694	-0.000839214486184	1.33602203736e-05	0.00150982166822	0.000601233828491	-0.000187340266924	-5.21500877605e-05	0.0	0.0	0.0	0.0	0.0	0.0	0.0	0.0	0.0	0.0	0.0	0.0	0.0	0.0	0.0	0.0	0.0	0.0	0.0	0.0	0.0	0.0	0.0	0.0	0.0	0.0
SG1-TOP-2014-09-1	0.0313121700786	0.0513963379976	0.00608941195982	-0.00857608518328	-0.00355146368649	0.000831077218514	-0.00484014568165	-0.00284287290077	0.0145415518539	-0.00280121092681	0.0159776592754	-0.0122714912089	-0.012303913599	0.00574121577937	-0.00627237665747	-0.00265451997918	-0.00132156573078	0.00141654950523	-0.0021254569707	-0.00227376512154	0.00608435316927	0.00268330815226	-0.00398504244987	-0.00198872248196	-0.00104693444924	-0.00580551182481	0.00115270979315	0.000483422657039	-0.000820498687043	-0.000645825177335	-0.00308155017699	-4.00163386346e-05	0.00293615512408	-0.000897367781637	-1.27166585925e-05	0.00332705764643	0.00323014598185	-0.00245750688776	0.00170624346114	-0.000386066064286	-0.000732183986727	0.000364819722314	0.00023684252763	0.000335067973368	-0.000384714395279	0.000159016940129	0.0	0.0	0.0	0.0	0.0	0.0	0.0	0.0	0.0	0.0	0.0	0.0	0.0	0.0	0.0	0.0	0.0	0.0	0.0	0.0	0.0	0.0	0.0	0.0	0.0	0.0
SG1-TOP-2017-02mt-9pm-DNA-4	0.0467201865249	-0.0274787890325	0.0121704709142	0.00406850435276	-0.0229717051929	-0.0059323973043	-0.00433066312687	0.00452337833648	0.00636000384997	0.00731300673232	-0.0101168129973	-0.00657556838682	0.00107160034877	-0.00305530241896	-0.00300523371321	0.00259912058384	-0.00280494427397	-0.0079033724142	0.00280796798751	-0.00100324232721	0.00385474921044	-0.000740271347324	0.000260155262894	-0.00486976393158	-0.000945046960527	0.00332953286479	0.00140945050273	0.00248155083919	0.000601487017327	0.00278462618501	-0.00251821545198	-0.00344845299196	0.000359090267283	-0.000579041927145	-0.000626886834584	0.00130868675092	0.000948959739383	-0.000506244596147	-0.00296211849521	-0.000757062924262	-0.00231452473405	-0.00064161517859	-0.000613121576052	0.000367103964206	-0.000889767340794	-0.000660651438077	0.0	0.0	0.0	0.0	0.0	0.0	0.0	0.0	0.0	0.0	0.0	0.0	0.0	0.0	0.0	0.0	0.0	0.0	0.0	0.0	0.0	0.0	0.0	0.0	0.0	0.0
SG1-TOP-2015-06-3	0.0208722739216	0.0279685491942	0.0144484551359	0.000253301807016	0.0104063216068	0.0244851578497	-0.00331910924626	0.00655702216181	-0.00917208234635	-0.00466545439363	-0.000315510073246	0.00180651431153	0.000228100924233	-0.00273119980492	-0.0101829510519	-0.0103823169706	0.00117737221341	0.00225516900878	0.00215522068068	0.00581329467304	0.000935784295001	0.00253621557784	0.00404266141606	0.00128162688945	-0.00479412215482	0.00103023998972	-0.00065373610848	0.00187622745447	0.00419162291871	0.000339787640709	-0.00117564092755	0.00365333174878	0.000644410341666	-0.00134921547496	-0.000322101333592	-0.00418810791065	-0.000270233924018	0.0016546740634	0.00036566043255	0.000681587318607	-9.65118746912e-05	-0.00102956013422	0.00103995978009	-0.000394825939537	-0.000406666598819	-0.000968135866457	0.0	0.0	0.0	0.0	0.0	0.0	0.0	0.0	0.0	0.0	0.0	0.0	0.0	0.0	0.0	0.0	0.0	0.0	0.0	0.0	0.0	0.0	0.0	0.0	0.0	0.0
SG1-TOP-2017-02mt-8pm-DNA-2	0.037747531686	-0.0189636127613	-3.24711505012e-05	0.0057722577579	0.012002254281	0.00438674151998	0.00350612636788	-0.00614406868543	0.00148255343995	-0.00271726411011	-0.00139913524667	0.00457541881624	0.00783835208531	0.00617565688164	0.000605984297494	0.00191630353809	-0.00102644335306	-0.000123450499636	0.00224911793128	-0.00241699579099	0.00380052068045	0.000131708819639	-0.00154004993927	-0.00065272205866	-0.00659224270695	0.00433360093949	0.000411393476921	-0.00325956276327	-0.00206828817408	-0.000999515726673	0.00173397566117	-0.000506655509961	0.00451138198563	0.00142608926843	-7.905831751e-05	0.00294312444174	-0.00425897781843	6.31421433212e-05	0.00116994299293	0.00392559483517	-0.00123530401362	0.00259337611487	0.000626611937896	0.000447640361045	-0.00143364943364	0.00100164526857	0.0	0.0	0.0	0.0	0.0	0.0	0.0	0.0	0.0	0.0	0.0	0.0	0.0	0.0	0.0	0.0	0.0	0.0	0.0	0.0	0.0	0.0	0.0	0.0	0.0	0.0
SG1-TOP-2017-02mt-9pm-DNA-12	0.0117134596954	-0.0206340152826	0.0314293966639	-0.0111562234935	-0.00257832817083	-0.0101257981611	0.0037075022939	0.0112531653562	0.004086762794	0.000639853126751	0.00254363486209	-0.00519342555895	-0.00253069568313	0.00533103845433	0.00316895383774	-0.00545627804096	-0.00496769451177	-0.000683393685547	-0.00563158877165	0.00132904456481	0.00153639123386	-0.0039501454605	-0.00350315347769	-0.00354498650531	0.000568930259539	0.00261565653725	-0.00717792517529	0.00620477725465	0.00560708363259	-0.00500611827281	-0.0029666207534	0.00156563415686	0.000299847577425	-4.18050710633e-05	-0.00163005612238	0.000469651157763	0.000911259987031	0.00298312425282	0.0016046896173	0.000880862022378	0.00152367260652	0.000987586696497	0.00119813284281	-0.000274998254177	-0.000767111022284	0.000371451602686	0.0	0.0	0.0	0.0	0.0	0.0	0.0	0.0	0.0	0.0	0.0	0.0	0.0	0.0	0.0	0.0	0.0	0.0	0.0	0.0	0.0	0.0	0.0	0.0	0.0	0.0
SG1-TOP-2016-02mt-1-2	-0.0861021999548	-0.0113660721558	-0.00511428161847	-0.00312339255358	-0.00856131173627	0.0118014320554	-0.000329803673445	0.0034683922356	0.00724113066054	-0.00150396726806	-0.000383337871629	0.00529669919438	0.00603794140889	0.00859260592255	0.00216802529431	0.0170476916958	-0.00251025947589	0.00736448320239	-0.00781968582543	-0.00169624695701	-0.00153514717923	0.0025744208698	-0.00225077603997	0.00298355386852	0.00298779594661	-0.00206446693383	0.00140510207042	0.00449328921845	0.0006040542785	0.00340125445255	0.000973156204081	0.00437004108541	-0.000459508824116	0.00303311983208	-0.00149876226265	0.00217893761837	0.00289414809457	-0.000557217024391	-0.00116640245216	0.000324099326513	-0.0017449469837	0.0014629059099	0.000809570866097	-0.000840146600439	-0.000619988506073	-5.4167997666e-05	0.0	0.0	0.0	0.0	0.0	0.0	0.0	0.0	0.0	0.0	0.0	0.0	0.0	0.0	0.0	0.0	0.0	0.0	0.0	0.0	0.0	0.0	0.0	0.0	0.0	0.0
SG1-TOP-2017-02mt-9pm-DNA-1	0.0367562929437	-0.025255748203	-0.00383119430883	-0.00219721339623	-0.00267612717927	0.00822119063883	0.00532396146686	-0.00674571927954	-0.00680191126177	0.00541192668218	0.000750926775564	0.00230640828317	-0.000744854310412	0.001719392402	0.00422391891881	0.00582240115684	0.00611811632728	-0.00562964299115	-0.0045523149532	0.00397879068923	0.00044883608589	0.00221923257315	-0.00344045478935	-0.00132548245603	-0.00394205046794	-0.006740806332	-0.00510536722065	-0.000176448351012	-0.00580667424294	-0.00560245692482	-0.00239135878997	-0.0025859934913	0.0022948809388	-0.000178675790264	0.000166900655211	-0.00130807449658	0.00230576504962	0.000593139182084	-0.000872538967025	0.00235284229356	-0.000763113843575	0.00106754703939	-0.000134260535945	-0.00147755054735	0.000365336350485	-0.000610181162604	0.0	0.0	0.0	0.0	0.0	0.0	0.0	0.0	0.0	0.0	0.0	0.0	0.0	0.0	0.0	0.0	0.0	0.0	0.0	0.0	0.0	0.0	0.0	0.0	0.0	0.0
SG1-TOP-2017-02mt-9am-DNA-6	0.0449509129477	-0.0238034683556	-0.00788680903086	0.00480238230942	0.00576147879692	-0.00167706737249	0.00167598128934	0.00187194499871	0.00212115614393	-0.000741281705129	0.00232880323765	0.00138504305072	0.00432782602491	-0.000624971139567	-0.00324200848871	0.00528904778575	-0.00656393900272	-0.000303645935075	0.00287878589405	0.00458293108967	-0.000808387663431	-0.00733396943339	-0.00440744217671	-0.00206901936804	0.00346211139407	-0.00878563501343	0.00166588462555	-0.00302578697423	0.00181853794204	0.000900113023752	0.0039627014218	-0.00458591783476	0.00323390273579	-0.00161801262379	0.000565753632954	-0.00033569073294	0.00105876973307	-0.000814481102052	0.00320215382909	-0.00202481963696	0.000569907274682	-0.00188629080533	0.000383817041669	-0.00194044991014	-0.000281094629396	-0.000875098210164	0.0	0.0	0.0	0.0	0.0	0.0	0.0	0.0	0.0	0.0	0.0	0.0	0.0	0.0	0.0	0.0	0.0	0.0	0.0	0.0	0.0	0.0	0.0	0.0	0.0	0.0
SG1-TOP-2014-09-9	0.0750934324577	0.0261097965188	-0.022197588847	0.00325124143967	-0.0176215261924	-0.00121546758938	-0.0187283942411	0.00252465646168	0.00192764277567	-0.00102081281918	-0.000971670946675	-0.00400494189718	0.00206695279887	0.00417676829743	-0.000188577139818	0.000930212024257	-0.00977004817437	-0.00170100661485	-0.000676017680809	-0.00300927468736	-0.000125120269126	0.00705050211646	0.00360372726167	-0.000964347114518	0.00425844216389	0.000305918692145	-0.000671029034399	0.000110004200143	0.00313868805915	-0.00115839887102	0.00192212098098	-0.00272024800357	6.64995899731e-05	0.00148386735152	0.00165439358119	-0.00431784813091	-0.00190032161355	0.00193478141503	0.00155830218753	0.0016933944364	0.00128368524258	-0.00132932371045	-0.000418048230641	-0.00109171676535	-0.00123158524316	0.000638419397999	0.0	0.0	0.0	0.0	0.0	0.0	0.0	0.0	0.0	0.0	0.0	0.0	0.0	0.0	0.0	0.0	0.0	0.0	0.0	0.0	0.0	0.0	0.0	0.0	0.0	0.0
SG1-TOP-2016-02mt-3-1	-0.0571042240962	-0.00354801897046	-0.0129775777731	0.00248224961395	0.0146398396967	-0.00787332858388	-0.00523594325401	-0.0176177477526	-0.00843317748679	0.00748419705534	0.00809829521782	-0.00457819647956	0.00695708004749	0.00557496269068	0.00203240249579	-8.74497753117e-05	-0.00420238897666	0.00060147774575	0.00536160744883	-0.00702921874231	-0.00406075640388	-0.00286101799095	-0.00333835301362	-0.000667243145772	0.00532575144631	0.00504274853083	2.76126700821e-05	0.00217198670816	-0.00352673312245	0.00144957767265	-0.00415888107643	0.000329377753061	0.000835627449155	-0.000821786251895	-0.00121710849737	-0.00276288463646	0.000213211541639	-0.000521784582024	0.00171713263004	-0.000668616143003	-0.00192272495187	0.000221464813124	-0.000746748153228	-0.000459491189838	-5.07270626562e-05	0.000109443658608	0.0	0.0	0.0	0.0	0.0	0.0	0.0	0.0	0.0	0.0	0.0	0.0	0.0	0.0	0.0	0.0	0.0	0.0	0.0	0.0	0.0	0.0	0.0	0.0	0.0	0.0
SG1-TOP-2015-06-8	0.0859223001469	0.0145963512699	-0.0306128587474	0.00374008276216	-0.00316731725681	0.000727684021596	-0.00680748468926	0.0143273199363	-0.00537114712784	-0.00679621770713	-0.0175740440268	0.000584680083639	-0.0107315055112	-0.012617659565	-0.00520204871905	-0.00949387003604	0.000298875852797	0.00409736172019	-0.00195013502131	-0.00226801475206	-0.00169305694922	0.00154838354057	-0.00642076586457	0.0035096221766	0.0038868843137	-0.00131057068706	-0.000273141583882	0.00158265677406	-0.00473693286038	2.1315938862e-05	-0.00274045351481	-0.000150657203812	-0.000280761801707	-0.00100020628144	-0.00239905889251	0.00260999036214	-0.000691243139623	-0.0015030403684	-0.00125723159254	0.000283325990047	-0.00232838033575	0.000947622504797	0.000520290599492	-0.000463803918442	0.000145269153819	-6.29516282636e-05	0.0	0.0	0.0	0.0	0.0	0.0	0.0	0.0	0.0	0.0	0.0	0.0	0.0	0.0	0.0	0.0	0.0	0.0	0.0	0.0	0.0	0.0	0.0	0.0	0.0	0.0
SG1-TOP-2017-02mt-9am-DNA-5	0.0231631305759	-0.0157111906745	0.00506558307252	-0.00164569180935	0.0154902684362	0.00450552389192	0.00203986409661	-0.000584976221094	-0.000619023998427	-0.00287659283759	0.00157478628444	-0.00510416475075	0.00817386723079	-0.000403368508623	-0.00832248644624	-0.00674504780968	0.00184289032857	0.00538225037186	0.00243446476819	-0.00154024715016	0.00332789826149	0.000243239454796	-0.000392517073077	-0.0035482854403	0.00368596313372	0.00406110095519	0.00461979848783	0.000872234357294	0.00142412028844	-0.00313118163599	-0.000143591040295	0.000260977585148	-0.00236348262815	0.00457720223254	0.0012500911033	0.00202675426092	0.00303892381586	0.00118947183115	0.00177600503078	-6.7137361401e-05	-0.00182433649665	-0.00126135115189	-0.00278758487322	-0.00053418150253	0.000816450352822	-0.000274547671056	0.0	0.0	0.0	0.0	0.0	0.0	0.0	0.0	0.0	0.0	0.0	0.0	0.0	0.0	0.0	0.0	0.0	0.0	0.0	0.0	0.0	0.0	0.0	0.0	0.0	0.0
SG1-TOP-2017-02mt-9am-DNA-11	0.0535089098622	-0.0283557555475	-0.00573314957067	0.0016163263485	-0.000994073457084	-0.00706028214721	0.00220534936578	0.00508382041512	0.000779852860019	-0.0067283274742	0.00253145188348	0.00626937807377	0.00219098933977	2.54430069346e-05	0.000583599961869	-0.00424495677257	-0.00293905898845	-0.00151896486316	0.00660151648102	0.000432998747794	-0.00159870810617	-0.000980214349334	0.0070937294015	-0.00197433296059	-0.00461369792001	-0.00347774352488	0.00183425045822	0.00739986238587	0.00106538524719	0.00265484095654	0.00225097120716	0.000257909744782	0.000984555472585	0.000740139554723	-0.00376907885085	-0.00136832693923	0.0016838407027	0.00153574308148	-0.00348315632724	0.00097914966096	0.00214402288819	0.00138348718676	0.0001049575469	0.00124695653355	0.00115936660776	0.000567630845562	0.0	0.0	0.0	0.0	0.0	0.0	0.0	0.0	0.0	0.0	0.0	0.0	0.0	0.0	0.0	0.0	0.0	0.0	0.0	0.0	0.0	0.0	0.0	0.0	0.0	0.0
SG1-TOP-2017-02mt-9pm-DNA-9	-0.00515466458697	-0.0126027497462	0.0278120575782	-0.0105822453606	0.00350475112046	-0.0183330675818	-0.00254359713914	0.0115311298819	0.0116072593507	0.000268694732358	-0.00447152589561	0.00497518027479	-0.00078713433789	-0.000992682986452	0.00207593744333	-0.00130304281607	0.00592435172989	-0.00666370082915	0.00175618103464	-0.00462622817898	0.0013749895276	-0.00129297562986	0.00307345857284	0.00454901278084	0.000780317124656	-0.000842633967788	0.00107620210201	-0.00430501022215	-0.00368807199996	0.00218700503455	0.000562001760891	0.00159342276652	0.00283851391191	0.00184535410324	-0.000430666971196	-0.00108010481998	0.00150671854349	-0.00130294989036	-0.000721705978708	0.00189033573649	0.00031828729797	-0.00368328824298	9.71881450991e-05	0.000103041075001	1.7885912446e-05	0.000536149280877	0.0	0.0	0.0	0.0	0.0	0.0	0.0	0.0	0.0	0.0	0.0	0.0	0.0	0.0	0.0	0.0	0.0	0.0	0.0	0.0	0.0	0.0	0.0	0.0	0.0	0.0
SG1-TOP-2017-02mt-9pm-DNA-7	0.0229283649754	-0.02034728472	0.00943866284297	-0.0053918048114	-0.000672319319295	0.00366605119348	0.00701803746921	-0.00548746418654	0.00242104947018	-0.00173782957658	0.0072487149337	0.000862531847581	-0.0100836575617	-0.00274497783652	-0.00611457904556	0.00468953045108	-0.00131105266734	0.00679853147381	-9.160831792e-05	0.000573802489269	-0.00345770309639	0.00120477128395	0.00137288576821	0.000182414414504	-0.00569916338352	0.00537605453543	-0.00414234296097	0.00381221106519	-0.0063709205662	-0.00245400780201	0.00310233453237	-0.000259987940105	-0.00286597278821	0.00345066079169	0.00104200956096	0.00264751417188	0.00174246846152	-0.00119747499814	0.00170756835055	-0.00235145172318	0.00176762123575	-0.00204711012256	-0.000907254198326	-0.000719381782634	5.38427711896e-05	0.000812006609079	0.0	0.0	0.0	0.0	0.0	0.0	0.0	0.0	0.0	0.0	0.0	0.0	0.0	0.0	0.0	0.0	0.0	0.0	0.0	0.0	0.0	0.0	0.0	0.0	0.0	0.0
SG1-TOP-2014-09-5	0.0145597158596	0.0347273910742	-0.00473527926311	-0.0239829727685	-0.00309988049154	-0.00906158104369	0.0117029440818	-0.0112396460565	0.00246387203636	0.000126873468312	0.000809715526975	0.00523732032562	0.00206644851983	-0.00428694326958	0.00331943632299	-0.0076751745016	-0.000618599583188	-0.00285493806453	-0.00427007356941	0.000883729601202	-0.0081886806746	-0.00915789171825	0.00322646024726	0.00158340900402	0.00618010151478	8.42208747808e-06	0.00345889737387	-0.000106865702119	0.000709791519358	-0.00323975303229	0.00165577161662	0.000287403334819	-0.00556051995837	-0.00309898768253	-0.00204860305702	-0.00162303880262	0.000485718461875	-0.00446309105257	-0.000696666103946	0.000205576103946	0.00164820530205	0.00110045726917	0.00120637500815	-0.00123060885482	-0.000978541198314	0.000461624583537	0.0	0.0	0.0	0.0	0.0	0.0	0.0	0.0	0.0	0.0	0.0	0.0	0.0	0.0	0.0	0.0	0.0	0.0	0.0	0.0	0.0	0.0	0.0	0.0	0.0	0.0
SG1-TOP-2017-02mt-9pm-DNA-11	0.0484236436038	-0.0236987990029	0.00259146582735	0.00776406648229	-0.00109160028657	-0.00519700220306	-0.00290685054319	-0.00744338950491	0.00178497237568	0.00272964118871	-0.00560339393666	-0.00457006668822	0.00608631020763	0.0020483101467	-0.0051858356296	0.00239921499153	-0.00404263006432	0.00428467315759	-0.00206961991959	-3.44562696976e-05	-0.00019402051795	0.00194892091147	0.00488103824099	-0.00473457565939	0.00517612288759	-0.00312584639455	-0.00379717954271	-0.00502340064825	-0.0033888980368	9.47181703536e-05	0.000943401606764	0.000705884225078	-0.00278673886797	0.0027298570999	-0.00610345885035	-0.00263848542674	-0.00158741083395	2.6693650839e-05	-0.00184251735395	-0.000453682695673	0.000658947785567	0.000560502984493	-0.000685756726076	0.000993661401156	-0.000218569173124	0.000348131281682	0.0	0.0	0.0	0.0	0.0	0.0	0.0	0.0	0.0	0.0	0.0	0.0	0.0	0.0	0.0	0.0	0.0	0.0	0.0	0.0	0.0	0.0	0.0	0.0	0.0	0.0
SG1-TOP-2015-06-9	0.013236903231	0.0356624909075	0.02027539002	0.0062502922109	0.012884700862	0.0161228939491	-0.00231153730694	0.0177400103449	4.20370536891e-05	-0.00486763007339	-0.000187206703516	-0.0021513102202	-0.00305460310189	0.00355321125739	-0.00329098993174	0.000891540602233	-0.00423987108803	0.00420342377124	-0.00285100453857	-0.00960013524539	-0.00522492683904	-0.00559421517891	0.00222790772068	-0.00497664652807	0.0038990566406	0.00299005200511	-0.0002975008073	-0.00267407851553	3.30193772088e-05	-0.000651593709756	-0.000460942135043	-0.00453471024931	0.00253549099505	-0.00307292368804	-0.000992134190289	0.00136869211473	0.00136811979293	0.000603642709617	-0.00190016309817	-0.00239907243339	0.00061852816103	0.00181052618688	0.000601003246513	0.000902944421082	0.00149494723215	0.000464077538981	0.0	0.0	0.0	0.0	0.0	0.0	0.0	0.0	0.0	0.0	0.0	0.0	0.0	0.0	0.0	0.0	0.0	0.0	0.0	0.0	0.0	0.0	0.0	0.0	0.0	0.0
SG1-TOP-2014-09-6	0.0159863582135	0.030111799492	-0.00740085308905	-0.0269556641972	-0.00167078890295	-0.0099778683765	0.0125299588266	-0.0103920281446	0.011646632496	0.00335500444305	-0.00718346724945	-0.000207988640188	-0.00318787671448	-0.00148930603953	-0.00288578189224	0.000175670554516	0.00287032100238	-0.00214827302465	-0.000907605571071	0.00490657739278	0.00251612887381	0.00246666193855	0.00411309094547	0.00418645232384	0.00354817876546	0.000832219054031	-0.0065044583985	-0.00584331498424	0.0023678318242	-0.00103797569697	-0.00181175637155	0.00315693317498	0.00376010820773	0.00374949226077	-0.00280729176019	0.00250937752459	-0.00130767072866	0.00199296151542	0.000351090702371	1.69094735456e-06	-0.000217094401945	-0.000559349659634	0.000676363030759	0.000464642173741	0.00157349481004	-0.00020096296136	0.0	0.0	0.0	0.0	0.0	0.0	0.0	0.0	0.0	0.0	0.0	0.0	0.0	0.0	0.0	0.0	0.0	0.0	0.0	0.0	0.0	0.0	0.0	0.0	0.0	0.0
SG1-TOP-2017-02mt-9am-DNA-8	0.0471211481885	-0.031166495119	-0.00632014770223	9.89721286296e-05	-0.0048717226524	0.00470974431021	-0.00767898546634	0.000832454007369	-0.00591686468839	0.00185645535994	-0.00716508074413	-0.00475909706503	-0.00533481475845	-0.000413717654027	-0.00166672172049	0.00317093809554	0.000976265766201	-0.0023480047195	-0.00126074762836	0.00108055266725	-0.00280366788352	0.00181875259581	0.0107233186239	-0.0017307975686	0.000366231797204	-0.0033895338126	0.00250748739233	0.000954399454555	-0.00185623707648	0.00150630180687	0.00054938718285	0.00376284424971	0.00189060014868	-0.00156537387707	0.00166175046151	0.00256188788416	0.00351144414234	0.000560909561555	0.00320352665843	3.28279863204e-05	0.0014613431277	0.00258954178444	-2.12259590232e-05	-0.00126219165064	-0.000469186240747	0.00020699083235	0.0	0.0	0.0	0.0	0.0	0.0	0.0	0.0	0.0	0.0	0.0	0.0	0.0	0.0	0.0	0.0	0.0	0.0	0.0	0.0	0.0	0.0	0.0	0.0	0.0	0.0
SG1-TOP-2016-02mt-1-2-O	-0.0847374636457	0.000852016225337	-0.0284850090884	-0.0056810732385	0.00905853033737	0.0131004490306	-0.00256991172143	0.0271229780783	0.0135050044292	0.00600173946823	-0.000179015086072	0.00139197954169	0.00469356752426	0.00275654477984	0.00135313333616	0.00727742287697	-0.0045985227676	0.000627520412361	0.00479960236509	0.00738744127569	0.00434667011045	-0.00383408257273	-0.000751672054003	-0.000249027083674	0.00176613773564	0.000115304936	1.96726698109e-05	-0.00126008486336	-0.00133313492059	-0.000513538559689	0.00140165966834	-0.00107372424907	0.000391955238585	-0.000457926595945	-0.00107563892299	0.00111262931177	-0.000287382535287	-0.00101198195722	-0.000153110055489	0.00022289915094	0.000322319855047	-0.00111011056715	0.00120872847184	-0.000160111115279	0.000243731778509	0.00013124765053	0.0	0.0	0.0	0.0	0.0	0.0	0.0	0.0	0.0	0.0	0.0	0.0	0.0	0.0	0.0	0.0	0.0	0.0	0.0	0.0	0.0	0.0	0.0	0.0	0.0	0.0
SG1-TOP-2017-02mt-9am-DNA-7	0.0224347621928	-0.0176035336534	0.0194654646646	-0.0097305228221	-0.00384513091107	-0.0014254782882	0.00478428322779	0.00180801556436	-0.00157184146246	0.00683891208904	0.00474931982211	0.00391251262397	-0.000587920317619	-0.00368284533719	-0.00521209946078	-0.00713181830051	-0.00292767262473	0.00162284327716	-0.00257957681345	0.0038432505899	-0.0010939619596	0.00101866000873	0.00293744004214	0.00132178154691	-0.000723006766967	0.000951733755094	0.000551881387672	0.00429403918635	-0.00543761844495	0.00717536872485	0.00564924646313	-0.00100637651953	0.00238330559113	-0.00133484644079	-0.000258332450197	-0.00277269649958	-0.000164191717005	-0.00126515794468	0.000561111965453	-0.00067284985879	-0.00485593355474	-0.000375114714059	-0.00146720850193	-5.65686468446e-05	0.000260061018623	0.000122068156266	0.0	0.0	0.0	0.0	0.0	0.0	0.0	0.0	0.0	0.0	0.0	0.0	0.0	0.0	0.0	0.0	0.0	0.0	0.0	0.0	0.0	0.0	0.0	0.0	0.0	0.0
SG1-TOP-2017-02mt-9pm-DNA-3	0.0176561251743	-0.0160381898894	0.0112366668416	-0.0111104056786	0.00419371908223	0.00394800250892	0.00202383436083	-0.0039965733416	0.00538026442402	0.00138454535427	0.00593247980439	-0.00244193013059	-0.00231802186795	0.00182335274818	-0.000259890340134	0.0013335927498	-0.00933013741094	0.0054124941499	0.00211719300555	0.00172987287157	-0.000444500047745	0.00118949117064	0.00315705353693	0.00448988150726	-0.00064885179011	-0.00417978685461	-0.0027034050831	-0.00431789838132	-0.000732214322543	-0.00137512166761	-0.00779426938011	0.0021266216516	-0.00199548731678	-0.00147025950647	0.00314340493022	-0.00349648519879	0.00122465228274	-0.00289892588279	-0.00350375013748	-0.000132058902465	-0.00139619222922	0.00162460663085	6.7800852142e-05	0.0015733483295	0.0004561614244	-0.000357965471021	0.0	0.0	0.0	0.0	0.0	0.0	0.0	0.0	0.0	0.0	0.0	0.0	0.0	0.0	0.0	0.0	0.0	0.0	0.0	0.0	0.0	0.0	0.0	0.0	0.0	0.0
SG1-TOP-2015-06-7	0.00851627291241	0.0446099699056	0.0124377063436	-0.00775233026465	-0.00048858495271	0.012554071517	-0.00376309283655	-0.000440034141534	-0.00658923389734	-0.00513902611467	0.000828420099739	0.00397740293911	-0.00284487311031	0.005267952592	0.00843617842309	-0.00042140031349	-0.00450253987333	0.00136983833943	0.00146092679935	-0.00120212406204	-0.00127464553594	-0.00508564595478	0.0059716224143	0.00797133274545	0.00176455003867	0.00193410018442	-0.00280610995981	0.000832021099629	-0.00289302955783	-1.63503280774e-05	0.00551837744414	-0.00242161673078	-0.00148902568265	0.005159813802	0.00362995150993	0.00021220508411	0.000940279654583	0.00185035367778	-0.00102029613267	0.0031929586805	-0.00207694598967	0.000510853238545	0.000688455850398	0.000685026194695	-0.000658963332304	-0.000915470207114	0.0	0.0	0.0	0.0	0.0	0.0	0.0	0.0	0.0	0.0	0.0	0.0	0.0	0.0	0.0	0.0	0.0	0.0	0.0	0.0	0.0	0.0	0.0	0.0	0.0	0.0
SG1-TOP-2017-02mt-9am-DNA-12	0.0329293919351	-0.0237069070323	-0.00318308352165	-0.00487860468451	0.00187525327346	0.0129403240343	-0.00544370982994	-0.00194334717045	-0.011779362675	0.00142884966665	0.00835502297284	-2.3461864878e-05	-0.00629113272775	-0.00324683950012	-0.0112233073271	0.0101173105606	0.00193517129841	-0.00913436206945	0.000254271810886	0.000224985356167	0.0030503210618	-0.00894198088932	-0.00171510877224	0.00439764342894	-0.00301793545627	0.00159725639538	0.00157565565893	-0.000453298513407	0.000564272766429	0.00191995157467	-0.00282546580989	0.0024196928827	-0.0042927411657	0.00176753621982	-0.00177224823206	-0.000523325710349	-0.000950569238774	-0.00196094545026	-0.000150568197899	0.00090828537002	0.00108946861134	0.000698393829722	-0.000101591003625	0.000243636348558	-0.000679537337254	0.00024742552864	0.0	0.0	0.0	0.0	0.0	0.0	0.0	0.0	0.0	0.0	0.0	0.0	0.0	0.0	0.0	0.0	0.0	0.0	0.0	0.0	0.0	0.0	0.0	0.0	0.0	0.0
SG1-TOP-2016-02mt-10-1	-0.0648932804482	0.00508300415914	-0.00240493545944	0.0102076988998	0.00930240579558	0.00382509791905	-0.0150928418739	-0.0106973403521	-0.0020814761251	0.0036726541837	-0.00536437963539	0.00289557396762	0.00440304509173	0.00987166087319	0.00680121859898	-0.0143233970174	0.00496451702056	0.00149710253708	-0.0133448073891	0.000649908265853	0.00250006982896	-0.000361577118061	-0.00193354252127	-0.000829426989357	-2.91198204686e-05	-0.000543734970718	-0.00243135108852	0.00111862401286	-0.000765647416009	0.0024188470307	0.000244570753907	-0.00186863987351	0.00409845656909	0.000477454117459	0.00214164393773	-0.000336441612241	0.000777868671098	-0.00156755555938	-0.00136819166278	-0.00018411650193	0.00187629391097	-0.000252380109364	-0.000320908826751	-0.000498294045142	5.03461013791e-07	0.000109158241909	0.0	0.0	0.0	0.0	0.0	0.0	0.0	0.0	0.0	0.0	0.0	0.0	0.0	0.0	0.0	0.0	0.0	0.0	0.0	0.0	0.0	0.0	0.0	0.0	0.0	0.0
SG1-TOP-2016-02mt-9a-s	-0.0180082801939	0.000285549055634	0.00519719433999	-0.00914604717303	0.00864529172239	-0.00813357263517	-0.0101127067684	-0.00347463898578	0.00490999261261	-0.00993468793233	-0.0057169568951	0.00148734113089	0.00409520410524	-0.00247605384557	-0.00238153347128	0.00957744095053	0.00123327376073	-0.00129443123751	-0.00168190889272	0.00219307323384	-0.00429714900765	0.00410294196641	-0.00460203078424	0.00347577947355	-0.00304987434017	0.00341721630783	-0.0016053784357	-0.00151498295767	-0.00180875289279	0.00516068612965	-0.00204059175943	-0.00366512097799	-0.00462620011206	-0.00700344313351	0.000682817358015	0.00101783226682	0.00214222441939	0.00360035766692	-0.000421916413718	0.0029672186807	0.00249720827741	-0.000260853073887	-0.00244116125131	-0.000844178213072	0.00132606946066	0.000155084263324	0.0	0.0	0.0	0.0	0.0	0.0	0.0	0.0	0.0	0.0	0.0	0.0	0.0	0.0	0.0	0.0	0.0	0.0	0.0	0.0	0.0	0.0	0.0	0.0	0.0	0.0
SG1-TOP-2017-02mt-9am-DNA-4	-0.006893620197	-0.0152311575377	0.0190183764365	-0.0221388509476	0.000437314153556	-0.0113522004063	-0.00373503851689	-0.000606432041509	-0.010069834218	0.000117894094477	-0.00226177399686	0.00152752258707	0.00559843313584	0.00292757078668	-0.00155231157995	0.00545327045165	-1.30262223084e-05	-0.00243127798779	0.00284791931003	0.00276920421192	0.00417004120683	0.0035291406304	0.00561199668527	-0.000949656638904	0.00795089367513	-0.00389433874668	0.00253540525853	0.00181146290323	-0.00286562188982	-0.00402551642279	-0.000665643504193	0.000891303762127	-0.000236908080782	-0.00173082876071	0.0022413414952	0.00135752003242	-0.00364027566994	0.000474277179879	0.0013083354026	-0.00172626675622	-0.000134199448181	0.00204376558021	-0.00109849885142	-0.000725562895775	-8.9985893475e-05	-0.000404180051602	0.0	0.0	0.0	0.0	0.0	0.0	0.0	0.0	0.0	0.0	0.0	0.0	0.0	0.0	0.0	0.0	0.0	0.0	0.0	0.0	0.0	0.0	0.0	0.0	0.0	0.0
SG1-TOP-2017-02mt-8pm-DNA-1	0.0316750962846	-0.0254819210301	0.00135039204323	-0.0017759002118	0.0104326825295	0.00884887717981	0.00601687279917	-0.00645482502544	-0.00761624268647	0.00356061557218	0.00210789025185	0.00502713964808	0.00111237200872	0.000793258245471	0.00640247508037	0.00509615603509	0.00194438086285	0.000267835125034	-0.00284072592326	-0.000459567411662	0.00973364915716	0.00320279985787	-0.00170426216321	0.00242588461948	0.0035850765451	0.00341442319103	0.00496042498423	0.00323454609261	0.00796647576782	-0.00100552957354	-0.00184016950225	0.00191674909753	-0.000854858547062	-0.00244630136586	-0.00107224727686	-0.0011428408815	0.00156097629007	-0.00186285696218	-0.00253299423749	0.000427055075667	-0.000367712620056	-0.00184646556898	-0.000926759121119	0.000885996361714	0.000142652717816	0.000179518445396	0.0	0.0	0.0	0.0	0.0	0.0	0.0	0.0	0.0	0.0	0.0	0.0	0.0	0.0	0.0	0.0	0.0	0.0	0.0	0.0	0.0	0.0	0.0	0.0	0.0	0.0
SG1-TOP-2015-06-6	0.0326745849294	0.0220259753226	0.00484155405669	0.0119635478151	-0.00503820744847	0.0318861658831	-4.26066047461e-05	-0.00343302298992	0.00455531979924	0.00916843752529	-0.00689183139647	0.00756483998453	-0.0019210843575	-0.000238340704207	0.00874568649593	0.000759979661312	0.000124678705721	-0.00448274704572	-0.00270350988773	0.00230159442955	-0.00218300736997	0.00469561982669	-0.00127967154484	0.00206105849193	0.002005725111	-0.00118464798868	0.00548401311474	0.000373501956961	-0.000418484142238	-0.00277070546831	-0.000421165242981	-0.00146800458999	-0.00158378901259	0.00190103093273	-0.0042124002307	0.00325329323314	-0.0004234581063	0.000631324331458	0.000181842308709	-0.000203268199942	0.000470463381987	-0.000857463061005	-0.000849753090987	0.000309045996704	0.000496291865447	0.000147923791935	0.0	0.0	0.0	0.0	0.0	0.0	0.0	0.0	0.0	0.0	0.0	0.0	0.0	0.0	0.0	0.0	0.0	0.0	0.0	0.0	0.0	0.0	0.0	0.0	0.0	0.0
SG1-TOP-2017-02-9am-1	0.00322748206285	0.00335181795781	0.00533287613598	-0.00399782294036	0.00562022229179	-0.00907049068806	0.00846676462691	-0.00671425574863	-0.0131325915548	-0.022115597664	-0.00471677127198	-0.0138595127341	0.00488815615533	0.00540983004816	0.00440516558039	-0.00228729614476	-0.00180779781559	-0.00402206285632	0.000493453189713	6.48560990865e-05	0.00565074120215	-0.00549629757245	0.000621415789977	0.00162244808335	-0.00181247151771	0.00217503541323	0.00376316559627	-0.00428718395257	-0.00183163067388	-0.000685800588349	0.0015479026234	-0.00138851876266	0.00022049211867	0.000896525326902	-0.00300300434136	0.00454560131604	0.00244972030593	0.000865350453449	-0.00220365646332	-0.00151351141242	-7.44573445438e-05	-0.00161401071175	9.61048839642e-06	0.000357335543065	-0.00103482580054	-0.000355205039132	0.0	0.0	0.0	0.0	0.0	0.0	0.0	0.0	0.0	0.0	0.0	0.0	0.0	0.0	0.0	0.0	0.0	0.0	0.0	0.0	0.0	0.0	0.0	0.0	0.0	0.0
SG1-TOP-2016-02mt-2-2	-0.0511244992438	-0.0146583489466	-0.00194792906251	0.00293640752967	0.00961816544219	-0.0160042916354	-0.00479864093569	-0.00618133044397	-0.00566942075859	0.00543735596604	0.00623911254367	0.0093933681335	-0.0168247560344	-0.000359057643162	-0.00220555385238	0.00471312252574	0.000230716709324	0.0066102986383	-0.00171147322354	-0.00232108260006	-0.000228678453155	-0.00422635814704	0.000922469012485	-0.0038182539489	0.00124295945592	-0.000734758402936	0.00146981762186	0.00217005958432	0.000659828408966	0.000554690430805	0.00157794607298	0.000121195174981	0.00373460684424	0.00106454144363	-0.0004686970095	0.00107372095906	-0.00253316676465	-0.0012025131369	-0.00343163062516	0.00182535730552	0.00153519724618	-0.00227878476256	0.00132792430136	-0.00170242233175	0.000864370150976	-0.000389832453514	0.0	0.0	0.0	0.0	0.0	0.0	0.0	0.0	0.0	0.0	0.0	0.0	0.0	0.0	0.0	0.0	0.0	0.0	0.0	0.0	0.0	0.0	0.0	0.0	0.0	0.0
SG1-TOP-2014-09-3	0.0575221817772	0.0269039001532	-0.0156814181164	-0.00459784373939	-0.0124991637089	0.011945871446	-0.00372113542443	0.00619342909239	0.00421494092021	0.00393550763585	0.00905026183974	-0.00212185613362	0.00920841263035	-0.0165337739942	0.0012659998744	0.00528948846008	0.00301060571806	-0.00715648114199	-0.00694948342085	-0.00485450373073	0.00191962695141	-0.00832824351632	0.00129146710972	-0.00691475857685	-0.000726940110579	0.0043133553812	-0.00391518177943	-0.000681645283701	-0.000833639042129	-7.72401010038e-05	-0.000272303523285	0.00171829112338	0.00110972537284	0.00268326465967	0.00124152914819	-0.00276578373902	0.00154539700315	0.00113873880304	-1.97586112954e-05	0.000519534053614	0.00118758673067	-0.000450899191538	-0.00110127754078	8.29184904605e-05	7.82069189459e-05	-0.000412193006236	0.0	0.0	0.0	0.0	0.0	0.0	0.0	0.0	0.0	0.0	0.0	0.0	0.0	0.0	0.0	0.0	0.0	0.0	0.0	0.0	0.0	0.0	0.0	0.0	0.0	0.0
SG1-TOP-2014-09-8	0.00781899511951	0.0283945004155	-0.00756840639451	-0.0203646783083	0.0120447569899	-0.0176373643462	0.0238471136215	0.0107876118597	-0.0038585013944	-0.00631288205271	-0.00561013320405	0.011695400038	0.00972307296326	-0.00793346977283	0.0084069466639	0.000846197294482	-0.000324103019107	0.0019379436833	0.00119431489511	-0.00333358429076	0.00545157558615	0.00219738196283	-0.00348928212999	-0.00461460536587	-0.00270867749902	-0.00362723068187	-0.000350952666053	0.00380042070274	-0.00213678549186	9.16407742864e-05	-0.00159590877487	-0.000646941124117	-0.00138387934402	0.000190242145876	0.00277654492506	-0.000728182223548	0.00235258220209	-4.74256406079e-05	0.00198959640502	0.000636777447363	-3.27775195691e-05	0.000795779824156	0.000982021507889	0.000589728757346	-2.78465216192e-05	-1.29900916601e-05	0.0	0.0	0.0	0.0	0.0	0.0	0.0	0.0	0.0	0.0	0.0	0.0	0.0	0.0	0.0	0.0	0.0	0.0	0.0	0.0	0.0	0.0	0.0	0.0	0.0	0.0
SG1-TOP-2015-06-1	0.0892736234988	0.0377755291735	-0.0301458515408	0.00591873524793	-0.0203674674394	-0.012062477264	-0.000989149658022	0.00473420049546	-0.00500377308132	0.00556623589943	-1.13331167164e-05	-0.0045186238596	0.000573709841881	0.00982212776454	0.00659544207292	0.00355700522216	0.00777931327089	0.00969457688186	0.00650573401484	-0.00138545753378	0.00357711705782	-0.00368837909774	0.000388304645089	-0.00371076694333	-0.00598027185072	-0.00138509781943	0.00198484101204	-0.00119714320601	0.00111180555924	0.00315953583145	0.00168321489478	0.00367033443529	-0.0012306548342	-0.00017033338475	0.000276938020709	-0.000410431414502	-0.000492641834864	8.87566973344e-05	-0.000752624085967	-0.00123021421427	-0.000406891402406	0.00100019324976	-0.000192110118004	0.00104968985888	0.00095886207252	-6.25140012254e-05	0.0	0.0	0.0	0.0	0.0	0.0	0.0	0.0	0.0	0.0	0.0	0.0	0.0	0.0	0.0	0.0	0.0	0.0	0.0	0.0	0.0	0.0	0.0	0.0	0.0	0.0
SG1-TOP-2016-02-1a	-0.0649266482706	0.00489739739013	0.0102222489997	0.0248981072652	0.0123103075995	-0.0126313506188	0.0012818050839	0.000545963242473	-0.0066688576388	0.00994367072164	-0.00818821284197	-0.0155470034944	-0.00191425105624	-0.0131915051208	0.00398981703311	0.00225508079558	0.00132258251086	0.00422283955462	-0.00800365334509	0.00765917595993	0.00121228055214	-7.94770848031e-05	-2.46103840753e-06	0.00163567104588	-0.00135760221138	-0.00248227893188	0.002021153702	0.000943803666552	0.00120884917374	-0.000734145540386	0.000958653193735	-0.00187729592343	-0.00292333719629	0.00393159717614	-0.00314129937563	-0.00146749400617	-0.000194605664354	0.00171095821621	0.000959907790753	-0.000729761995461	-0.000690786357692	0.00114311202636	0.000307864080829	1.13230741816e-05	-1.66651566335e-05	0.00022260415894	0.0	0.0	0.0	0.0	0.0	0.0	0.0	0.0	0.0	0.0	0.0	0.0	0.0	0.0	0.0	0.0	0.0	0.0	0.0	0.0	0.0	0.0	0.0	0.0	0.0	0.0
SG1-TOP-2014-09-7	0.0443416977914	0.0232985150795	-0.0164619641108	-0.00951508015879	-0.00523309975495	0.00608094758238	0.02856595129	-0.0141732458046	0.0054298059595	0.0159023755485	-0.00665103128986	-0.000575286707692	-0.00685856206949	0.000270301653615	-0.00449843861678	-0.00216589053824	0.00122127949198	0.00194605800217	0.000195619783907	-0.00431551019422	0.00311415954661	0.00432552184383	-0.00414490965528	-0.00116766145098	0.00266035563111	0.00326926005744	0.000154632416641	0.00084785127994	0.000563059770343	0.00306786254531	0.00317403348732	-0.00273032122321	-0.002054407383	-0.00115080857172	0.00266703315274	-0.000835902884993	0.000841045631842	0.000576022249763	0.000250712118724	1.84194022693e-05	0.000581482594943	-9.347732932e-05	0.000603901174413	0.000744055848835	-0.000862294538071	0.000180404792073	0.0	0.0	0.0	0.0	0.0	0.0	0.0	0.0	0.0	0.0	0.0	0.0	0.0	0.0	0.0	0.0	0.0	0.0	0.0	0.0	0.0	0.0	0.0	0.0	0.0	0.0
SG1-TOP-2016-02mt-17b	-0.0745842625642	0.00386447136054	0.00573380617718	0.00764541159076	-0.00302558908565	0.00153281759013	-5.81354904069e-05	-0.00950516864335	0.00233885072237	-0.000420504949249	-0.00734571737793	0.00638317976185	0.00159186623787	-0.00109253620269	-0.0131617805282	-0.00248568978308	4.17062651824e-05	-0.00420612247297	0.0103873297176	0.00838532443656	-0.00708314844444	0.00233717159892	-0.00574052523915	-0.00980573409425	0.00140807017146	0.00187419946559	0.00300756783805	-0.00200393182808	0.00129559514201	-0.00228439890772	-0.000863996831251	0.000267162496196	0.00130914410073	0.00344820521336	0.00285729362972	-3.08640258889e-05	0.00282467511603	-2.57895026226e-05	-0.00324800438245	0.0023622542616	-0.000661575739229	0.000973265552647	0.00206977053779	-7.38477936324e-05	-0.0005005115149	0.000427166077823	0.0	0.0	0.0	0.0	0.0	0.0	0.0	0.0	0.0	0.0	0.0	0.0	0.0	0.0	0.0	0.0	0.0	0.0	0.0	0.0	0.0	0.0	0.0	0.0	0.0	0.0
SG1-TOP-2016-02mt-13a	-0.0725201606807	-0.00902184634468	-0.00109995386524	0.000146880218672	-0.00846735474913	0.0034924819059	-0.00321942167714	-0.00859004579561	0.00555130850094	-0.000319570526172	0.00170551627847	-0.00194443726203	-0.00233926194678	-0.0139626338925	0.0119314625576	-0.00651950592198	-0.00415047725607	0.00487635760233	0.00901084138033	0.00192570341107	0.00205871823224	4.20291727778e-05	0.00221891533005	0.00317105359685	0.000216517821231	-0.000818566283212	0.00146416887056	0.000651830070415	0.000786793477039	0.00447925541971	-0.00555927802038	-3.59891251469e-05	0.00495668280692	0.00266765542855	0.00100434164008	0.000555448637121	0.00114227785271	0.0013013806588	-0.000667087610621	-0.00141868203274	0.0024519574397	0.00111241324499	-0.00203002696967	-0.00144391587157	-0.00073027535531	0.000311049653284	0.0	0.0	0.0	0.0	0.0	0.0	0.0	0.0	0.0	0.0	0.0	0.0	0.0	0.0	0.0	0.0	0.0	0.0	0.0	0.0	0.0	0.0	0.0	0.0	0.0	0.0
SG1-TOP-2016-02mt-2-2-O	-0.0569637633143	-0.0018859599747	-0.0314512830569	-0.000199203363614	0.0275578252609	-0.0103075380459	-0.00286779009022	0.0141941600374	-0.00413756743737	0.00676917462492	0.00345605296311	0.00660821999657	-0.00805241863554	-0.00187062124358	-0.00364710831925	-0.0013005556537	-0.00329387120316	-0.00392471308707	-0.00892161964716	0.00246544211628	0.00261152021384	0.000535221268815	0.00384219300044	0.00155003209823	-0.0026667062953	0.00145684309629	0.00354178361543	-0.00670310177819	0.000572628097721	0.000485187603751	-0.00190732563787	0.000364938167221	0.00132108891627	-0.000241353020941	0.00329174826245	-0.00143097713961	0.000978378958608	0.0014478090956	0.000628233538668	-0.00107591622798	-0.00125303899495	0.000474103557406	-0.00120938808838	0.00144664770134	-0.00127878982034	0.000622772852189	0.0	0.0	0.0	0.0	0.0	0.0	0.0	0.0	0.0	0.0	0.0	0.0	0.0	0.0	0.0	0.0	0.0	0.0	0.0	0.0	0.0	0.0	0.0	0.0	0.0	0.0
SG1-TOP-2016-02mt-13b	-0.0628549699556	-0.00944323647828	-0.00343247984585	-0.00546481698214	-0.000915927106444	0.0111135423836	-0.00335492987053	-0.010299323506	-0.00505694717014	-0.00136243005214	-0.00823761897412	-6.40168496838e-05	-0.00279611669285	-0.00221378064698	0.00238229163499	0.00252742476994	0.000932937176133	0.00250736359213	0.00309982124405	-0.000991432089138	-0.00341571958154	-0.00165180908266	0.000940963210494	5.4635461716e-05	-0.00409191361727	-0.00721270050208	0.00151224270411	0.00167881043823	1.47832790032e-06	-0.00684434251302	0.00198246774776	-0.00342571986399	0.00175927072505	-0.000249224725636	0.00171868417562	-0.00221918319292	0.00102876303625	-0.000599506847678	0.000864594513925	-0.00201306336054	0.00208060648103	-0.00166708176236	-0.00078730935179	0.00404752290306	-0.00015656404149	0.000173443630646	0.0	0.0	0.0	0.0	0.0	0.0	0.0	0.0	0.0	0.0	0.0	0.0	0.0	0.0	0.0	0.0	0.0	0.0	0.0	0.0	0.0	0.0	0.0	0.0	0.0	0.0
SG1-TOP-2016-02-17a	-0.074243166151	-0.0121353613019	-0.016179720248	-0.0032421396389	-0.0142629927859	-0.0034285868108	-0.000902898679393	0.0054564053541	-0.0128899065527	-0.00899848310735	0.0122872620595	-0.00593735752057	-0.00267206986496	0.00304633292619	0.00185628503998	-0.00363403908127	0.00440338602835	-0.00294478800195	0.000759233005597	0.0016567054875	-0.00133036277313	0.00632100640612	-0.0050675177982	-0.000356517062941	0.000936618615341	-0.0017218652714	-0.00439163255872	-0.00472125088507	0.00125952840423	-0.000755391538968	0.00461319146457	-0.001899091073	-0.00277889735952	0.00239771592206	-0.000507033506422	-0.0036208656571	0.00289228420224	-9.22604829239e-05	-0.00280492845164	-0.000716190436753	-0.00103106641856	0.000234296549987	-0.000216464318076	-0.00115579232884	0.00040000893273	0.000288826500593	0.0	0.0	0.0	0.0	0.0	0.0	0.0	0.0	0.0	0.0	0.0	0.0	0.0	0.0	0.0	0.0	0.0	0.0	0.0	0.0	0.0	0.0	0.0	0.0	0.0	0.0
SG1-TOP-2016-02-9b	-0.113274422298	-0.0045740208229	0.0160475113905	0.00762666829088	-0.0299011906332	-0.00730010407764	0.0151481038958	0.0203567783879	-0.00452534865215	0.0100777774413	-0.00431794488947	-0.00288722710459	0.00336218225083	0.00477153692853	-0.00331309799253	-0.00243473039465	0.00219360732504	-0.00265659822003	-0.00297759528154	-0.00977171861722	-0.00525096811381	-0.000285892344209	-0.00135758920883	0.00386675345933	-0.00216469990488	-0.00212823732903	0.00297793913569	0.000620080625672	-0.000159403745917	-0.00107979651536	-0.00316838381433	0.00138026208755	0.00120418640967	0.000587913196375	0.000476470420369	-0.00064333585194	-0.00111860235789	-0.000234056022129	-0.00090664446542	0.000446593819046	0.000434835538661	-0.00100460161127	-0.000652017757374	-0.000550166432982	-0.000726389452198	-0.000189118854743	0.0	0.0	0.0	0.0	0.0	0.0	0.0	0.0	0.0	0.0	0.0	0.0	0.0	0.0	0.0	0.0	0.0	0.0	0.0	0.0	0.0	0.0	0.0	0.0	0.0	0.0
SG1-TOP-2016-02mt-1a	-0.0540510239998	-0.00815174165619	0.00940382816927	0.00675871729393	0.00976564969329	-0.00393399603698	-0.00861936308703	-0.00850106571488	0.00421139147907	0.00731881675429	-0.00313398468204	-0.00423693996535	-0.000806370293113	-0.00776063562153	0.000281876471219	0.00169298536319	0.00154245909464	0.00532154289042	0.000374477631817	-0.00700951655483	-0.000983454128033	0.000425390556003	0.000768005571555	-0.00527128059299	-0.00508022956304	-0.00430959247927	-0.00607903754106	-0.001932792835	0.00286056799918	-0.00100203655992	0.00479697115646	0.00375742235039	-0.00250728688504	-0.00513613325821	-0.00120678465853	0.00295479846968	-0.000536059879893	-0.000402582547552	-0.000848172711278	0.00165524402534	-0.00181964574816	-0.00091913855062	-0.000883930215736	0.000684190879027	-0.00178627118813	-0.000386607739451	0.0	0.0	0.0	0.0	0.0	0.0	0.0	0.0	0.0	0.0	0.0	0.0	0.0	0.0	0.0	0.0	0.0	0.0	0.0	0.0	0.0	0.0	0.0	0.0	0.0	0.0
SG1-TOP-2016-02-9a	0.00410145717621	0.00240764828587	0.00685778586568	0.00476390995037	0.00876813943139	6.01773943632e-05	0.0114104783901	0.00499546312026	0.00529102594789	-0.0164153896812	-0.00118719517193	-0.0142840132722	-0.0114467306802	0.00390210424223	0.00160761945074	0.00540521789745	0.007476766987	0.00189108419685	-0.000754136119383	0.00314484601427	-0.00227253982332	-0.00217705860875	-0.00173724869778	-0.000741245830133	0.00634431073733	-0.00227928552008	0.00129648561049	0.0024556882765	0.00332041809599	0.0041410113155	0.000352251421499	-0.00268445707127	0.000582516977901	0.000212571538415	0.00218996569694	-0.00321322463698	-0.00254983657073	0.000332393336432	0.000268337715607	0.00422522826487	-0.000257586431797	0.000920353261127	-0.00209598641031	0.000791968771101	-0.000108360216168	0.000131193468111	0.0	0.0	0.0	0.0	0.0	0.0	0.0	0.0	0.0	0.0	0.0	0.0	0.0	0.0	0.0	0.0	0.0	0.0	0.0	0.0	0.0	0.0	0.0	0.0	0.0	0.0
SG1-TOP-2015-06-2	0.0107592047192	0.0491089196453	0.0256558498264	0.00205288517544	-0.00206685815672	0.00216179673707	-0.000938895922939	0.00379166343395	-0.00339296327435	-0.00220261373517	-0.00217410838552	0.00765878014765	0.000108382616231	-0.00413030347078	0.00435444122426	-0.000287331202901	-0.00741774910939	0.00132611470853	0.00186340476913	0.00394745722155	-0.00551217467069	-0.00416864138835	-0.00878189719703	-0.00132234133283	-0.000459530355112	-0.00366579606027	0.000183965332479	-0.00363860462868	0.00273099131416	-2.033685668e-05	0.00355762932056	0.00831433513785	0.000225623493509	-0.000647656514202	0.0011198463211	0.00101796593149	-0.0019033096114	0.000296418181039	0.000665184072725	0.000182352294723	-0.000635889070546	-7.91704629381e-06	-0.00339583439919	-0.000402999919525	0.000286146097041	0.000364651776366	0.0	0.0	0.0	0.0	0.0	0.0	0.0	0.0	0.0	0.0	0.0	0.0	0.0	0.0	0.0	0.0	0.0	0.0	0.0	0.0	0.0	0.0	0.0	0.0	0.0	0.0
SG1-TOP-2016-02-1b	-0.0813662581187	0.0108686073792	-0.00931488888168	0.0140160095069	-0.00242105721957	0.00190929806875	0.00763173212164	-0.00415580153314	0.0040534426381	-0.00891129070612	-0.0055257063617	0.00333210825711	-0.0101650768374	0.00818612588421	-0.000171812510209	-0.0031248194021	-0.0074343162132	-0.00966160587334	0.00386476983529	0.00181214987974	0.0082314637751	0.00254253857629	-0.000128725295144	-0.00150762271029	0.000305995614387	-0.000232457717198	-0.00399701702124	0.0011111019238	0.000227774795125	0.00513176764983	0.00162134859748	0.00386424241061	-0.00227840299877	-0.000190286759002	-0.00288358872838	-0.000958111635374	0.00049035908657	-0.00221423015128	0.00286511985917	-0.000709558259784	0.00187403134646	-0.000356746660652	-0.000619025331883	3.54746589726e-05	0.000131236102843	-0.000383195598541	0.0	0.0	0.0	0.0	0.0	0.0	0.0	0.0	0.0	0.0	0.0	0.0	0.0	0.0	0.0	0.0	0.0	0.0	0.0	0.0	0.0	0.0	0.0	0.0	0.0	0.0
SG1-TOP-2016-02-13a	-0.0859211329721	-0.00525540013957	-0.00917313486377	0.00615207386921	-0.00743634342664	0.00758968707823	0.00563286581794	0.000103708539814	0.00400243106671	-0.008811849054	0.00916459161813	-0.0101205699139	-0.00744249005713	-0.00708138607227	0.0137271839942	0.000919174470828	0.00604704789487	-0.00494009636092	0.00130796945454	0.00341488431511	-0.00520217650038	0.0023303060022	0.00447284886887	-0.00655644698331	0.0023045064886	0.00608883817665	0.00225306425109	5.26464589422e-05	-0.00388612542515	-0.000933445518278	-0.000569386748792	0.00285626976817	-0.000385287228279	-0.00273049876188	0.00271128952142	0.00207844953437	-0.00343701165812	-0.000859091834877	0.000172607632582	0.000336353263717	-0.000584803988019	-0.000357192472504	0.00120010456818	0.000492522096586	6.48342080949e-05	-0.000342774493777	0.0	0.0	0.0	0.0	0.0	0.0	0.0	0.0	0.0	0.0	0.0	0.0	0.0	0.0	0.0	0.0	0.0	0.0	0.0	0.0	0.0	0.0	0.0	0.0	0.0	0.0
SG1-TOP-2015-06-4	0.00314251759791	0.0592866976378	0.0152317389479	-0.00734230660417	-0.00926637819321	-0.00778361095664	-0.0116838981028	-0.0028903908281	-0.014393587653	0.0113156222034	-0.00482351477931	-9.81296801543e-05	-0.000622177369311	0.00711646261483	-0.00760136303894	0.00547619735794	0.0139226765807	-0.00221915021009	0.00323326271131	0.00405794228946	-0.00106839235097	-0.00204638437066	0.000670992166843	0.00363002523354	0.000571648521249	0.00192914364449	0.000191488845962	0.000244778123509	0.00171873313301	0.00157040187501	0.000795441614356	-0.000295084534961	0.00179440302818	-0.00154673082488	0.0016475078648	0.000816917922211	0.00157216863867	0.000401853490685	0.000816672319712	-0.00186903564096	0.00125577548426	0.000844604210651	0.000252465641612	0.000103430061596	-0.000182098933248	0.000199525609249	0.0	0.0	0.0	0.0	0.0	0.0	0.0	0.0	0.0	0.0	0.0	0.0	0.0	0.0	0.0	0.0	0.0	0.0	0.0	0.0	0.0	0.0	0.0	0.0	0.0	0.0
SG1-TOP-2014-09-4	0.026700573776	0.0282900001992	-0.00563235588474	-0.0170933364698	0.00766484900154	0.00661587850685	0.0151037133382	0.0023277807798	0.00481738722776	0.0103307674612	0.00512035625616	-0.00919657480359	0.00558686328508	0.00817860025644	0.00260927392639	-0.00233449607406	-0.000329922797934	0.002189513958	0.00135893702716	0.0102368334732	-0.00506135433322	-0.00137279400633	0.00100100785471	-0.000333564261449	-0.00943348711579	0.000698304830941	0.00145894639437	0.000632276412332	-0.000568508646285	0.00028982077106	-0.00248834598328	-0.00357112873253	0.000905275026001	-0.00175355779153	-0.00374307063917	-0.000578603117191	-0.00339708759732	-0.000173916565429	-0.00125361862701	-0.000414407317135	-0.000375312466951	-0.000719385712385	-0.000995126636999	-0.00207983739899	-0.000331367530183	0.000123005036938	0.0	0.0	0.0	0.0	0.0	0.0	0.0	0.0	0.0	0.0	0.0	0.0	0.0	0.0	0.0	0.0	0.0	0.0	0.0	0.0	0.0	0.0	0.0	0.0	0.0	0.0
SG1-TOP-2017-02-9am-2	0.044408287623	-0.00377701307531	-0.00677161406218	0.0176226837228	0.00824428866625	0.000381743358444	0.0209425830524	0.00610972261826	-0.0184761372969	-0.00457946541206	-0.000760558751155	-0.0044736451729	0.0034742236523	0.00407289840986	-0.000737374805273	0.00309565998408	-0.00631277745071	-0.0086279548061	-0.00243375621325	-0.00360855294412	-0.00990532523325	0.00839633388227	0.000799635198845	0.00108098382411	-0.00187560389705	-0.000227262543157	-0.00262730635972	0.00043856349991	0.00148159707398	-4.82636528196e-05	-0.000810048179958	0.00330128995144	0.00192743927543	0.000573912971327	0.00240787073119	0.00126077528426	-0.00124188245377	-0.00145161923547	-2.18300207663e-05	-0.00242427019954	5.70332605569e-05	-0.00153711223052	0.00014988640354	-0.000143709277166	0.000788560193854	0.000239576457597	0.0	0.0	0.0	0.0	0.0	0.0	0.0	0.0	0.0	0.0	0.0	0.0	0.0	0.0	0.0	0.0	0.0	0.0	0.0	0.0	0.0	0.0	0.0	0.0	0.0	0.0
SG1-TOP-2016-02-13b	-0.0877850117523	-0.00262815035492	-0.0101187560424	-0.00391514125245	-0.0179477067044	0.0123277074235	0.00499536578022	-0.00969556699451	-0.017117736627	-0.00885061446948	-0.00642603499449	-0.00183790015575	0.00657255996443	-0.00444446772431	-0.00807017961232	-0.0011014060015	-0.0065157374725	0.00430899808198	-0.00400945028803	-0.000377432121105	0.00565359345745	-0.00319958133586	0.00324609608677	0.000357772725653	-0.000784479980033	8.40212030737e-05	-0.00278805918797	0.000150872151682	0.000395426524376	0.00267640587755	-0.0012230921794	-0.00187105582685	0.0017445837713	-0.00513487974939	-0.000174946017959	0.00139054927153	-0.00180652776057	-0.0002627588722	0.000660787672963	0.00201866375289	0.000369414799286	-0.000954255392629	0.00202224439646	5.46701496201e-05	0.00038928186259	0.000175479030004	0.0	0.0	0.0	0.0	0.0	0.0	0.0	0.0	0.0	0.0	0.0	0.0	0.0	0.0	0.0	0.0	0.0	0.0	0.0	0.0	0.0	0.0	0.0	0.0	0.0	0.0
SG1-TOP-2016-02mt-1b	-0.0584600650434	0.00328081590791	-0.00352366645414	0.000689857325031	0.00502404660082	0.00414048876576	-0.00296510941784	-0.0113643357687	0.00640730879997	-0.00167566725746	-0.00894680499021	0.0040869875995	-0.0104625611099	0.0041323441222	0.000416601885986	-0.000465656854568	-0.00130251209361	-0.00729304183392	0.0047415234485	-0.012509788561	0.00155188895066	-0.00726158573575	-0.00154604605971	0.000847714662325	-0.00517149317943	-0.00346758754299	0.00074815650317	0.00109698560341	0.000172588706854	-0.00154463231133	-0.00296247268189	-0.00172183231754	-0.00330550560176	0.00211230320654	0.000123859169625	-0.00258221976325	-0.0028931151625	0.00391332313005	0.00130027117759	-0.00174817951182	-0.00240932351303	0.000768746111847	-5.33844952934e-05	-0.00181245577226	0.00105903831308	7.1439041355e-05	0.0	0.0	0.0	0.0	0.0	0.0	0.0	0.0	0.0	0.0	0.0	0.0	0.0	0.0	0.0	0.0	0.0	0.0	0.0	0.0	0.0	0.0	0.0	0.0	0.0	0.0
SG1-TOP-2016-02-17b	-0.0994988370653	0.0176378293863	-0.00966230938295	0.0217270550657	-0.0137888455791	-0.0016129778419	0.015580607217	-0.00312360014213	0.0144601155925	-0.00678893228648	0.00475298795396	0.0025838229724	0.00948567605344	-0.00340615875429	-0.0124811667022	0.00401416544562	0.00513165915848	0.00823085069822	0.000611663754542	-0.00146358453703	0.00124228229016	-0.000664395574241	0.00410782713908	0.00576138084428	0.00247155306924	0.000948836296539	-0.00112859854727	0.000779981532048	-3.13655036139e-05	-0.00410727622149	-0.000687754554141	-0.000262342385551	0.00185437188948	-0.00103654193258	0.000537215552521	-0.000837550815884	-0.00114586593179	0.00157396912325	7.98628617518e-05	-0.000692340549202	-7.93744242374e-06	-0.000424732736643	-0.00136881299338	0.000116578389722	0.000148125960249	1.64894499793e-05	0.0	0.0	0.0	0.0	0.0	0.0	0.0	0.0	0.0	0.0	0.0	0.0	0.0	0.0	0.0	0.0	0.0	0.0	0.0	0.0	0.0	0.0	0.0	0.0	0.0	0.0
SG1-TOP-2015-06-5	-0.00228654298066	0.0465452148374	0.0186216200203	-0.00575972509006	0.00770224588666	0.00562048601143	-0.0134353283141	0.00494700065699	-0.0121279336373	-0.00708655135619	-0.000669061488503	0.00817734704839	0.0019668604181	-0.00146330967381	0.00465421725888	0.00468285991584	0.00719796766589	0.00621989237502	0.00351241395656	-0.00256295935398	0.00477643979678	0.00663497574482	0.00204654431251	-0.00725969859961	0.000942005500391	0.000729522369033	-0.00194547023924	-0.000871908441761	-0.00235495130868	0.000844633814414	-0.00490307738189	-0.000723858155675	-0.0014238472402	0.00157489308949	-0.00246571368016	-0.00217880628494	-0.00170675631379	-0.00251030757715	0.000593113665555	-0.00122401139425	-0.000104768251042	-0.00177697681235	0.000626842682221	-0.00130345209739	-0.000567540845292	0.000341194525169	0.0	0.0	0.0	0.0	0.0	0.0	0.0	0.0	0.0	0.0	0.0	0.0	0.0	0.0	0.0	0.0	0.0	0.0	0.0	0.0	0.0	0.0	0.0	0.0	0.0	0.0

Biplot	0	0

Site constraints	0	0
